RTKey	Lat	Lon	Alt	Unixtime	Sector
6129079.0	38.38048139999999	3.1662737999999995	31100.0	1675141860.0	LECBBAS
6129079.0	38.32162139999999	3.1541802	31100.0	1675141890.0	LECBBAS
6129079.0	38.2612776	3.1487376000000005	31100.0	1675141920.0	LECBBAS
6129079.0	38.20026640000001	3.1495502000000006	31100.0	1675141950.0	LECBBAS
6129079.0	38.13910419999999	3.1509206	31100.0	1675141980.0	LECBBAS
6129081.0	40.32088579999999	6.321808	32380.0	1675141860.0	LFMMZZ
6129081.0	40.34039980000001	6.4130814	31180.0	1675141890.0	LFMMZZ
6129081.0	40.359594	6.503843600000001	30080.0	1675141920.0	LFMMZZ
6129081.0	40.3788364	6.5950546	28880.0	1675141950.0	LFMMZZ
6129083.0	39.4348462	1.879116	25940.0	1675142190.0	LECBBAS
6129083.0	39.444903800000006	1.9571334	25040.0	1675142220.0	LECBBAS
6129106.0	39.03210940000001	1.8677332	38000.0	1675142820.0	LECBBAS
6129106.0	39.0565776	1.9517894	38000.0	1675142850.0	LECBBAS
6129106.0	39.08086899999999	2.0353938000000005	38000.0	1675142880.0	LECBBAS
6129106.0	39.10508220000001	2.1188654	38000.0	1675142910.0	LECBBAS
6129106.0	39.12917079999999	2.2023550000000003	38000.0	1675142940.0	LECBBAS
6129106.0	39.15318439999999	2.2860498	38000.0	1675142970.0	LECBBAS
6129106.0	39.177290600000006	2.37019	38000.0	1675143000.0	LECBBAS
6129106.0	39.201407800000005	2.4545296000000008	38000.0	1675143030.0	LECBBAS
6129106.0	39.22547719999999	2.5393251999999995	38000.0	1675143060.0	LECBBAS
6129106.0	39.24956279999999	2.6240762000000006	38000.0	1675143090.0	LECBBAS
6129106.0	39.273348	2.708514599999999	38000.0	1675143120.0	LECBBAS
6129106.0	39.2968992	2.7932548	38000.0	1675143150.0	LECBBAS
6129106.0	39.3208996	2.8779852	38000.0	1675143180.0	LECBBAS
6129106.0	39.34463539999999	2.9633000000000007	38000.0	1675143210.0	LECBBAS
6129106.0	39.36845999999999	3.0483152	38000.0	1675143240.0	LECBBAS
6129106.0	39.392408800000005	3.1334206	38000.0	1675143270.0	LECBBAS
6129106.0	39.4168502	3.2181611999999995	38000.0	1675143300.0	LECBBAS
6129106.0	39.44714000000001	3.2998179999999997	38000.0	1675143330.0	LECBBAS
6129106.0	39.4826068	3.377206400000001	38000.0	1675143360.0	LECBBAS
6129106.0	39.51799320000001	3.4544046000000006	38000.0	1675143390.0	LECBBAS
6129106.0	39.55338960000001	3.5316474	38000.0	1675143420.0	LECBBAS
6129106.0	39.58884500000001	3.6092224	38000.0	1675143450.0	LECBBAS
6129106.0	39.62410859999999	3.686386	38000.0	1675143480.0	LECBBAS
6129106.0	39.65931220000001	3.7637312	38000.0	1675143510.0	LECBBAS
6129106.0	39.69439760000001	3.841240800000001	38000.0	1675143540.0	LECBBAS
6129119.0	39.38894600000001	1.8574254000000003	32000.0	1675142340.0	LECBBAS
6129119.0	39.39187239999999	1.9482412	32000.0	1675142370.0	LECBBAS
6129119.0	39.3945438	2.038381600000001	32000.0	1675142400.0	LECBBAS
6129119.0	39.397195	2.1279610000000004	31540.0	1675142430.0	LECBBAS
6129119.0	39.4003554	2.217684399999999	29680.0	1675142460.0	LECBBAS
6129119.0	39.40336960000001	2.3087980000000003	28140.0	1675142490.0	LECBBAS
6129119.0	39.40595	2.3982096000000004	26860.0	1675142520.0	LECBBAS
6129119.0	39.40841040000001	2.4856952000000003	25640.0	1675142550.0	LECBBAS
6129122.0	39.116593400000006	2.5104134	35000.0	1675141860.0	LECBBAS
6129122.0	39.06434320000001	2.4699418000000004	35000.0	1675141890.0	LECBBAS
6129122.0	39.01203299999999	2.4296107999999994	35000.0	1675141920.0	LECBBAS
6129122.0	38.95982599999999	2.3892728000000005	35000.0	1675141950.0	LECBBAS
6129122.0	38.9076688	2.3489834000000007	35000.0	1675141980.0	LECBBAS
6129122.0	38.855522400000005	2.3088386	35000.0	1675142010.0	LECBBAS
6129122.0	38.8033406	2.2687479999999995	35000.0	1675142040.0	LECBBAS
6129122.0	38.7511602	2.2287516000000003	35000.0	1675142070.0	LECBBAS
6129122.0	38.69891499999999	2.1887234	35000.0	1675142100.0	LECBBAS
6129122.0	38.64656120000001	2.148705800000001	35000.0	1675142130.0	LECBBAS
6129122.0	38.594171	2.108767399999999	35000.0	1675142160.0	LECBBAS
6129122.0	38.54176580000001	2.0688636	35000.0	1675142190.0	LECBBAS
6129122.0	38.48939839999999	2.029192	35000.0	1675142220.0	LECBBAS
6129122.0	38.4370986	1.9894902	35000.0	1675142250.0	LECBBAS
6129122.0	38.38482239999999	1.9498476	35000.0	1675142280.0	LECBBAS
6129132.0	39.49029819999999	2.2640998000000003	35000.0	1675141860.0	LECBBAS
6129132.0	39.4612088	2.2003608	35000.0	1675141890.0	LECBBAS
6129132.0	39.4322314	2.1364018	35000.0	1675141920.0	LECBBAS
6129132.0	39.40330599999999	2.0724575999999995	35000.0	1675141950.0	LECBBAS
6129132.0	39.37442979999999	2.008493599999999	35000.0	1675141980.0	LECBBAS
6129132.0	39.34543119999999	1.9445256	35000.0	1675142010.0	LECBBAS
6129132.0	39.31643900000001	1.8807610000000003	35000.0	1675142040.0	LECBBAS
6129132.0	39.28727360000001	1.8166356	34720.0	1675142070.0	LECBBAS
6129132.0	39.25779820000001	1.7524494	33740.0	1675142100.0	LECBBAS
6129133.0	39.97451459999999	4.759049	24780.0	1675142400.0	LFMMZZ
6129133.0	39.992083400000006	4.844021399999999	25300.0	1675142430.0	LFMMZZ
6129133.0	40.01256340000001	4.928392	25880.0	1675142460.0	LFMMZZ
6129133.0	40.0331466	5.0141344	26380.0	1675142490.0	LFMMZZ
6129133.0	40.0532784	5.100499200000001	26880.0	1675142520.0	LFMMZZ
6129133.0	40.0728068	5.187327800000001	27480.0	1675142550.0	LFMMZZ
6129133.0	40.09254600000001	5.274523200000002	27880.0	1675142580.0	LFMMZZ
6129133.0	40.11246619999999	5.3630982	28300.0	1675142610.0	LFMMZZ
6129133.0	40.13261320000001	5.452317600000001	28800.0	1675142640.0	LFMMZZ
6129133.0	40.152457600000005	5.5410156000000015	29380.0	1675142670.0	LFMMZZ
6129133.0	40.17241800000001	5.629577800000002	30080.0	1675142700.0	LFMMZZ
6129133.0	40.1912008	5.714364599999999	30760.0	1675142730.0	LFMMZZ
6129133.0	40.2100442	5.8018504	31260.0	1675142760.0	LFMMZZ
6129133.0	40.2289074	5.889256200000001	31860.0	1675142790.0	LFMMZZ
6129133.0	40.2475032	5.9753254	32560.0	1675142820.0	LFMMZZ
6129133.0	40.2659074	6.061116399999999	33060.0	1675142850.0	LFMMZZ
6129133.0	40.2845306	6.1472488	33460.0	1675142880.0	LFMMZZ
6129133.0	40.3029896	6.233139200000001	33700.0	1675142910.0	LFMMZZ
6129133.0	40.3216276	6.3201418	33960.0	1675142940.0	LFMMZZ
6129133.0	40.3401986	6.407798599999999	34000.0	1675142970.0	LFMMZZ
6129133.0	40.35885600000001	6.495999599999999	34000.0	1675143000.0	LFMMZZ
6129133.0	40.377498200000005	6.584691200000001	34000.0	1675143030.0	LFMMZZ
6129133.0	40.3959746	6.672877800000001	34000.0	1675143060.0	LFMMZZ
6129137.0	39.23012379999999	3.129512	37000.0	1675141860.0	LECBBAS
6129137.0	39.1647838	3.1307876	37000.0	1675141890.0	LECBBAS
6129137.0	39.099061600000006	3.1319448000000003	37000.0	1675141920.0	LECBBAS
6129137.0	39.0335278	3.1332895999999995	37000.0	1675141950.0	LECBBAS
6129137.0	38.967988600000005	3.1345862	37000.0	1675141980.0	LECBBAS
6129137.0	38.90244860000001	3.1359332	37000.0	1675142010.0	LECBBAS
6129137.0	38.8369488	3.1371986	37000.0	1675142040.0	LECBBAS
6129137.0	38.77141259999999	3.1384796	37000.0	1675142070.0	LECBBAS
6129137.0	38.7058574	3.1397796	37000.0	1675142100.0	LECBBAS
6129137.0	38.6403198	3.1411008	37000.0	1675142130.0	LECBBAS
6129137.0	38.57474559999999	3.142393600000001	37000.0	1675142160.0	LECBBAS
6129137.0	38.50930159999999	3.1436810000000004	37000.0	1675142190.0	LECBBAS
6129137.0	38.4438878	3.1449336000000003	37000.0	1675142220.0	LECBBAS
6129137.0	38.37905299999999	3.151092600000001	37000.0	1675142250.0	LECBBAS
6129137.0	38.31468659999999	3.170431	37000.0	1675142280.0	LECBBAS
6129137.0	38.25027279999999	3.192582	37000.0	1675142310.0	LECBBAS
6129137.0	38.1863084	3.2154808	37000.0	1675142340.0	LECBBAS
6129189.0	39.64037499999999	2.1046928	37000.0	1675141860.0	LECBBAS
6129189.0	39.6369888	2.0340243999999994	37000.0	1675141890.0	LECBBAS
6129189.0	39.63341519999999	1.9627146	37000.0	1675141920.0	LECBBAS
6129195.0	40.1261004	3.5554672000000007	37000.0	1675141860.0	LECBBAS
6129195.0	40.0654232	3.5431324	37000.0	1675141890.0	LECBBAS
6129195.0	40.00458940000001	3.5306802	37000.0	1675141920.0	LECBBAS
6129195.0	39.9437912	3.5181355999999995	37000.0	1675141950.0	LECBBAS
6129195.0	39.88273800000001	3.5056486	37000.0	1675141980.0	LECBBAS
6129195.0	39.82133280000001	3.4931098	37000.0	1675142010.0	LECBBAS
6129195.0	39.759957000000014	3.4805554	37000.0	1675142040.0	LECBBAS
6129195.0	39.69871479999999	3.468163400000001	37000.0	1675142070.0	LECBBAS
6129195.0	39.637543	3.4557530000000005	37000.0	1675142100.0	LECBBAS
6129195.0	39.576488200000014	3.4433788000000005	37000.0	1675142130.0	LECBBAS
6129195.0	39.515719	3.4310837999999992	37000.0	1675142160.0	LECBBAS
6129195.0	39.455112	3.4188504	37000.0	1675142190.0	LECBBAS
6129195.0	39.394165	3.4063196	37000.0	1675142220.0	LECBBAS
6129195.0	39.33325299999999	3.3940574	37000.0	1675142250.0	LECBBAS
6129195.0	39.27197200000001	3.3817382	37000.0	1675142280.0	LECBBAS
6129195.0	39.21051360000001	3.3693206	37000.0	1675142310.0	LECBBAS
6129195.0	39.14895260000001	3.3569477999999995	37000.0	1675142340.0	LECBBAS
6129195.0	39.0875266	3.3445894000000003	37000.0	1675142370.0	LECBBAS
6129195.0	39.0261034	3.332237000000001	37000.0	1675142400.0	LECBBAS
6129195.0	38.96462960000001	3.3199094	37000.0	1675142430.0	LECBBAS
6129195.0	38.903140400000005	3.3077116	36520.0	1675142460.0	LECBBAS
6129195.0	38.84222580000001	3.295671	36120.0	1675142490.0	LECBBAS
6129195.0	38.78144259999999	3.2836745999999994	35620.0	1675142520.0	LECBBAS
6129195.0	38.7202718	3.2715302000000004	35120.0	1675142550.0	LECBBAS
6129195.0	38.65873539999999	3.2593034	34620.0	1675142580.0	LECBBAS
6129195.0	38.59696300000001	3.247139600000001	34120.0	1675142610.0	LECBBAS
6129195.0	38.535038400000005	3.2350098000000003	33700.0	1675142640.0	LECBBAS
6129195.0	38.4729	3.2227782	33200.0	1675142670.0	LECBBAS
6129195.0	38.41054499999999	3.2105458	32720.0	1675142700.0	LECBBAS
6129195.0	38.3483962	3.1984302	32220.0	1675142730.0	LECBBAS
6129195.0	38.2862172	3.1862382	31720.0	1675142760.0	LECBBAS
6129195.0	38.22397839999999	3.1740164	31220.0	1675142790.0	LECBBAS
6129195.0	38.16243320000001	3.1618562	30720.0	1675142820.0	LECBBAS
6129220.0	39.7480618	2.7280382	37000.0	1675141860.0	LECBBAS
6129220.0	39.740692	2.6563125999999992	37000.0	1675141890.0	LECBBAS
6129220.0	39.73335900000001	2.5846324	37000.0	1675141920.0	LECBBAS
6129220.0	39.72587800000001	2.5129312	37000.0	1675141950.0	LECBBAS
6129220.0	39.7184274	2.4422134000000004	37000.0	1675141980.0	LECBBAS
6129220.0	39.7109492	2.3714844	37000.0	1675142010.0	LECBBAS
6129220.0	39.70338179999999	2.3001514	37000.0	1675142040.0	LECBBAS
6129220.0	39.6960436	2.2290974	37000.0	1675142070.0	LECBBAS
6129220.0	39.68868520000001	2.157941599999999	37000.0	1675142100.0	LECBBAS
6129220.0	39.6811306	2.0869012	37000.0	1675142130.0	LECBBAS
6129220.0	39.673564000000006	2.0157266	37000.0	1675142160.0	LECBBAS
6129220.0	39.66588459999999	1.944509	37000.0	1675142190.0	LECBBAS
6129233.0	40.30699119999999	3.1322994	37000.0	1675142160.0	LECBBAS
6129233.0	40.24303999999999	3.1292704	37000.0	1675142190.0	LECBBAS
6129233.0	40.1792292	3.126408	37000.0	1675142220.0	LECBBAS
6129233.0	40.115718400000006	3.123621199999999	37000.0	1675142250.0	LECBBAS
6129233.0	40.05239759999999	3.1207988	37000.0	1675142280.0	LECBBAS
6129233.0	39.9892952	3.1181092	37000.0	1675142310.0	LECBBAS
6129233.0	39.925965600000005	3.1151436	37000.0	1675142340.0	LECBBAS
6129233.0	39.8622706	3.116787799999999	37000.0	1675142370.0	LECBBAS
6129233.0	39.798703200000006	3.1179984	37000.0	1675142400.0	LECBBAS
6129233.0	39.7347734	3.1193054	37000.0	1675142430.0	LECBBAS
6129233.0	39.67086019999999	3.1208916000000007	37000.0	1675142460.0	LECBBAS
6129233.0	39.60621840000001	3.1219826	37000.0	1675142490.0	LECBBAS
6129233.0	39.5423312	3.1233004	37000.0	1675142520.0	LECBBAS
6129233.0	39.478468600000014	3.1244659999999995	37000.0	1675142550.0	LECBBAS
6129233.0	39.41481100000001	3.1261358	37000.0	1675142580.0	LECBBAS
6129233.0	39.3511214	3.1277255999999998	37000.0	1675142610.0	LECBBAS
6129233.0	39.2873586	3.1287582000000005	37000.0	1675142640.0	LECBBAS
6129233.0	39.2235344	3.129887	37000.0	1675142670.0	LECBBAS
6129233.0	39.159608	3.1309340000000003	37000.0	1675142700.0	LECBBAS
6129233.0	39.09530200000001	3.1321384000000005	37000.0	1675142730.0	LECBBAS
6129233.0	39.03098219999999	3.1332887999999994	37000.0	1675142760.0	LECBBAS
6129233.0	38.96644900000001	3.1346217999999992	37000.0	1675142790.0	LECBBAS
6129233.0	38.90228719999999	3.1359500000000007	37000.0	1675142820.0	LECBBAS
6129233.0	38.83825319999999	3.1373024000000007	37000.0	1675142850.0	LECBBAS
6129233.0	38.77423500000001	3.1385386000000004	37000.0	1675142880.0	LECBBAS
6129233.0	38.71006400000001	3.1398672000000003	37000.0	1675142910.0	LECBBAS
6129233.0	38.64582740000001	3.1411846000000008	37000.0	1675142940.0	LECBBAS
6129233.0	38.581746200000005	3.142433000000001	37000.0	1675142970.0	LECBBAS
6129233.0	38.5181494	3.143668000000001	37000.0	1675143000.0	LECBBAS
6129233.0	38.4543482	3.1448456000000005	36140.0	1675143030.0	LECBBAS
6129233.0	38.39037979999999	3.1461658	35040.0	1675143060.0	LECBBAS
6129233.0	38.326355000000014	3.1473818	33920.0	1675143090.0	LECBBAS
6129233.0	38.26142779999999	3.1488480000000005	32740.0	1675143120.0	LECBBAS
6129233.0	38.19616439999999	3.1512672000000004	31620.0	1675143150.0	LECBBAS
6129233.0	38.1295708	3.1548816000000004	30440.0	1675143180.0	LECBBAS
6129251.0	39.411594	3.258743800000001	25060.0	1675141980.0	LECBBAS
6129251.0	39.41858180000001	3.1867272	25780.0	1675142010.0	LECBBAS
6129251.0	39.4341094	3.115867	26580.0	1675142040.0	LECBBAS
6129251.0	39.45914440000001	3.0484252	27280.0	1675142070.0	LECBBAS
6129251.0	39.4880386	2.9819808	27980.0	1675142100.0	LECBBAS
6129251.0	39.51705839999999	2.9160011999999997	28760.0	1675142130.0	LECBBAS
6129251.0	39.545681	2.8487086	29480.0	1675142160.0	LECBBAS
6129251.0	39.5746886	2.7819308	30080.0	1675142190.0	LECBBAS
6129251.0	39.60399399999999	2.713762799999999	30480.0	1675142220.0	LECBBAS
6129251.0	39.63354140000001	2.6452102000000006	30880.0	1675142250.0	LECBBAS
6129251.0	39.6636808	2.5753688	31480.0	1675142280.0	LECBBAS
6129251.0	39.69331520000001	2.5067406	32280.0	1675142310.0	LECBBAS
6129251.0	39.72287099999999	2.4379150000000003	32880.0	1675142340.0	LECBBAS
6129251.0	39.75258379999999	2.3683674000000003	33200.0	1675142370.0	LECBBAS
6129251.0	39.782555400000014	2.2979136	33780.0	1675142400.0	LECBBAS
6129251.0	39.8123858	2.2280154	34480.0	1675142430.0	LECBBAS
6129251.0	39.84158239999999	2.1591178	35280.0	1675142460.0	LECBBAS
6129265.0	39.23300780000001	1.819124	33860.0	1675142370.0	LECBBAS
6129265.0	39.22524560000001	1.9053074	34560.0	1675142400.0	LECBBAS
6129265.0	39.2303714	1.9913314	35180.0	1675142430.0	LECBBAS
6129265.0	39.24321320000001	2.075861	35680.0	1675142460.0	LECBBAS
6129265.0	39.2569802	2.1600179999999995	36000.0	1675142490.0	LECBBAS
6129265.0	39.27057140000001	2.2447672	36000.0	1675142520.0	LECBBAS
6129265.0	39.2840918	2.3298753999999997	36000.0	1675142550.0	LECBBAS
6129265.0	39.2974754	2.4150098	36000.0	1675142580.0	LECBBAS
6129265.0	39.3108554	2.499953	36000.0	1675142610.0	LECBBAS
6129265.0	39.32414500000001	2.584911	36000.0	1675142640.0	LECBBAS
6129265.0	39.337275	2.6703224	36000.0	1675142670.0	LECBBAS
6129265.0	39.35024840000001	2.7555186	36000.0	1675142700.0	LECBBAS
6129265.0	39.36353379999999	2.8411956000000007	36000.0	1675142730.0	LECBBAS
6129265.0	39.37678560000001	2.9266215999999994	36000.0	1675142760.0	LECBBAS
6129265.0	39.39000260000001	3.0120793999999997	36000.0	1675142790.0	LECBBAS
6129265.0	39.40319119999999	3.0972201999999998	36000.0	1675142820.0	LECBBAS
6129265.0	39.41618240000001	3.1825651999999995	36000.0	1675142850.0	LECBBAS
6129265.0	39.43514	3.2657676	36000.0	1675142880.0	LECBBAS
6129265.0	39.46757779999999	3.3413458	36000.0	1675142910.0	LECBBAS
6129265.0	39.50065540000001	3.4157357999999998	36000.0	1675142940.0	LECBBAS
6129265.0	39.5344498	3.4901254	36000.0	1675142970.0	LECBBAS
6129265.0	39.5683134	3.5645390000000003	36000.0	1675143000.0	LECBBAS
6129265.0	39.60236019999999	3.639359	36000.0	1675143030.0	LECBBAS
6129265.0	39.636294600000014	3.7136924	36000.0	1675143060.0	LECBBAS
6129265.0	39.6701802	3.7881882	36000.0	1675143090.0	LECBBAS
6129265.0	39.70393439999999	3.8625328	36000.0	1675143120.0	LECBBAS
6129265.0	39.737723	3.9369552000000008	36000.0	1675143150.0	LECBBAS
6129265.0	39.77157539999999	4.011760799999999	36000.0	1675143180.0	LECBBAS
6129265.0	39.805261	4.086343800000002	36000.0	1675143210.0	LECBBAS
6129265.0	39.83877939999999	4.1610664	36000.0	1675143240.0	LECBBAS
6129265.0	39.872301	4.235884800000001	36000.0	1675143270.0	LECBBAS
6129265.0	39.90578760000001	4.310774600000001	36000.0	1675143300.0	LECBBAS
6129265.0	39.9393008	4.3857832	36000.0	1675143330.0	LECBBAS
6129265.0	39.97282039999999	4.461008600000001	36000.0	1675143360.0	LECBBAS
6129265.0	40.006706	4.536993999999999	36000.0	1675143390.0	LECBBAS
6129265.0	40.04065039999999	4.613241200000001	36000.0	1675143420.0	LECBBAS
6129272.0	39.76576400000001	3.752192199999999	41000.0	1675141860.0	LECBBAS
6129272.0	39.75193739999999	3.687660599999999	41000.0	1675141890.0	LECBBAS
6129272.0	39.7340084	3.6246776	41000.0	1675141920.0	LECBBAS
6129272.0	39.7163594	3.5618227999999994	41000.0	1675141950.0	LECBBAS
6129272.0	39.69908599999999	3.4986672	41000.0	1675141980.0	LECBBAS
6129272.0	39.6820198	3.4354508	41000.0	1675142010.0	LECBBAS
6129272.0	39.66491740000001	3.3723118000000007	41000.0	1675142040.0	LECBBAS
6129272.0	39.647653000000005	3.3091348	41000.0	1675142070.0	LECBBAS
6129272.0	39.6300728	3.245657	41000.0	1675142100.0	LECBBAS
6129272.0	39.61271019999999	3.1828124000000004	41000.0	1675142130.0	LECBBAS
6129272.0	39.59490459999999	3.119254399999999	41000.0	1675142160.0	LECBBAS
6129272.0	39.57738139999999	3.0561377999999992	41000.0	1675142190.0	LECBBAS
6129272.0	39.560162600000005	2.993336400000001	41000.0	1675142220.0	LECBBAS
6129272.0	39.54205400000001	2.9288774	41000.0	1675142250.0	LECBBAS
6129272.0	39.52423740000001	2.8654876000000007	41000.0	1675142280.0	LECBBAS
6129272.0	39.50655040000001	2.8024439999999995	41000.0	1675142310.0	LECBBAS
6129272.0	39.4888748	2.739312199999999	41000.0	1675142340.0	LECBBAS
6129272.0	39.47113740000001	2.676129800000001	41000.0	1675142370.0	LECBBAS
6129272.0	39.45313980000001	2.6124967999999997	41000.0	1675142400.0	LECBBAS
6129272.0	39.43531679999999	2.5493252	41000.0	1675142430.0	LECBBAS
6129272.0	39.41716940000001	2.485772	41000.0	1675142460.0	LECBBAS
6129272.0	39.39944499999999	2.4231278	41000.0	1675142490.0	LECBBAS
6129272.0	39.38158679999999	2.3600920000000003	41000.0	1675142520.0	LECBBAS
6129272.0	39.363680400000014	2.2969629999999994	41000.0	1675142550.0	LECBBAS
6129272.0	39.3456498	2.2338992000000006	41000.0	1675142580.0	LECBBAS
6129272.0	39.3274424	2.1708347999999997	41000.0	1675142610.0	LECBBAS
6129272.0	39.30920520000001	2.1076747999999994	41000.0	1675142640.0	LECBBAS
6129272.0	39.2910028	2.0444444	41000.0	1675142670.0	LECBBAS
6129272.0	39.2727166	1.9808688000000003	41000.0	1675142700.0	LECBBAS
6129272.0	39.25427300000001	1.9173374000000003	41000.0	1675142730.0	LECBBAS
6129272.0	39.235776666666666	1.8537391666666672	41000.0	1675142760.0	LECBBAS
6129272.0	39.2173826	1.7906448000000004	41000.0	1675142790.0	LECBBAS
6129272.0	39.1988948	1.7271951999999997	41000.0	1675142820.0	LECBBAS
6129276.0	39.76543379999999	3.750001	37000.0	1675141860.0	LECBBAS
6129276.0	39.7502056	3.6785358	37000.0	1675141890.0	LECBBAS
6129276.0	39.734809	3.6068236	37000.0	1675141920.0	LECBBAS
6129276.0	39.71520700000001	3.5373068	37000.0	1675141950.0	LECBBAS
6129276.0	39.6962176	3.4672276000000006	37000.0	1675141980.0	LECBBAS
6129276.0	39.67699000000001	3.3972829999999994	37000.0	1675142010.0	LECBBAS
6129276.0	39.65779460000001	3.3274734	37000.0	1675142040.0	LECBBAS
6129276.0	39.6386122	3.2579148000000004	37000.0	1675142070.0	LECBBAS
6129276.0	39.61923460000001	3.1880352	37000.0	1675142100.0	LECBBAS
6129276.0	39.599496	3.117974	37000.0	1675142130.0	LECBBAS
6129276.0	39.5797038	3.0477916	37000.0	1675142160.0	LECBBAS
6129276.0	39.56033739999999	2.978083	37000.0	1675142190.0	LECBBAS
6129276.0	39.54035200000001	2.9074236000000004	37000.0	1675142220.0	LECBBAS
6129276.0	39.52082139999999	2.8386518	37000.0	1675142250.0	LECBBAS
6129276.0	39.500746	2.76712	37000.0	1675142280.0	LECBBAS
6129276.0	39.480894600000006	2.6974594	37000.0	1675142310.0	LECBBAS
6129276.0	39.4609472	2.627539799999999	37000.0	1675142340.0	LECBBAS
6129276.0	39.4409136	2.5572414	37000.0	1675142370.0	LECBBAS
6129276.0	39.4207214	2.4869508	37000.0	1675142400.0	LECBBAS
6129276.0	39.40055100000001	2.4165244	37000.0	1675142430.0	LECBBAS
6129276.0	39.38050139999999	2.3463562	37000.0	1675142460.0	LECBBAS
6129276.0	39.36028300000001	2.2764657999999995	37000.0	1675142490.0	LECBBAS
6129276.0	39.33991059999999	2.2063218	37000.0	1675142520.0	LECBBAS
6129276.0	39.3194948	2.1358707999999997	37000.0	1675142550.0	LECBBAS
6129276.0	39.2990198	2.0653217999999995	37000.0	1675142580.0	LECBBAS
6129276.0	39.27851240000001	1.9947804	37000.0	1675142610.0	LECBBAS
6129276.0	39.25795759999999	1.9243388	37000.0	1675142640.0	LECBBAS
6129276.0	39.23746139999999	1.8543296	37000.0	1675142670.0	LECBBAS
6129276.0	39.21679179999999	1.7840129999999996	37000.0	1675142700.0	LECBBAS
6129289.0	40.29368039999999	3.2084926	30720.0	1675142640.0	LECBBAS
6129289.0	40.23833200000001	3.1940599999999995	30220.0	1675142670.0	LECBBAS
6129289.0	40.18329520000001	3.180098800000001	29720.0	1675142700.0	LECBBAS
6129289.0	40.12909379999999	3.1664112000000006	29240.0	1675142730.0	LECBBAS
6129289.0	40.07482680000001	3.1525874000000007	28720.0	1675142760.0	LECBBAS
6129289.0	40.021874	3.1389962	28240.0	1675142790.0	LECBBAS
6129289.0	39.9692652	3.1253717999999995	27800.0	1675142820.0	LECBBAS
6129289.0	39.918933800000005	3.1066800000000003	27220.0	1675142850.0	LECBBAS
6129289.0	39.873893	3.0760874	26820.0	1675142880.0	LECBBAS
6129289.0	39.82999179999999	3.0440894000000007	26320.0	1675142910.0	LECBBAS
6129289.0	39.786714200000006	3.0123518	25820.0	1675142940.0	LECBBAS
6129289.0	39.74356600000001	2.9808042	25320.0	1675142970.0	LECBBAS
6129289.0	39.700517000000005	2.949347	24820.0	1675143000.0	LECBBAS
6129297.0	38.13872380000001	2.0733972	27560.0	1675141860.0	LECBBAS
6129297.0	38.1941414	2.0308434000000006	28280.0	1675141890.0	LECBBAS
6129297.0	38.249334	1.9884806000000004	28860.0	1675141920.0	LECBBAS
6129305.0	40.32708460000001	3.133179400000001	39000.0	1675142700.0	LECBBAS
6129305.0	40.26201180000001	3.1302346	39000.0	1675142730.0	LECBBAS
6129305.0	40.19659440000001	3.1272122	39000.0	1675142760.0	LECBBAS
6129305.0	40.13148080000001	3.1241965999999994	39000.0	1675142790.0	LECBBAS
6129305.0	40.0663358	3.1212005999999994	39000.0	1675142820.0	LECBBAS
6129305.0	40.0006854	3.1182799999999995	39000.0	1675142850.0	LECBBAS
6129305.0	39.93477639999999	3.1153976	39000.0	1675142880.0	LECBBAS
6129305.0	39.86908180000001	3.1133602	39000.0	1675142910.0	LECBBAS
6129305.0	39.80325059999999	3.116630399999999	39000.0	1675142940.0	LECBBAS
6129305.0	39.737822	3.119259	39000.0	1675142970.0	LECBBAS
6129305.0	39.67189800000001	3.1208684000000004	39000.0	1675143000.0	LECBBAS
6129305.0	39.606162800000014	3.122037	39000.0	1675143030.0	LECBBAS
6129305.0	39.5401966	3.123263400000001	39000.0	1675143060.0	LECBBAS
6129305.0	39.47448980000001	3.1246248000000008	39000.0	1675143090.0	LECBBAS
6129305.0	39.4088636	3.1259782	39000.0	1675143120.0	LECBBAS
6129305.0	39.3433538	3.1277852	39000.0	1675143150.0	LECBBAS
6129305.0	39.27795179999999	3.1288716	39000.0	1675143180.0	LECBBAS
6129305.0	39.21244399999999	3.1300741999999997	39000.0	1675143210.0	LECBBAS
6129305.0	39.14691259999999	3.1310957999999998	38620.0	1675143240.0	LECBBAS
6129305.0	39.080704	3.1321921999999995	38120.0	1675143270.0	LECBBAS
6129305.0	39.0140022	3.1334626	37620.0	1675143300.0	LECBBAS
6129305.0	38.94735919999999	3.1349474000000006	37120.0	1675143330.0	LECBBAS
6129305.0	38.88003599999999	3.1362454	36620.0	1675143360.0	LECBBAS
6129305.0	38.812909	3.137535400000001	35840.0	1675143390.0	LECBBAS
6129305.0	38.74554699999999	3.1388642000000004	34820.0	1675143420.0	LECBBAS
6129305.0	38.67753279999999	3.1401194	33820.0	1675143450.0	LECBBAS
6129305.0	38.609288600000006	3.1415122000000006	32820.0	1675143480.0	LECBBAS
6129305.0	38.54018100000001	3.1430874000000006	31820.0	1675143510.0	LECBBAS
6129305.0	38.4703482	3.1449013999999997	30740.0	1675143540.0	LECBBAS
6129309.0	39.0287384	1.8561306	33780.0	1675142790.0	LECBBAS
6129309.0	39.0530016	1.9388126	34480.0	1675142820.0	LECBBAS
6129309.0	39.07679320000001	2.0210492	35080.0	1675142850.0	LECBBAS
6129309.0	39.1004604	2.1031472	35680.0	1675142880.0	LECBBAS
6129309.0	39.12419680000001	2.1854427999999992	36000.0	1675142910.0	LECBBAS
6129309.0	39.147829400000006	2.2676300000000005	36000.0	1675142940.0	LECBBAS
6129309.0	39.17087080000001	2.348096199999999	36000.0	1675142970.0	LECBBAS
6129309.0	39.19400540000001	2.4291446000000008	36000.0	1675143000.0	LECBBAS
6129309.0	39.21708220000001	2.5101173999999995	36000.0	1675143030.0	LECBBAS
6129309.0	39.24003260000001	2.5920112	36000.0	1675143060.0	LECBBAS
6129309.0	39.2627204	2.6731173999999998	36000.0	1675143090.0	LECBBAS
6129309.0	39.28558079999999	2.7542018000000006	36000.0	1675143120.0	LECBBAS
6129309.0	39.30850740000001	2.8350926000000003	36000.0	1675143150.0	LECBBAS
6129309.0	39.3315066	2.916037600000001	36000.0	1675143180.0	LECBBAS
6129309.0	39.3542618	2.9971682000000004	36000.0	1675143210.0	LECBBAS
6129309.0	39.37709519999999	3.0783878	36000.0	1675143240.0	LECBBAS
6129309.0	39.40006	3.1594632	36000.0	1675143270.0	LECBBAS
6129309.0	39.42893380000001	3.2368381999999998	36000.0	1675143300.0	LECBBAS
6129309.0	39.47895559999999	3.2891526000000004	36000.0	1675143330.0	LECBBAS
6129309.0	39.535842	3.327779	36000.0	1675143360.0	LECBBAS
6129309.0	39.5925488	3.365458200000001	36000.0	1675143390.0	LECBBAS
6129309.0	39.64973600000001	3.4036848	36000.0	1675143420.0	LECBBAS
6129309.0	39.70714759999999	3.4416204	36000.0	1675143450.0	LECBBAS
6129309.0	39.76249839999999	3.4842786	36000.0	1675143480.0	LECBBAS
6129309.0	39.818250000000006	3.5264342000000006	36000.0	1675143510.0	LECBBAS
6129309.0	39.87372659999999	3.5687232	36000.0	1675143540.0	LECBBAS
6129350.0	39.98753399999999	5.1884878	23320.0	1675141860.0	LFMMZZ
6129350.0	39.9839596	5.129377999999999	23000.0	1675141890.0	LFMMZZ
6129350.0	39.98049639999999	5.0700568	23000.0	1675141920.0	LFMMZZ
6129350.0	39.97687019999999	5.009531199999999	23000.0	1675141950.0	LFMMZZ
6129350.0	39.9729736	4.949284400000002	23000.0	1675141980.0	LFMMZZ
6129350.0	39.96946559999999	4.889285999999999	23000.0	1675142010.0	LFMMZZ
6129350.0	39.966079400000005	4.829253199999999	23000.0	1675142040.0	LFMMZZ
6129350.0	39.9624718	4.769137799999999	23000.0	1675142070.0	LFMMZZ
6129350.0	39.95880259999999	4.708847600000001	23000.0	1675142100.0	LFMMZZ
6129351.0	38.50066560000001	3.953131	36000.0	1675142130.0	LECBBAS
6129351.0	38.56585419999999	3.9664894	36000.0	1675142160.0	LECBBAS
6129351.0	38.6302498	3.978128400000001	36000.0	1675142190.0	LECBBAS
6129351.0	38.695288	3.990748200000001	36000.0	1675142220.0	LECBBAS
6129351.0	38.760135	4.002975999999999	36000.0	1675142250.0	LECBBAS
6129351.0	38.82501779999999	4.015181800000001	36000.0	1675142280.0	LECBBAS
6129351.0	38.89027579999999	4.027457599999999	36000.0	1675142310.0	LECBBAS
6129351.0	38.95531500000001	4.039808400000001	36000.0	1675142340.0	LECBBAS
6129351.0	39.020321800000005	4.052169600000001	36000.0	1675142370.0	LECBBAS
6129351.0	39.08536600000001	4.064698000000001	36000.0	1675142400.0	LECBBAS
6129351.0	39.15040060000001	4.077413999999998	36000.0	1675142430.0	LECBBAS
6129351.0	39.2154098	4.090089999999998	36000.0	1675142460.0	LECBBAS
6129351.0	39.2804348	4.1026886000000005	36000.0	1675142490.0	LECBBAS
6129351.0	39.34542260000001	4.115263799999999	36000.0	1675142520.0	LECBBAS
6129351.0	39.41035959999999	4.127905199999999	36000.0	1675142550.0	LECBBAS
6129351.0	39.4752488	4.140647399999999	36000.0	1675142580.0	LECBBAS
6129351.0	39.5400856	4.153426199999998	36000.0	1675142610.0	LECBBAS
6129351.0	39.60483239999999	4.166123	36000.0	1675142640.0	LECBBAS
6129351.0	39.667749400000005	4.178379200000001	36000.0	1675142670.0	LECBBAS
6129351.0	39.72635540000001	4.190202599999999	36000.0	1675142700.0	LECBBAS
6129351.0	39.78520820000001	4.201625999999998	36000.0	1675142730.0	LECBBAS
6129351.0	39.8457696	4.212992000000002	36000.0	1675142760.0	LECBBAS
6129351.0	39.908331800000006	4.2249696	36000.0	1675142790.0	LECBBAS
6129351.0	39.97191719999999	4.2404372000000015	36000.0	1675142820.0	LECBBAS
6129358.0	40.31099419999999	3.1232312	37000.0	1675143180.0	LECBBAS
6129358.0	40.24876340000001	3.1024698	37000.0	1675143210.0	LECBBAS
6129358.0	40.18641159999999	3.082213	37000.0	1675143240.0	LECBBAS
6129358.0	40.12424759999999	3.0620385999999997	37000.0	1675143270.0	LECBBAS
6129358.0	40.06223019999999	3.0418456	37000.0	1675143300.0	LECBBAS
6129358.0	40.00048960000001	3.0216138000000003	37000.0	1675143330.0	LECBBAS
6129358.0	39.93884839999999	3.0017170000000006	37000.0	1675143360.0	LECBBAS
6129358.0	39.87710940000001	2.9817246	37000.0	1675143390.0	LECBBAS
6129358.0	39.81509639999999	2.9616488	37000.0	1675143420.0	LECBBAS
6129358.0	39.75324839999999	2.9413638	37000.0	1675143450.0	LECBBAS
6129358.0	39.69068720000001	2.9209514000000008	37000.0	1675143480.0	LECBBAS
6129358.0	39.6287504	2.9013984000000006	37000.0	1675143510.0	LECBBAS
6129358.0	39.56693599999999	2.8816256	37000.0	1675143540.0	LECBBAS
6129360.0	39.07777380000001	2.6775527999999995	25280.0	1675142850.0	LECBBAS
6129360.0	39.09584839999999	2.754824	26260.0	1675142880.0	LECBBAS
6129360.0	39.114142	2.8327814000000004	27180.0	1675142910.0	LECBBAS
6129360.0	39.132115000000006	2.9116208	28340.0	1675142940.0	LECBBAS
6129360.0	39.1489464	2.9887698	29660.0	1675142970.0	LECBBAS
6129360.0	39.16572919999999	3.065296	30480.0	1675143000.0	LECBBAS
6129360.0	39.1831654	3.1430632000000007	31180.0	1675143030.0	LECBBAS
6129360.0	39.2005586	3.2226528	31780.0	1675143060.0	LECBBAS
6129360.0	39.21781220000001	3.303375800000001	32380.0	1675143090.0	LECBBAS
6129360.0	39.23592479999999	3.3837626	32980.0	1675143120.0	LECBBAS
6129360.0	39.25433599999999	3.4644448	33580.0	1675143150.0	LECBBAS
6129360.0	39.27323580000001	3.5464994	34080.0	1675143180.0	LECBBAS
6129360.0	39.2923948	3.629338	34580.0	1675143210.0	LECBBAS
6129360.0	39.31110699999999	3.7105010000000007	35760.0	1675143240.0	LECBBAS
6129360.0	39.3297152	3.7900628	36300.0	1675143270.0	LECBBAS
6129360.0	39.347963600000014	3.8698438	36780.0	1675143300.0	LECBBAS
6129360.0	39.36603480000001	3.9501754	37200.0	1675143330.0	LECBBAS
6129360.0	39.38432020000001	4.0314042	37480.0	1675143360.0	LECBBAS
6129360.0	39.40288760000001	4.112925199999999	37700.0	1675143390.0	LECBBAS
6129360.0	39.42173060000001	4.195382399999999	38000.0	1675143420.0	LECBBAS
6129360.0	39.445265600000006	4.276490199999999	38000.0	1675143450.0	LECBBAS
6129360.0	39.48272360000001	4.348762400000001	38000.0	1675143480.0	LECBBAS
6129360.0	39.5264506	4.413997	38000.0	1675143510.0	LECBBAS
6129360.0	39.56926000000001	4.4804494	38000.0	1675143540.0	LECBBAS
6129361.0	39.01895260000001	1.8239352	33080.0	1675143240.0	LECBBAS
6129361.0	39.04313339999999	1.906392	33780.0	1675143270.0	LECBBAS
6129361.0	39.06716620000001	1.9884592	34480.0	1675143300.0	LECBBAS
6129361.0	39.090951800000006	2.070476600000001	35080.0	1675143330.0	LECBBAS
6129361.0	39.11465220000001	2.1525226	35580.0	1675143360.0	LECBBAS
6129361.0	39.1382856	2.2347686	35980.0	1675143390.0	LECBBAS
6129361.0	39.16209300000001	2.317800600000001	36000.0	1675143420.0	LECBBAS
6129361.0	39.18587820000001	2.4013400000000003	36000.0	1675143450.0	LECBBAS
6129361.0	39.2095706	2.4843120000000005	36000.0	1675143480.0	LECBBAS
6129361.0	39.233155200000006	2.5673204000000007	36000.0	1675143510.0	LECBBAS
6129361.0	39.2568782	2.6507701999999997	36000.0	1675143540.0	LECBBAS
6129409.0	39.010843	1.7949176000000002	24600.0	1675143510.0	LECBBAS
6129409.0	39.03668040000001	1.8833254	24900.0	1675143540.0	LECBBAS
6129416.0	40.371838800000006	2.975717	35000.0	1675143540.0	LECBBAS
6129468.0	40.05965880000001	6.536747999999999	37000.0	1675142220.0	LFMMZZ
6129468.0	40.05445759999999	6.463021799999999	37000.0	1675142250.0	LFMMZZ
6129468.0	40.0492198	6.389721200000001	37000.0	1675142280.0	LFMMZZ
6129468.0	40.0435742	6.316516600000001	37000.0	1675142310.0	LFMMZZ
6129468.0	40.0377936	6.243157399999999	37000.0	1675142340.0	LFMMZZ
6129468.0	40.0320436	6.169849199999999	37000.0	1675142370.0	LFMMZZ
6129468.0	40.02632479999999	6.0965262000000005	37000.0	1675142400.0	LFMMZZ
6129468.0	40.0205984	6.023558000000001	37000.0	1675142430.0	LFMMZZ
6129468.0	40.01486380000001	5.950190600000001	37000.0	1675142460.0	LFMMZZ
6129468.0	40.00901579999999	5.876776600000001	37000.0	1675142490.0	LFMMZZ
6129468.0	40.0031582	5.803331400000001	37000.0	1675142520.0	LFMMZZ
6129468.0	39.99703699999999	5.7274094	37000.0	1675142550.0	LFMMZZ
6129468.0	39.9909188	5.653848599999999	37000.0	1675142580.0	LFMMZZ
6129468.0	39.98477539999999	5.580270400000001	37000.0	1675142610.0	LFMMZZ
6129468.0	39.97860000000001	5.5066256	37000.0	1675142640.0	LFMMZZ
6129468.0	39.97247859999999	5.432976799999999	37000.0	1675142670.0	LFMMZZ
6129468.0	39.9661818	5.359651600000001	37000.0	1675142700.0	LFMMZZ
6129468.0	39.95981400000001	5.285552600000002	37000.0	1675142730.0	LFMMZZ
6129468.0	39.9535018	5.211630600000001	37000.0	1675142760.0	LFMMZZ
6129468.0	39.94710159999999	5.137679800000002	37000.0	1675142790.0	LFMMZZ
6129468.0	39.9406878	5.0636728	37000.0	1675142820.0	LFMMZZ
6129468.0	39.934115600000005	4.989623600000002	37000.0	1675142850.0	LFMMZZ
6129468.0	39.92744879999999	4.9155202	37000.0	1675142880.0	LFMMZZ
6129468.0	39.92082540000001	4.841389599999999	37000.0	1675142910.0	LFMMZZ
6129468.0	39.914048	4.767162600000001	37000.0	1675142940.0	LFMMZZ
6129468.0	39.90738939999999	4.692996	37000.0	1675142970.0	LFMMZZ
6129468.0	39.900688	4.6191710000000015	37000.0	1675143000.0	LECBBAS
6129468.0	39.894443	4.544616199999999	37000.0	1675143030.0	LECBBAS
6129468.0	39.88896380000001	4.470466800000001	37000.0	1675143060.0	LECBBAS
6129468.0	39.883466	4.396429000000001	37000.0	1675143090.0	LECBBAS
6129468.0	39.8775332	4.322426199999999	37000.0	1675143120.0	LECBBAS
6129468.0	39.87165220000001	4.2484438	37000.0	1675143150.0	LECBBAS
6129468.0	39.8656184	4.174385999999998	37000.0	1675143180.0	LECBBAS
6129468.0	39.859528000000005	4.100208799999999	37000.0	1675143210.0	LECBBAS
6129468.0	39.853387600000005	4.025792399999999	37000.0	1675143240.0	LECBBAS
6129468.0	39.84730120000001	3.9516952	37000.0	1675143270.0	LECBBAS
6129468.0	39.84109660000001	3.87736	37000.0	1675143300.0	LECBBAS
6129468.0	39.834740200000006	3.803050200000001	37000.0	1675143330.0	LECBBAS
6129468.0	39.8284108	3.728838000000001	37000.0	1675143360.0	LECBBAS
6129468.0	39.82201964999999	3.654622350000003	37000.0	1675143390.0	LECBBAS
6129468.0	39.81563099999999	3.580398599999999	37000.0	1675143420.0	LECBBAS
6129468.0	39.80917519999999	3.5057488	37000.0	1675143450.0	LECBBAS
6129468.0	39.8026808	3.4314016	37000.0	1675143480.0	LECBBAS
6129468.0	39.79628440000001	3.3569415999999994	37000.0	1675143510.0	LECBBAS
6129468.0	39.789669200000006	3.2827146	37000.0	1675143540.0	LECBBAS
6129478.0	40.2210202	6.5246552	37000.0	1675142280.0	LFMMZZ
6129478.0	40.21057040000001	6.453528600000001	37000.0	1675142310.0	LFMMZZ
6129478.0	40.20026719999999	6.382217999999999	37000.0	1675142340.0	LFMMZZ
6129478.0	40.1899204	6.310857000000001	37000.0	1675142370.0	LFMMZZ
6129478.0	40.179545	6.239333600000001	37000.0	1675142400.0	LFMMZZ
6129478.0	40.1690132	6.167769	37000.0	1675142430.0	LFMMZZ
6129478.0	40.15844059999999	6.096203599999999	37000.0	1675142460.0	LFMMZZ
6129478.0	40.1478882	6.025039800000001	37000.0	1675142490.0	LFMMZZ
6129478.0	40.13712759999999	5.9535638	37000.0	1675142520.0	LFMMZZ
6129478.0	40.12600039999999	5.879782199999999	37000.0	1675142550.0	LFMMZZ
6129478.0	40.11528219999999	5.808407599999999	37000.0	1675142580.0	LFMMZZ
6129478.0	40.10454959999999	5.737034599999999	37000.0	1675142610.0	LFMMZZ
6129478.0	40.09378119999999	5.665681399999999	37000.0	1675142640.0	LFMMZZ
6129478.0	40.08289579999999	5.594344399999999	37000.0	1675142670.0	LFMMZZ
6129478.0	40.0719372	5.522983	37000.0	1675142700.0	LFMMZZ
6129478.0	40.061324000000006	5.4536378	37000.0	1675142730.0	LFMMZZ
6129478.0	40.050047250000006	5.38080625	37000.0	1675142760.0	LFMMZZ
6129478.0	40.03887659999999	5.3089628	37000.0	1675142790.0	LFMMZZ
6129478.0	40.0277418	5.2375636000000005	37000.0	1675142820.0	LFMMZZ
6129478.0	40.01658520000001	5.166135000000001	37000.0	1675142850.0	LFMMZZ
6129478.0	40.0054026	5.094646599999999	37000.0	1675142880.0	LFMMZZ
6129478.0	39.99412799999999	5.023084999999999	37000.0	1675142910.0	LFMMZZ
6129478.0	39.982704	4.9515798	37000.0	1675142940.0	LFMMZZ
6129478.0	39.97136	4.880254199999999	37000.0	1675142970.0	LFMMZZ
6129478.0	39.95994379999999	4.808892599999999	37000.0	1675143000.0	LFMMZZ
6129478.0	39.9484754	4.737262400000001	37000.0	1675143030.0	LFMMZZ
6129478.0	39.9370486	4.666295200000001	37000.0	1675143060.0	LFMMZZ
6129478.0	39.92549359999999	4.594935599999999	37000.0	1675143090.0	LECBBAS
6129478.0	39.9138758	4.523587799999999	37000.0	1675143120.0	LECBBAS
6129478.0	39.90222360000001	4.4522282	37000.0	1675143150.0	LECBBAS
6129478.0	39.89048400000001	4.380846600000001	37000.0	1675143180.0	LECBBAS
6129478.0	39.87873260000001	4.3095236	37000.0	1675143210.0	LECBBAS
6129478.0	39.86695419999999	4.238167000000001	37000.0	1675143240.0	LECBBAS
6129478.0	39.8525532	4.1675606	37000.0	1675143270.0	LECBBAS
6129478.0	39.83807899999999	4.096586599999998	37000.0	1675143300.0	LECBBAS
6129478.0	39.8232658	4.025845000000001	37000.0	1675143330.0	LECBBAS
6129478.0	39.80848619999999	3.955491	37000.0	1675143360.0	LECBBAS
6129478.0	39.793591600000006	3.8848082	37000.0	1675143390.0	LECBBAS
6129478.0	39.7787034	3.8142126	37000.0	1675143420.0	LECBBAS
6129478.0	39.76366060000001	3.7433092	37000.0	1675143450.0	LECBBAS
6129478.0	39.74869339999999	3.6728112	37000.0	1675143480.0	LECBBAS
6129478.0	39.733776000000006	3.6023242000000004	37000.0	1675143510.0	LECBBAS
6129478.0	39.71874220000001	3.5318646	37000.0	1675143540.0	LECBBAS
6129513.0	38.2199958	3.3990498	36000.0	1675143330.0	LECBBAS
6129513.0	38.23991959999999	3.3299346	36000.0	1675143360.0	LECBBAS
6129513.0	38.25968039999999	3.2604176	36000.0	1675143390.0	LECBBAS
6129513.0	38.27945419999999	3.191311200000001	36000.0	1675143420.0	LECBBAS
6129513.0	38.3028386	3.124266199999999	36000.0	1675143450.0	LECBBAS
6129513.0	38.32776400000001	3.0564632	36000.0	1675143480.0	LECBBAS
6129513.0	38.3530974	2.990064399999999	36000.0	1675143510.0	LECBBAS
6129513.0	38.37833300000001	2.9236681999999994	36000.0	1675143540.0	LECBBAS
6129533.0	38.55118700000001	3.9629132	30700.0	1675143540.0	LECBBAS
6129542.0	40.22963500000001	6.521263799999999	37000.0	1675142820.0	LFMMZZ
6129542.0	40.2191934	6.449497600000001	37000.0	1675142850.0	LFMMZZ
6129542.0	40.20849820000001	6.377779600000001	37000.0	1675142880.0	LFMMZZ
6129542.0	40.19773239999999	6.306036	37000.0	1675142910.0	LFMMZZ
6129542.0	40.186921000000005	6.2341898	37000.0	1675142940.0	LFMMZZ
6129542.0	40.1761058	6.162280999999999	37000.0	1675142970.0	LFMMZZ
6129542.0	40.16491575	6.0888005	37000.0	1675143000.0	LFMMZZ
6129542.0	40.1542176	6.018312000000001	37000.0	1675143030.0	LFMMZZ
6129542.0	40.14320239999999	5.946198999999999	37000.0	1675143060.0	LFMMZZ
6129542.0	40.1320528	5.8740798	37000.0	1675143090.0	LFMMZZ
6129542.0	40.1208074	5.8020182	37000.0	1675143120.0	LFMMZZ
6129542.0	40.1095942	5.730042799999999	37000.0	1675143150.0	LFMMZZ
6129542.0	40.09830240000001	5.658117799999999	37000.0	1675143180.0	LFMMZZ
6129542.0	40.08692159999999	5.5861808	37000.0	1675143210.0	LFMMZZ
6129542.0	40.07531139999999	5.511853	37000.0	1675143240.0	LFMMZZ
6129542.0	40.0639138	5.439843399999998	37000.0	1675143270.0	LFMMZZ
6129542.0	40.05254439999999	5.368194999999998	37000.0	1675143300.0	LFMMZZ
6129542.0	40.041136	5.2961864	37000.0	1675143330.0	LFMMZZ
6129542.0	40.0296826	5.224134800000001	37000.0	1675143360.0	LFMMZZ
6129542.0	40.023304	5.151255600000002	37000.0	1675143390.0	LFMMZZ
6129542.0	40.016202400000005	5.078012800000001	37000.0	1675143420.0	LFMMZZ
6129542.0	40.00934799999999	5.0052494	37000.0	1675143450.0	LFMMZZ
6129542.0	40.00235860000001	4.932372999999999	37000.0	1675143480.0	LFMMZZ
6129542.0	39.99533219999999	4.859526800000001	37000.0	1675143510.0	LFMMZZ
6129542.0	39.98813139999999	4.786683400000001	37000.0	1675143540.0	LFMMZZ
6129629.0	40.236287	6.567147	39000.0	1675143420.0	LFMMZZ
6129629.0	40.227993600000005	6.502385	39000.0	1675143450.0	LFMMZZ
6129629.0	40.21911419999999	6.437611799999999	39000.0	1675143480.0	LFMMZZ
6129629.0	40.21003400000001	6.373098199999999	39000.0	1675143510.0	LFMMZZ
6129629.0	40.20074360000001	6.308574000000001	39000.0	1675143540.0	LFMMZZ
