RTKey	Lat	Lon	Alt	Unixtime	Sector
6127000.0	41.47140059999999	3.0519236000000007	36100.0	1675141410.0	LECBVNI
6127000.0	41.4866528	3.14197	36380.0	1675141440.0	LECBVNI
6127000.0	41.50185099999999	3.2325447999999994	36700.0	1675141470.0	LECBVNI
6127000.0	41.5169582	3.323119	37000.0	1675141500.0	LECBVNI
6127000.0	41.5322074	3.4144664000000007	37480.0	1675141530.0	LECBVNI
6127000.0	41.54735780000001	3.5055260000000006	37880.0	1675141560.0	LECBVNI
6127000.0	41.56234099999999	3.596386399999999	38000.0	1675141590.0	LECBVNI
6127000.0	41.577331400000006	3.6873020000000007	38000.0	1675141620.0	LECBVNI
6127000.0	41.5923286	3.778339999999999	38000.0	1675141650.0	LECBVNI
6127000.0	41.6070618	3.8691698000000008	38000.0	1675141680.0	LECBVNI
6127000.0	41.62161439999999	3.9594514	38000.0	1675141710.0	LECBVNI
6128774.0	41.00681500000001	3.849628	34000.0	1675140930.0	LECBVNI
6128801.0	41.54763060000001	3.508269	38000.0	1675140930.0	LECBVNI
6128801.0	41.56274599999999	3.5999651999999998	38000.0	1675140960.0	LECBVNI
6128801.0	41.57774399999999	3.691535799999999	38000.0	1675140990.0	LECBVNI
6128801.0	41.5927346	3.7831172	38000.0	1675141020.0	LECBVNI
6128801.0	41.6075996	3.8748196	38000.0	1675141050.0	LECBVNI
6128801.0	41.62249939999999	3.967086	38000.0	1675141080.0	LECBVNI
6128811.0	41.46318219999999	3.0543608000000004	36000.0	1675141800.0	LECBVNI
6128811.0	41.48313440000001	3.139221600000001	36000.0	1675141830.0	LECBVNI
6128811.0	41.50030460000001	3.2255088	36000.0	1675141860.0	LECBVNI
6128811.0	41.5152928	3.3127879999999994	36000.0	1675141890.0	LECBVNI
6128811.0	41.52991700000001	3.4006194	36000.0	1675141920.0	LECBVNI
6128811.0	41.54444619999999	3.4881265999999997	36000.0	1675141950.0	LECBVNI
6128811.0	41.5589428	3.5757704	36000.0	1675141980.0	LECBVNI
6128811.0	41.573338	3.663569399999999	36000.0	1675142010.0	LECBVNI
6128811.0	41.587791400000015	3.751524399999999	36000.0	1675142040.0	LECBVNI
6128811.0	41.60210179999999	3.8395268	36000.0	1675142070.0	LECBVNI
6128811.0	41.61625780000001	3.927543600000001	36000.0	1675142100.0	LECBVNI
6128811.0	41.6304534	4.015596200000001	36000.0	1675142130.0	LECBVNI
6128960.0	41.10213859999999	2.9683886	36000.0	1675141440.0	LECBVNI
6128960.0	41.09003939999999	3.0562381999999992	36000.0	1675141470.0	LECBVNI
6128960.0	41.077874	3.1444248000000004	36000.0	1675141500.0	LECBVNI
6128960.0	41.0656994	3.2322982	36000.0	1675141530.0	LECBVNI
6128960.0	41.05340760000001	3.3204972	36000.0	1675141560.0	LECBVNI
6128960.0	41.040979	3.4090974000000007	36000.0	1675141590.0	LECBVNI
6128960.0	41.0284022	3.497267200000001	36000.0	1675141620.0	LECBVNI
6128960.0	41.01585860000001	3.5854158	36000.0	1675141650.0	LECBVNI
6128960.0	41.0033292	3.673369000000001	36000.0	1675141680.0	LECBVNI
6128960.0	40.9907576	3.7609196	36000.0	1675141710.0	LECBVNI
6128960.0	40.9779986	3.8484446	36000.0	1675141740.0	LECBVNI
6128989.0	41.16322239999999	2.9628842	34000.0	1675141770.0	LECBVNI
6128989.0	41.1479628	3.0513764000000005	34000.0	1675141800.0	LECBVNI
6128989.0	41.1327362	3.1393800000000005	34000.0	1675141830.0	LECBVNI
6128989.0	41.1173574	3.2274102	34000.0	1675141860.0	LECBVNI
6128989.0	41.10191379999999	3.315385799999999	34000.0	1675141890.0	LECBVNI
6128989.0	41.08637519999999	3.403755199999999	34000.0	1675141920.0	LECBVNI
6128989.0	41.0707864	3.4916452	34000.0	1675141950.0	LECBVNI
6128989.0	41.05531080000001	3.5793904	34000.0	1675141980.0	LECBVNI
6128989.0	41.039686	3.6671874	34000.0	1675142010.0	LECBVNI
6128989.0	41.023916400000005	3.7551542	34000.0	1675142040.0	LECBVNI
6128989.0	41.00791840000001	3.8437054	34000.0	1675142070.0	LECBVNI
6129026.0	41.893936	3.8409738	38000.0	1675141470.0	LECBVNI
6129026.0	41.92235319999999	3.9274758	38000.0	1675141500.0	LECBVNI
6129026.0	41.95036480000001	4.013617800000001	38000.0	1675141530.0	LECBVNI
6129026.0	41.97798259999999	4.099172800000001	38000.0	1675141560.0	LECBVNI
6129026.0	42.005645400000006	4.184674799999999	38000.0	1675141590.0	LECBVNI
6129026.0	42.03370360000001	4.270415200000001	38000.0	1675141620.0	LECBVNI
6129026.0	42.06799080000001	4.351899199999999	38000.0	1675141650.0	LECBVNI
6129055.0	41.16327959999999	2.9632656	36000.0	1675142250.0	LECBVNI
6129055.0	41.14746499999999	3.055068800000001	36000.0	1675142280.0	LECBVNI
6129055.0	41.13153400000001	3.1471474000000006	36000.0	1675142310.0	LECBVNI
6129055.0	41.11536219999999	3.240001199999999	36000.0	1675142340.0	LECBVNI
6129055.0	41.09906779999999	3.3329651999999994	36000.0	1675142370.0	LECBVNI
6129055.0	41.0826588	3.4254986	36000.0	1675142400.0	LECBVNI
6129055.0	41.066239800000005	3.518114	36000.0	1675142430.0	LECBVNI
6129055.0	41.04984019999999	3.6107522	36000.0	1675142460.0	LECBVNI
6129055.0	41.03336239999999	3.7033128	36000.0	1675142490.0	LECBVNI
6129055.0	41.01680079999999	3.7956486000000007	36000.0	1675142520.0	LECBVNI
6129055.0	41.00019099999999	3.887798000000001	36000.0	1675142550.0	LECBVNI
6129057.0	39.31438460000001	2.566655999999999	29920.0	1675140930.0	LECBBAS
6129057.0	39.289082	2.5157812	29420.0	1675140960.0	LECBBAS
6129057.0	39.26455559999999	2.4644725999999992	28920.0	1675140990.0	LECBBAS
6129057.0	39.239714	2.4129544000000003	28420.0	1675141020.0	LECBBAS
6129057.0	39.21474679999999	2.3614484000000004	27920.0	1675141050.0	LECBBAS
6129057.0	39.1896878	2.3098544000000008	27420.0	1675141080.0	LECBBAS
6129057.0	39.1646504	2.2584168	26720.0	1675141110.0	LECBBAS
6129057.0	39.13945819999999	2.2066588	26020.0	1675141140.0	LECBBAS
6129057.0	39.114445	2.1554230000000003	25220.0	1675141170.0	LECBBAS
6129068.0	39.25428679999999	1.9570916	39000.0	1675140930.0	LECBBAS
6129068.0	39.23594939999999	1.8881142	39000.0	1675140960.0	LECBBAS
6129068.0	39.2173466	1.8187548	39000.0	1675140990.0	LECBBAS
6129068.0	39.19863620000001	1.7494948	39000.0	1675141020.0	LECBBAS
6129079.0	40.19323040000001	3.5420558	31100.0	1675140930.0	LECBBAS
6129079.0	40.1348392	3.529261	31100.0	1675140960.0	LECBBAS
6129079.0	40.076345	3.5166288	31100.0	1675140990.0	LECBBAS
6129079.0	40.01775079999999	3.5040118000000007	31100.0	1675141020.0	LECBBAS
6129079.0	39.95910279999999	3.4913158	31100.0	1675141050.0	LECBBAS
6129079.0	39.90037799999999	3.4784456	31100.0	1675141080.0	LECBBAS
6129079.0	39.84152899999999	3.4653079999999994	31100.0	1675141110.0	LECBBAS
6129079.0	39.78250900000001	3.4521671999999994	31100.0	1675141140.0	LECBBAS
6129079.0	39.7237738	3.4392014	31100.0	1675141170.0	LECBBAS
6129079.0	39.6650428	3.4266602	31100.0	1675141200.0	LECBBAS
6129079.0	39.606272800000006	3.4145804	31100.0	1675141230.0	LECBBAS
6129079.0	39.5474316	3.4031319999999994	31100.0	1675141260.0	LECBBAS
6129079.0	39.4887354	3.3912131999999997	31100.0	1675141290.0	LECBBAS
6129079.0	39.4300268	3.3795342	31100.0	1675141320.0	LECBBAS
6129079.0	39.3714338	3.3677774000000005	31100.0	1675141350.0	LECBBAS
6129079.0	39.313123	3.3558214	31100.0	1675141380.0	LECBBAS
6129079.0	39.25498580000001	3.3433378	31100.0	1675141410.0	LECBBAS
6129079.0	39.19672299999999	3.3308768000000004	31100.0	1675141440.0	LECBBAS
6129079.0	39.13846959999999	3.318669399999999	31100.0	1675141470.0	LECBBAS
6129079.0	39.080025	3.3069312	31100.0	1675141500.0	LECBBAS
6129079.0	39.02184459999999	3.295469	31100.0	1675141530.0	LECBBAS
6129079.0	38.9637388	3.283884	31100.0	1675141560.0	LECBBAS
6129079.0	38.9057036	3.2722008	31100.0	1675141590.0	LECBBAS
6129079.0	38.8479668	3.2605214000000005	31100.0	1675141620.0	LECBBAS
6129079.0	38.78987099999999	3.248681000000001	31100.0	1675141650.0	LECBBAS
6129079.0	38.7318318	3.2367728	31100.0	1675141680.0	LECBBAS
6129079.0	38.67366780000001	3.2248524	31100.0	1675141710.0	LECBBAS
6129079.0	38.61544739999999	3.2132268	31100.0	1675141740.0	LECBBAS
6129079.0	38.55674160000001	3.2013058	31100.0	1675141770.0	LECBBAS
6129079.0	38.4982892	3.1904787999999997	31100.0	1675141800.0	LECBBAS
6129079.0	38.43941400000001	3.1790768000000007	31100.0	1675141830.0	LECBBAS
6129079.0	38.38048139999999	3.1662737999999995	31100.0	1675141860.0	LECBBAS
6129079.0	38.32162139999999	3.1541802	31100.0	1675141890.0	LECBBAS
6129079.0	38.2612776	3.1487376000000005	31100.0	1675141920.0	LECBBAS
6129079.0	38.20026640000001	3.1495502000000006	31100.0	1675141950.0	LECBBAS
6129079.0	38.13910419999999	3.1509206	31100.0	1675141980.0	LECBBAS
6129081.0	39.438251	3.706597999999999	38000.0	1675140930.0	LECBBAS
6129081.0	39.47027660000001	3.789065200000001	38000.0	1675140960.0	LECBBAS
6129081.0	39.50216099999999	3.8715906	38000.0	1675140990.0	LECBBAS
6129081.0	39.53403139999999	3.9542786	38000.0	1675141020.0	LECBBAS
6129081.0	39.56604280000001	4.0376298	38000.0	1675141050.0	LECBBAS
6129081.0	39.59798139999999	4.120603600000002	38000.0	1675141080.0	LECBBAS
6129081.0	39.6384118	4.197678399999999	38000.0	1675141110.0	LECBBAS
6129081.0	39.68478260000001	4.2677212	38000.0	1675141140.0	LECBBAS
6129081.0	39.73166760000001	4.336450800000001	38000.0	1675141170.0	LECBBAS
6129081.0	39.77846240000001	4.4051670000000005	38000.0	1675141200.0	LECBBAS
6129081.0	39.82529000000001	4.473858199999999	38000.0	1675141230.0	LECBBAS
6129081.0	39.87206760000001	4.5423984	38000.0	1675141260.0	LECBBAS
6129081.0	39.9187282	4.6111144	38000.0	1675141290.0	LECBBAS
6129083.0	39.4348462	1.879116	25940.0	1675142190.0	LECBBAS
6129083.0	39.444903800000006	1.9571334	25040.0	1675142220.0	LECBBAS
6129104.0	39.76036840000001	2.6256234000000007	37000.0	1675140930.0	LECBBAS
6129104.0	39.75176539999999	2.5544512	37000.0	1675140960.0	LECBBAS
6129104.0	39.74299080000001	2.4836650000000007	37000.0	1675140990.0	LECBBAS
6129104.0	39.73426619999999	2.4122198000000004	37000.0	1675141020.0	LECBBAS
6129104.0	39.72535559999999	2.340983600000001	37000.0	1675141050.0	LECBBAS
6129104.0	39.7162942	2.2695704000000005	37000.0	1675141080.0	LECBBAS
6129104.0	39.70732880000001	2.1981504	37000.0	1675141110.0	LECBBAS
6129104.0	39.69850339999999	2.1263664000000007	37000.0	1675141140.0	LECBBAS
6129104.0	39.68966579999999	2.0549942000000008	37000.0	1675141170.0	LECBBAS
6129104.0	39.68072140000001	1.9835868	37000.0	1675141200.0	LECBBAS
6129106.0	39.03210940000001	1.8677332	38000.0	1675142820.0	LECBBAS
6129119.0	39.38894600000001	1.8574254000000003	32000.0	1675142340.0	LECBBAS
6129119.0	39.39187239999999	1.9482412	32000.0	1675142370.0	LECBBAS
6129119.0	39.3945438	2.038381600000001	32000.0	1675142400.0	LECBBAS
6129119.0	39.397195	2.1279610000000004	31540.0	1675142430.0	LECBBAS
6129119.0	39.4003554	2.217684399999999	29680.0	1675142460.0	LECBBAS
6129119.0	39.40336960000001	2.3087980000000003	28140.0	1675142490.0	LECBBAS
6129119.0	39.40595	2.3982096000000004	26860.0	1675142520.0	LECBBAS
6129119.0	39.40841040000001	2.4856952000000003	25640.0	1675142550.0	LECBBAS
6129122.0	40.814894	3.5831454	35000.0	1675140930.0	LECBVNI
6129122.0	40.757182	3.5536762000000004	35000.0	1675140960.0	LECBVNI
6129122.0	40.69975120000001	3.5245060000000006	35000.0	1675140990.0	LECBVNI
6129122.0	40.64248479999999	3.495514000000001	35000.0	1675141020.0	LECBVNI
6129122.0	40.58513860000001	3.466512	35000.0	1675141050.0	LECBVNI
6129122.0	40.52790279999999	3.4374902000000005	35000.0	1675141080.0	LECBVNI
6129122.0	40.47050620000001	3.4084255999999997	35000.0	1675141110.0	LECBVNI
6129122.0	40.4132116	3.3793490000000004	35000.0	1675141140.0	LECBVNI
6129122.0	40.3569194	3.3475542	35000.0	1675141170.0	LECBVNI
6129122.0	40.30017399999999	3.3165263999999994	35000.0	1675141200.0	LECBVNI
6129122.0	40.2437878	3.2858008	35000.0	1675141230.0	LECBBAS
6129122.0	40.18702380000001	3.2550601999999995	35000.0	1675141260.0	LECBBAS
6129122.0	40.1301506	3.2243412	35000.0	1675141290.0	LECBBAS
6129122.0	40.07325940000001	3.193643200000001	35000.0	1675141320.0	LECBBAS
6129122.0	40.01636240000001	3.1629619999999994	35000.0	1675141350.0	LECBBAS
6129122.0	39.95945300000001	3.1323143999999994	35000.0	1675141380.0	LECBBAS
6129122.0	39.904189	3.0979603999999994	35000.0	1675141410.0	LECBBAS
6129122.0	39.851000000000006	3.0596532	35000.0	1675141440.0	LECBBAS
6129122.0	39.7981996	3.0210475999999997	35000.0	1675141470.0	LECBBAS
6129122.0	39.745389	2.982255	35000.0	1675141500.0	LECBBAS
6129122.0	39.692970800000005	2.9441238000000003	35000.0	1675141530.0	LECBBAS
6129122.0	39.6401762	2.906654799999999	35000.0	1675141560.0	LECBBAS
6129122.0	39.58639839999999	2.8677146	35000.0	1675141590.0	LECBBAS
6129122.0	39.5338238	2.8296946000000003	35000.0	1675141620.0	LECBBAS
6129122.0	39.4810138	2.791705400000001	35000.0	1675141650.0	LECBBAS
6129122.0	39.42812659999999	2.7536738	35000.0	1675141680.0	LECBBAS
6129122.0	39.3751836	2.7129517999999995	35000.0	1675141710.0	LECBBAS
6129122.0	39.32407719999999	2.67194	35000.0	1675141740.0	LECBBAS
6129122.0	39.27250880000001	2.6315108	35000.0	1675141770.0	LECBBAS
6129122.0	39.220789200000006	2.5912112000000005	35000.0	1675141800.0	LECBBAS
6129122.0	39.16882059999999	2.5509882000000004	35000.0	1675141830.0	LECBBAS
6129122.0	39.116593400000006	2.5104134	35000.0	1675141860.0	LECBBAS
6129122.0	39.06434320000001	2.4699418000000004	35000.0	1675141890.0	LECBBAS
6129122.0	39.01203299999999	2.4296107999999994	35000.0	1675141920.0	LECBBAS
6129122.0	38.95982599999999	2.3892728000000005	35000.0	1675141950.0	LECBBAS
6129122.0	38.9076688	2.3489834000000007	35000.0	1675141980.0	LECBBAS
6129122.0	38.855522400000005	2.3088386	35000.0	1675142010.0	LECBBAS
6129122.0	38.8033406	2.2687479999999995	35000.0	1675142040.0	LECBBAS
6129122.0	38.7511602	2.2287516000000003	35000.0	1675142070.0	LECBBAS
6129122.0	38.69891499999999	2.1887234	35000.0	1675142100.0	LECBBAS
6129122.0	38.64656120000001	2.148705800000001	35000.0	1675142130.0	LECBBAS
6129122.0	38.594171	2.108767399999999	35000.0	1675142160.0	LECBBAS
6129122.0	38.54176580000001	2.0688636	35000.0	1675142190.0	LECBBAS
6129122.0	38.48939839999999	2.029192	35000.0	1675142220.0	LECBBAS
6129122.0	38.4370986	1.9894902	35000.0	1675142250.0	LECBBAS
6129122.0	38.38482239999999	1.9498476	35000.0	1675142280.0	LECBBAS
6129127.0	39.35035480000001	3.322162799999999	25080.0	1675141080.0	LECBBAS
6129127.0	39.36134059999999	3.2455864	25680.0	1675141110.0	LECBBAS
6129127.0	39.3730772	3.168551400000001	26280.0	1675141140.0	LECBBAS
6129127.0	39.38484600000001	3.0908428000000003	26880.0	1675141170.0	LECBBAS
6129127.0	39.39650659999999	3.0131834	27280.0	1675141200.0	LECBBAS
6129127.0	39.408321	2.9345472000000004	27960.0	1675141230.0	LECBBAS
6129127.0	39.41999720000001	2.8579684	28900.0	1675141260.0	LECBBAS
6129127.0	39.432495	2.7830642	29000.0	1675141290.0	LECBBAS
6129127.0	39.4497928	2.7109986	29000.0	1675141320.0	LECBBAS
6129127.0	39.472606000000006	2.6402668000000005	29000.0	1675141350.0	LECBBAS
6129127.0	39.4948186	2.569706600000001	29000.0	1675141380.0	LECBBAS
6129127.0	39.51697599999999	2.4985014000000003	29000.0	1675141410.0	LECBBAS
6129127.0	39.536785	2.426883600000001	29000.0	1675141440.0	LECBBAS
6129127.0	39.5495304	2.3526153999999995	29000.0	1675141470.0	LECBBAS
6129127.0	39.55557519999999	2.2764118	29000.0	1675141500.0	LECBBAS
6129127.0	39.56025819999999	2.2004226	29000.0	1675141530.0	LECBBAS
6129127.0	39.5644886	2.1245206000000003	29000.0	1675141560.0	LECBBAS
6129127.0	39.56870680000001	2.0485579999999994	29000.0	1675141590.0	LECBBAS
6129127.0	39.5728282	1.9725676000000003	29000.0	1675141620.0	LECBBAS
6129127.0	39.5768878	1.896806	29000.0	1675141650.0	LECBBAS
6129132.0	41.098903400000005	3.3971056	37000.0	1675140930.0	LECBVNI
6129132.0	41.0433262	3.368143999999999	37000.0	1675140960.0	LECBVNI
6129132.0	40.98790120000001	3.3396818000000006	37000.0	1675140990.0	LECBVNI
6129132.0	40.932674	3.3111320000000006	36720.0	1675141020.0	LECBVNI
6129132.0	40.87712599999999	3.2825070000000003	36420.0	1675141050.0	LECBVNI
6129132.0	40.82154079999999	3.254003199999999	36200.0	1675141080.0	LECBVNI
6129132.0	40.76554960000001	3.2256356	35900.0	1675141110.0	LECBVNI
6129132.0	40.709234400000014	3.1969176	35760.0	1675141140.0	LECBVNI
6129132.0	40.652829200000006	3.1679905999999995	35420.0	1675141170.0	LECBVNI
6129132.0	40.597153000000006	3.1363201999999992	35220.0	1675141200.0	LECBVNI
6129132.0	40.544381	3.098924200000001	35000.0	1675141230.0	LECBVNI
6129132.0	40.4918628	3.0613008000000006	35000.0	1675141260.0	LECBVNI
6129132.0	40.4393986	3.0237728	35000.0	1675141290.0	LECBVNI
6129132.0	40.38709740000001	2.9864646	35000.0	1675141320.0	LECBBAS
6129132.0	40.3348416	2.9491852000000005	35000.0	1675141350.0	LECBBAS
6129132.0	40.2825344	2.9117792	35000.0	1675141380.0	LECBBAS
6129132.0	40.2302752	2.8745404000000003	35000.0	1675141410.0	LECBBAS
6129132.0	40.17799820000001	2.8372108000000003	35000.0	1675141440.0	LECBBAS
6129132.0	40.12568720000001	2.8000122	35000.0	1675141470.0	LECBBAS
6129132.0	40.0730986	2.7627687999999995	35000.0	1675141500.0	LECBBAS
6129132.0	40.0207546	2.7257578	35000.0	1675141530.0	LECBBAS
6129132.0	39.968385600000005	2.6888292000000003	35000.0	1675141560.0	LECBBAS
6129132.0	39.9160224	2.6518620000000004	35000.0	1675141590.0	LECBBAS
6129132.0	39.86362739999999	2.6148716	35000.0	1675141620.0	LECBBAS
6129132.0	39.811412	2.5778384	35000.0	1675141650.0	LECBBAS
6129132.0	39.75895379999999	2.5412328	35000.0	1675141680.0	LECBBAS
6129132.0	39.70641780000001	2.5044616	35000.0	1675141710.0	LECBBAS
6129132.0	39.6539428	2.4678034	35000.0	1675141740.0	LECBBAS
6129132.0	39.6014314	2.431143600000001	35000.0	1675141770.0	LECBBAS
6129132.0	39.5527336	2.3884677999999995	35000.0	1675141800.0	LECBBAS
6129132.0	39.519520000000014	2.327660200000001	35000.0	1675141830.0	LECBBAS
6129132.0	39.49029819999999	2.2640998000000003	35000.0	1675141860.0	LECBBAS
6129132.0	39.4612088	2.2003608	35000.0	1675141890.0	LECBBAS
6129132.0	39.4322314	2.1364018	35000.0	1675141920.0	LECBBAS
6129132.0	39.40330599999999	2.0724575999999995	35000.0	1675141950.0	LECBBAS
6129132.0	39.37442979999999	2.008493599999999	35000.0	1675141980.0	LECBBAS
6129132.0	39.34543119999999	1.9445256	35000.0	1675142010.0	LECBBAS
6129132.0	39.31643900000001	1.8807610000000003	35000.0	1675142040.0	LECBBAS
6129132.0	39.28727360000001	1.8166356	34720.0	1675142070.0	LECBBAS
6129132.0	39.25779820000001	1.7524494	33740.0	1675142100.0	LECBBAS
6129137.0	41.253434000000006	3.1759528	37000.0	1675140930.0	LECBVNI
6129137.0	41.18856199999999	3.1730013999999995	37000.0	1675140960.0	LECBVNI
6129137.0	41.12355900000001	3.1700344	37000.0	1675140990.0	LECBVNI
6129137.0	41.05876499999999	3.1670637999999998	37000.0	1675141020.0	LECBVNI
6129137.0	40.99387699999999	3.1640926	37000.0	1675141050.0	LECBVNI
6129137.0	40.92890379999999	3.1609986	37000.0	1675141080.0	LECBVNI
6129137.0	40.8631268	3.1578675999999994	37000.0	1675141110.0	LECBVNI
6129137.0	40.79741079999999	3.1548545999999997	37000.0	1675141140.0	LECBVNI
6129137.0	40.73165159999999	3.151773199999999	37000.0	1675141170.0	LECBVNI
6129137.0	40.6659506	3.1488104	37000.0	1675141200.0	LECBVNI
6129137.0	40.6002156	3.1457443999999994	37000.0	1675141230.0	LECBVNI
6129137.0	40.5345076	3.1427034	37000.0	1675141260.0	LECBVNI
6129137.0	40.46878140000001	3.1397086	37000.0	1675141290.0	LECBVNI
6129137.0	40.4031314	3.1366885999999994	37000.0	1675141320.0	LECBVNI
6129137.0	40.3375746	3.1336954	37000.0	1675141350.0	LECBBAS
6129137.0	40.2721158	3.1307338	37000.0	1675141380.0	LECBBAS
6129137.0	40.2069126	3.1277866000000003	37000.0	1675141410.0	LECBBAS
6129137.0	40.141962	3.1248308	37000.0	1675141440.0	LECBBAS
6129137.0	40.077276	3.1219326000000005	37000.0	1675141470.0	LECBBAS
6129137.0	40.01254599999999	3.1190620000000004	37000.0	1675141500.0	LECBBAS
6129137.0	39.94783280000001	3.116103399999999	37000.0	1675141530.0	LECBBAS
6129137.0	39.8826966	3.1165684	37000.0	1675141560.0	LECBBAS
6129137.0	39.8174288	3.1178445999999997	37000.0	1675141590.0	LECBBAS
6129137.0	39.752073	3.1192818	37000.0	1675141620.0	LECBBAS
6129137.0	39.68664600000001	3.1207444000000004	37000.0	1675141650.0	LECBBAS
6129137.0	39.62121080000001	3.122280199999999	37000.0	1675141680.0	LECBBAS
6129137.0	39.5558018	3.1235856000000006	37000.0	1675141710.0	LECBBAS
6129137.0	39.490568	3.1246326000000004	37000.0	1675141740.0	LECBBAS
6129137.0	39.425657	3.1266640000000008	37000.0	1675141770.0	LECBBAS
6129137.0	39.36055679999999	3.1272946	37000.0	1675141800.0	LECBBAS
6129137.0	39.29526399999999	3.1283848	37000.0	1675141830.0	LECBBAS
6129137.0	39.23012379999999	3.129512	37000.0	1675141860.0	LECBBAS
6129137.0	39.1647838	3.1307876	37000.0	1675141890.0	LECBBAS
6129137.0	39.099061600000006	3.1319448000000003	37000.0	1675141920.0	LECBBAS
6129137.0	39.0335278	3.1332895999999995	37000.0	1675141950.0	LECBBAS
6129137.0	38.967988600000005	3.1345862	37000.0	1675141980.0	LECBBAS
6129137.0	38.90244860000001	3.1359332	37000.0	1675142010.0	LECBBAS
6129137.0	38.8369488	3.1371986	37000.0	1675142040.0	LECBBAS
6129137.0	38.77141259999999	3.1384796	37000.0	1675142070.0	LECBBAS
6129137.0	38.7058574	3.1397796	37000.0	1675142100.0	LECBBAS
6129137.0	38.6403198	3.1411008	37000.0	1675142130.0	LECBBAS
6129137.0	38.57474559999999	3.142393600000001	37000.0	1675142160.0	LECBBAS
6129137.0	38.50930159999999	3.1436810000000004	37000.0	1675142190.0	LECBBAS
6129137.0	38.4438878	3.1449336000000003	37000.0	1675142220.0	LECBBAS
6129137.0	38.37905299999999	3.151092600000001	37000.0	1675142250.0	LECBBAS
6129137.0	38.31468659999999	3.170431	37000.0	1675142280.0	LECBBAS
6129137.0	38.25027279999999	3.192582	37000.0	1675142310.0	LECBBAS
6129137.0	38.1863084	3.2154808	37000.0	1675142340.0	LECBBAS
6129157.0	41.4821724	3.0113569999999994	37880.0	1675142190.0	LECBVNI
6129157.0	41.4966932	3.102634	38000.0	1675142220.0	LECBVNI
6129157.0	41.51117219999999	3.1939328	38000.0	1675142250.0	LECBVNI
6129157.0	41.5252244	3.2841352	38000.0	1675142280.0	LECBVNI
6129157.0	41.53928440000001	3.3745866	38000.0	1675142310.0	LECBVNI
6129157.0	41.5532018	3.4648760000000007	38000.0	1675142340.0	LECBVNI
6129157.0	41.56700999999999	3.5552408	38000.0	1675142370.0	LECBVNI
6129157.0	41.58103039999999	3.6455806	38000.0	1675142400.0	LECBVNI
6129157.0	41.595215800000005	3.735819399999999	38000.0	1675142430.0	LECBVNI
6129157.0	41.6091972	3.8260496	38000.0	1675142460.0	LECBVNI
6129157.0	41.6229392	3.9161932	38000.0	1675142490.0	LECBVNI
6129157.0	41.63646259999999	4.005948399999999	38000.0	1675142520.0	LECBVNI
6129159.0	41.345280800000005	3.8000926	33740.0	1675140930.0	LECBVNI
6129159.0	41.2831366	3.7859852	32420.0	1675140960.0	LECBVNI
6129159.0	41.2218166	3.7721886000000007	31720.0	1675140990.0	LECBVNI
6129159.0	41.163429	3.7563049999999993	30540.0	1675141020.0	LECBVNI
6129159.0	41.11034597500005	3.730335408333336	29605.83333333337	1675141050.0	LECBVNI
6129159.0	41.05737422500009	3.704470658333338	28680.833333333405	1675141080.0	LECBVNI
6129159.0	41.00440247500013	3.6786059083333407	27755.83333333344	1675141110.0	LECBVNI
6129159.0	40.95143072500018	3.652741158333343	26830.83333333348	1675141140.0	LECBVNI
6129159.0	40.90099900000001	3.6269687999999993	25740.0	1675141170.0	LECBVNI
6129159.0	40.85090600000001	3.6013280000000005	24640.0	1675141200.0	LECBVNI
6129159.0	40.801366	3.575974800000001	23740.0	1675141230.0	LECBVNI
6129159.0	40.75035020000001	3.5528398	21460.0	1675141260.0	LECBVNI
6129159.0	40.69566979999999	3.5288805999999995	19740.0	1675141290.0	LECBVNI
6129169.0	40.1650558	3.6967472	36440.0	1675141050.0	LECBBAS
6129169.0	40.1401164	3.635161000000001	35460.0	1675141080.0	LECBBAS
6129169.0	40.11477439999999	3.5729282	34420.0	1675141110.0	LECBBAS
6129169.0	40.08945399999999	3.510772400000001	33420.0	1675141140.0	LECBBAS
6129169.0	40.0640958	3.4486536	33100.0	1675141170.0	LECBBAS
6129169.0	40.0382346	3.3852582	32620.0	1675141200.0	LECBBAS
6129169.0	40.01198100000001	3.3211224000000006	32120.0	1675141230.0	LECBBAS
6129169.0	39.98573579999999	3.2571402	31620.0	1675141260.0	LECBBAS
6129169.0	39.95886720000001	3.1916976	31120.0	1675141290.0	LECBBAS
6129169.0	39.92433799999999	3.1312692000000006	30620.0	1675141320.0	LECBBAS
6129169.0	39.8792256	3.0818936	30120.0	1675141350.0	LECBBAS
6129169.0	39.82765099999999	3.042958799999999	29520.0	1675141380.0	LECBBAS
6129169.0	39.77574259999999	3.005020799999999	29120.0	1675141410.0	LECBBAS
6129169.0	39.7237858	2.9670958	28600.0	1675141440.0	LECBBAS
6129169.0	39.67166540000001	2.9290984	28100.0	1675141470.0	LECBBAS
6129169.0	39.6191832	2.8913798	27620.0	1675141500.0	LECBBAS
6129169.0	39.56672779999999	2.8545114000000003	27120.0	1675141530.0	LECBBAS
6129169.0	39.51430400000001	2.8158652	26600.0	1675141560.0	LECBBAS
6129169.0	39.4623098	2.778264799999999	26120.0	1675141590.0	LECBBAS
6129169.0	39.41816379999999	2.7294532	25600.0	1675141620.0	LECBBAS
6129169.0	39.38154200000001	2.6735776	25100.0	1675141650.0	LECBBAS
6129169.0	39.3462378	2.6177838000000007	25000.0	1675141680.0	LECBBAS
6129169.0	39.3116094	2.5629132	24720.0	1675141710.0	LECBBAS
6129175.0	41.6123864	3.861901600000001	39000.0	1675140930.0	LECBVNI
6129175.0	41.55253559999999	3.848224600000001	39000.0	1675140960.0	LECBVNI
6129175.0	41.4928086	3.8346362000000007	39000.0	1675140990.0	LECBVNI
6129175.0	41.4334752	3.8187936	38800.0	1675141020.0	LECBVNI
6129175.0	41.37609620000001	3.794748399999999	38320.0	1675141050.0	LECBVNI
6129175.0	41.31837319999999	3.7693347999999993	37820.0	1675141080.0	LECBVNI
6129175.0	41.260738800000006	3.7440714	37320.0	1675141110.0	LECBVNI
6129175.0	41.20308739999999	3.7190558	36140.0	1675141140.0	LECBVNI
6129175.0	41.14560660000001	3.6942798	35040.0	1675141170.0	LECBVNI
6129175.0	41.08969460000001	3.6701876	34020.0	1675141200.0	LECBVNI
6129175.0	41.03404279999999	3.6462248	33040.0	1675141230.0	LECBVNI
6129175.0	40.97937899999999	3.6231482	32020.0	1675141260.0	LECBVNI
6129175.0	40.9254394	3.600003799999999	31120.0	1675141290.0	LECBVNI
6129175.0	40.8728678	3.5770994000000007	30120.0	1675141320.0	LECBVNI
6129175.0	40.82101560000001	3.554743399999999	29220.0	1675141350.0	LECBVNI
6129175.0	40.76995380000001	3.5329585999999997	28320.0	1675141380.0	LECBVNI
6129175.0	40.7196338	3.5111723999999995	26960.0	1675141410.0	LECBVNI
6129175.0	40.6688154	3.489888	25340.0	1675141440.0	LECBVNI
6129175.0	40.61754500000001	3.468661	23940.0	1675141470.0	LECBVNI
6129175.0	40.56758119999999	3.4475401999999997	22660.0	1675141500.0	LECBVNI
6129175.0	40.5186602	3.425773199999999	21460.0	1675141530.0	LECBVNI
6129189.0	39.8853414	4.322499	37000.0	1675140930.0	LECBBAS
6129189.0	39.8706982	4.251896199999999	37000.0	1675140960.0	LECBBAS
6129189.0	39.85611259999999	4.181218399999999	37000.0	1675140990.0	LECBBAS
6129189.0	39.8414572	4.110520600000001	37000.0	1675141020.0	LECBBAS
6129189.0	39.8267236	4.039801399999998	37000.0	1675141050.0	LECBBAS
6129189.0	39.81191500000001	3.969526600000001	37000.0	1675141080.0	LECBBAS
6129189.0	39.7968628	3.8988044	37000.0	1675141110.0	LECBBAS
6129189.0	39.7817306	3.8275664	37000.0	1675141140.0	LECBBAS
6129189.0	39.76666380000001	3.7567034	37000.0	1675141170.0	LECBBAS
6129189.0	39.7515274	3.685787200000001	37000.0	1675141200.0	LECBBAS
6129189.0	39.736383	3.614915800000001	37000.0	1675141230.0	LECBBAS
6129189.0	39.7212606	3.5439548000000007	37000.0	1675141260.0	LECBBAS
6129189.0	39.706187000000014	3.473212399999999	37000.0	1675141290.0	LECBBAS
6129189.0	39.69658500000001	3.4009716	37000.0	1675141320.0	LECBBAS
6129189.0	39.69415040000001	3.3275432000000005	37000.0	1675141350.0	LECBBAS
6129189.0	39.69108059999999	3.2543214000000007	37000.0	1675141380.0	LECBBAS
6129189.0	39.688243400000005	3.180880599999999	37000.0	1675141410.0	LECBBAS
6129189.0	39.685325600000006	3.1073966	37000.0	1675141440.0	LECBBAS
6129189.0	39.68228919999999	3.033889	37000.0	1675141470.0	LECBBAS
6129189.0	39.6796504	2.960692400000001	37000.0	1675141500.0	LECBBAS
6129189.0	39.6764938	2.887066199999999	37000.0	1675141530.0	LECBBAS
6129189.0	39.672743	2.8134808	37000.0	1675141560.0	LECBBAS
6129189.0	39.66952339999999	2.7404077999999994	37000.0	1675141590.0	LECBBAS
6129189.0	39.6666712	2.6691958	37000.0	1675141620.0	LECBBAS
6129189.0	39.6635124	2.5980145999999995	37000.0	1675141650.0	LECBBAS
6129189.0	39.66040819999999	2.527385	37000.0	1675141680.0	LECBBAS
6129189.0	39.6571324	2.4568758	37000.0	1675141710.0	LECBBAS
6129189.0	39.6538576	2.3867609999999995	37000.0	1675141740.0	LECBBAS
6129189.0	39.650535600000005	2.3163511999999997	37000.0	1675141770.0	LECBBAS
6129189.0	39.647177000000006	2.245567	37000.0	1675141800.0	LECBBAS
6129189.0	39.6437408	2.1751434	37000.0	1675141830.0	LECBBAS
6129189.0	39.64037499999999	2.1046928	37000.0	1675141860.0	LECBBAS
6129189.0	39.6369888	2.0340243999999994	37000.0	1675141890.0	LECBBAS
6129189.0	39.63341519999999	1.9627146	37000.0	1675141920.0	LECBBAS
6129191.0	41.96950219999999	3.9698094	37000.0	1675140930.0	LECBVNI
6129191.0	41.91434580000001	3.9395662	37000.0	1675140960.0	LECBVNI
6129191.0	41.856481200000005	3.9172544	37000.0	1675140990.0	LECBVNI
6129191.0	41.7985006	3.895451	37000.0	1675141020.0	LECBVNI
6129191.0	41.74058119999999	3.8736236000000006	37000.0	1675141050.0	LECBVNI
6129191.0	41.68242180000001	3.8516122	37000.0	1675141080.0	LECBVNI
6129191.0	41.6244122	3.8297722	37000.0	1675141110.0	LECBVNI
6129191.0	41.5664218	3.8079584	37000.0	1675141140.0	LECBVNI
6129191.0	41.50812159999999	3.7861066	37000.0	1675141170.0	LECBVNI
6129191.0	41.449377600000005	3.7641579999999992	36240.0	1675141200.0	LECBVNI
6129191.0	41.3908334	3.7423534	35420.0	1675141230.0	LECBVNI
6129191.0	41.331065	3.7200088	34240.0	1675141260.0	LECBVNI
6129191.0	41.270673	3.6974959999999992	33240.0	1675141290.0	LECBVNI
6129191.0	41.2107222	3.6752936	32040.0	1675141320.0	LECBVNI
6129191.0	41.15140800000001	3.653155199999999	30840.0	1675141350.0	LECBVNI
6129191.0	41.09318873333338	3.631641733333329	29719.99999999997	1675141380.0	LECBVNI
6129191.0	41.0352384000001	3.6102563999999897	28619.99999999993	1675141410.0	LECBVNI
6129191.0	40.977288066666816	3.5888710666666506	27519.999999999894	1675141440.0	LECBVNI
6129191.0	40.92065279999999	3.5680688	26440.0	1675141470.0	LECBVNI
6129191.0	40.8655994	3.5479168000000003	25600.0	1675141500.0	LECBVNI
6129191.0	40.81295179999999	3.5286224	24840.0	1675141530.0	LECBVNI
6129191.0	40.76114099999999	3.509498	24020.0	1675141560.0	LECBVNI
6129191.0	40.71094359999999	3.4912374	23060.0	1675141590.0	LECBVNI
6129191.0	40.66022579999999	3.4729703999999995	21920.0	1675141620.0	LECBVNI
6129191.0	40.60965720000001	3.4542504000000003	21040.0	1675141650.0	LECBVNI
6129191.0	40.56059280000001	3.4364088	20320.0	1675141680.0	LECBVNI
6129197.0	41.13937040000001	3.8879352	35000.0	1675141170.0	LECBVNI
6129197.0	41.14718480000001	3.8117356	35000.0	1675141200.0	LECBVNI
6129197.0	41.154797	3.735674	35000.0	1675141230.0	LECBVNI
6129197.0	41.16244759999999	3.659773	35000.0	1675141260.0	LECBVNI
6129197.0	41.169965	3.584212999999999	35000.0	1675141290.0	LECBVNI
6129197.0	41.17749560000001	3.508911800000001	35000.0	1675141320.0	LECBVNI
6129197.0	41.18491379999999	3.4335182	35000.0	1675141350.0	LECBVNI
6129197.0	41.1922124	3.3580616	35000.0	1675141380.0	LECBVNI
6129197.0	41.199508	3.2830341999999995	35000.0	1675141410.0	LECBVNI
6129197.0	41.2067964	3.2075844	35000.0	1675141440.0	LECBVNI
6129197.0	41.21411	3.1317354	35000.0	1675141470.0	LECBVNI
6129197.0	41.2212804	3.0562460000000007	35000.0	1675141500.0	LECBVNI
6129197.0	41.22846100000001	2.980746	35000.0	1675141530.0	LECBVNI
6129198.0	39.3864486	1.8169240000000004	33580.0	1675141860.0	LECBBAS
6129198.0	39.38948500000001	1.9053488	33980.0	1675141890.0	LECBBAS
6129198.0	39.39254120000001	1.9934902	34000.0	1675141920.0	LECBBAS
6129198.0	39.40041560000001	2.0811304	34000.0	1675141950.0	LECBBAS
6129198.0	39.4183246	2.1658728000000007	34000.0	1675141980.0	LECBBAS
6129198.0	39.43743759999999	2.2504223999999997	34000.0	1675142010.0	LECBBAS
6129198.0	39.45647499999999	2.334773	34000.0	1675142040.0	LECBBAS
6129198.0	39.47544919999999	2.4190992	34000.0	1675142070.0	LECBBAS
6129198.0	39.4942756	2.5032356	34000.0	1675142100.0	LECBBAS
6129198.0	39.51277900000001	2.5875756	34480.0	1675142130.0	LECBBAS
6129198.0	39.5323264	2.674373400000001	35080.0	1675142160.0	LECBBAS
6129198.0	39.55136460000001	2.75958	35580.0	1675142190.0	LECBBAS
6129198.0	39.570269	2.8448216	36000.0	1675142220.0	LECBBAS
6129198.0	39.5888924	2.9302366	36000.0	1675142250.0	LECBBAS
6129198.0	39.60761060000001	3.0162050000000007	36000.0	1675142280.0	LECBBAS
6129198.0	39.62630819999999	3.1017574000000008	36080.0	1675142310.0	LECBBAS
6129198.0	39.64531159999999	3.1876502000000007	36680.0	1675142340.0	LECBBAS
6129198.0	39.66425300000001	3.272885	37180.0	1675142370.0	LECBBAS
6129198.0	39.68237999999999	3.358439400000001	37660.0	1675142400.0	LECBBAS
6129198.0	39.7006664	3.4436034	38000.0	1675142430.0	LECBBAS
6129198.0	39.71869759999999	3.5287266	38000.0	1675142460.0	LECBBAS
6129198.0	39.73665999999999	3.6139316	38000.0	1675142490.0	LECBBAS
6129198.0	39.75471779999999	3.6991061999999992	38000.0	1675142520.0	LECBBAS
6129198.0	39.772924	3.7843058000000007	38000.0	1675142550.0	LECBBAS
6129198.0	39.791007400000005	3.8695464	38000.0	1675142580.0	LECBBAS
6129198.0	39.8089568	3.9549086	38000.0	1675142610.0	LECBBAS
6129198.0	39.82690400000001	4.040860400000001	38000.0	1675142640.0	LECBBAS
6129198.0	39.844557	4.126491199999999	38000.0	1675142670.0	LECBBAS
6129198.0	39.8622366	4.2122584	38000.0	1675142700.0	LECBBAS
6129198.0	39.88011340000001	4.298559399999999	38000.0	1675142730.0	LECBBAS
6129198.0	39.89819439999999	4.38482	38000.0	1675142760.0	LECBBAS
6129198.0	39.91617659999999	4.470884	38000.0	1675142790.0	LECBBAS
6129198.0	39.93402799999999	4.556969399999999	38000.0	1675142820.0	LECBBAS
6129208.0	42.1282028	4.083620399999999	35000.0	1675140960.0	LECBVNI
6129208.0	42.07434720000001	4.044696399999999	35000.0	1675140990.0	LECBVNI
6129208.0	42.020427200000015	4.0048564	35000.0	1675141020.0	LECBVNI
6129208.0	41.96665239999999	3.9649824000000007	35000.0	1675141050.0	LECBVNI
6129208.0	41.90938520000001	3.932524	35000.0	1675141080.0	LECBVNI
6129208.0	41.8478672	3.915701800000001	35000.0	1675141110.0	LECBVNI
6129208.0	41.7857832	3.9009656000000006	35000.0	1675141140.0	LECBVNI
6129208.0	41.72328999999999	3.8866435999999993	35000.0	1675141170.0	LECBVNI
6129208.0	41.66095159999999	3.872498	35000.0	1675141200.0	LECBVNI
6129208.0	41.59873699999999	3.858368000000001	35000.0	1675141230.0	LECBVNI
6129208.0	41.53669380000001	3.844250600000001	34820.0	1675141260.0	LECBVNI
6129208.0	41.47501	3.8300964	34140.0	1675141290.0	LECBVNI
6129208.0	41.4122124	3.8155538	33320.0	1675141320.0	LECBVNI
6129208.0	41.3491374	3.801109399999999	33000.0	1675141350.0	LECBVNI
6129208.0	41.28673400000001	3.7870652	32220.0	1675141380.0	LECBVNI
6129208.0	41.22585220000001	3.773154400000001	31340.0	1675141410.0	LECBVNI
6129208.0	41.166053600000005	3.758196200000001	30520.0	1675141440.0	LECBVNI
6129208.0	41.11227702500005	3.7319549250000015	29678.33333333337	1675141470.0	LECBVNI
6129208.0	41.05865877500011	3.705519675000003	28828.333333333405	1675141500.0	LECBVNI
6129208.0	41.00504052500017	3.679084425000004	27978.33333333344	1675141530.0	LECBVNI
6129208.0	40.95142227500023	3.652649175000005	27128.33333333348	1675141560.0	LECBVNI
6129208.0	40.9006892	3.6264608	26320.0	1675141590.0	LECBVNI
6129208.0	40.85080800000001	3.6009075999999998	25420.0	1675141620.0	LECBVNI
6129208.0	40.80175240000001	3.5758126	24640.0	1675141650.0	LECBVNI
6129208.0	40.753554400000006	3.5512615999999992	23820.0	1675141680.0	LECBVNI
6129208.0	40.70584160000001	3.5271012	23020.0	1675141710.0	LECBVNI
6129208.0	40.6590768	3.5032834000000004	22220.0	1675141740.0	LECBVNI
6129208.0	40.61246680000001	3.4795348000000006	21420.0	1675141770.0	LECBVNI
6129208.0	40.5666878	3.45618	20600.0	1675141800.0	LECBVNI
6129208.0	40.52116299999999	3.433254	19640.0	1675141830.0	LECBVNI
6129220.0	39.95206299999999	4.647483800000001	37000.0	1675141050.0	LECBBAS
6129220.0	39.9380458	4.578011999999998	37000.0	1675141080.0	LECBBAS
6129220.0	39.92384139999999	4.508571999999999	37000.0	1675141110.0	LECBBAS
6129220.0	39.90945759999999	4.438889000000001	37000.0	1675141140.0	LECBBAS
6129220.0	39.90225240000001	4.3681280000000005	37000.0	1675141170.0	LECBBAS
6129220.0	39.89590959999999	4.297122	37000.0	1675141200.0	LECBBAS
6129220.0	39.8896748	4.226113399999998	37000.0	1675141230.0	LECBBAS
6129220.0	39.88343859999999	4.155147199999998	37000.0	1675141260.0	LECBBAS
6129220.0	39.877128000000006	4.0841226000000015	37000.0	1675141290.0	LECBBAS
6129220.0	39.87074359999999	4.013043199999999	37000.0	1675141320.0	LECBBAS
6129220.0	39.86439640000001	3.942265200000001	37000.0	1675141350.0	LECBBAS
6129220.0	39.85804300000001	3.8710406	37000.0	1675141380.0	LECBBAS
6129220.0	39.85167040000001	3.799851400000001	37000.0	1675141410.0	LECBBAS
6129220.0	39.84505694285722	3.728638142857145	37000.0	1675141440.0	LECBBAS
6129220.0	39.83843722857159	3.657422428571432	37000.0	1675141470.0	LECBBAS
6129220.0	39.831815	3.5862556	37000.0	1675141500.0	LECBBAS
6129220.0	39.82512580000001	3.5150846	37000.0	1675141530.0	LECBBAS
6129220.0	39.8184234	3.4438312000000004	37000.0	1675141560.0	LECBBAS
6129220.0	39.81162060000001	3.372529000000001	37000.0	1675141590.0	LECBBAS
6129220.0	39.804792600000006	3.301097199999999	37000.0	1675141620.0	LECBBAS
6129220.0	39.797877000000014	3.2300416000000007	37000.0	1675141650.0	LECBBAS
6129220.0	39.7908194	3.1585634000000007	37000.0	1675141680.0	LECBBAS
6129220.0	39.7841162	3.0871998000000005	37000.0	1675141710.0	LECBBAS
6129220.0	39.777375600000006	3.0156298	37000.0	1675141740.0	LECBBAS
6129220.0	39.76952640000001	2.9441066000000005	37000.0	1675141770.0	LECBBAS
6129220.0	39.7619242	2.8715426	37000.0	1675141800.0	LECBBAS
6129220.0	39.75505679999999	2.7994476	37000.0	1675141830.0	LECBBAS
6129220.0	39.7480618	2.7280382	37000.0	1675141860.0	LECBBAS
6129220.0	39.740692	2.6563125999999992	37000.0	1675141890.0	LECBBAS
6129220.0	39.73335900000001	2.5846324	37000.0	1675141920.0	LECBBAS
6129220.0	39.72587800000001	2.5129312	37000.0	1675141950.0	LECBBAS
6129220.0	39.7184274	2.4422134000000004	37000.0	1675141980.0	LECBBAS
6129220.0	39.7109492	2.3714844	37000.0	1675142010.0	LECBBAS
6129220.0	39.70338179999999	2.3001514	37000.0	1675142040.0	LECBBAS
6129220.0	39.6960436	2.2290974	37000.0	1675142070.0	LECBBAS
6129220.0	39.68868520000001	2.157941599999999	37000.0	1675142100.0	LECBBAS
6129220.0	39.6811306	2.0869012	37000.0	1675142130.0	LECBBAS
6129220.0	39.673564000000006	2.0157266	37000.0	1675142160.0	LECBBAS
6129220.0	39.66588459999999	1.944509	37000.0	1675142190.0	LECBBAS
6129225.0	38.2373034	3.338924	38000.0	1675141110.0	LECBBAS
6129225.0	38.25952639999999	3.2630664000000005	38000.0	1675141140.0	LECBBAS
6129225.0	38.28166920000001	3.1871514000000003	38000.0	1675141170.0	LECBBAS
6129225.0	38.30665920000001	3.1129291999999995	38000.0	1675141200.0	LECBBAS
6129225.0	38.33392979999999	3.0397298	38000.0	1675141230.0	LECBBAS
6129225.0	38.36180420000001	2.9673602	38000.0	1675141260.0	LECBBAS
6129225.0	38.389399	2.8944011999999995	38000.0	1675141290.0	LECBBAS
6129225.0	38.41690920000001	2.8213813999999995	38000.0	1675141320.0	LECBBAS
6129225.0	38.444415	2.748285600000001	37900.0	1675141350.0	LECBBAS
6129225.0	38.47205660000001	2.6746008	37520.0	1675141380.0	LECBBAS
6129225.0	38.49987899999999	2.6003498	37120.0	1675141410.0	LECBBAS
6129225.0	38.52705119999999	2.5276441999999992	37000.0	1675141440.0	LECBBAS
6129225.0	38.554369	2.4549532000000003	37000.0	1675141470.0	LECBBAS
6129225.0	38.5816142	2.3819179999999998	37000.0	1675141500.0	LECBBAS
6129225.0	38.60882999999999	2.3082565999999995	37000.0	1675141530.0	LECBBAS
6129225.0	38.6358122	2.2350556	37000.0	1675141560.0	LECBBAS
6129225.0	38.662772	2.1618156000000006	37000.0	1675141590.0	LECBBAS
6129225.0	38.68973639999999	2.088538200000001	37000.0	1675141620.0	LECBBAS
6129225.0	38.71663979999999	2.0150854000000007	37000.0	1675141650.0	LECBBAS
6129225.0	38.74367660000001	1.9412850000000004	37000.0	1675141680.0	LECBBAS
6129225.0	38.77071719999999	1.867519	37000.0	1675141710.0	LECBBAS
6129233.0	41.520035000000014	3.1885041999999992	37000.0	1675141590.0	LECBVNI
6129233.0	41.4571358	3.185466	37000.0	1675141620.0	LECBVNI
6129233.0	41.3941738	3.18249	37000.0	1675141650.0	LECBVNI
6129233.0	41.3311586	3.1795552	37000.0	1675141680.0	LECBVNI
6129233.0	41.2680406	3.1765574	37000.0	1675141710.0	LECBVNI
6129233.0	41.20479840000001	3.1735594	37000.0	1675141740.0	LECBVNI
6129233.0	41.1407864	3.170500600000001	37000.0	1675141770.0	LECBVNI
6129233.0	41.07726560000001	3.167644400000001	37000.0	1675141800.0	LECBVNI
6129233.0	41.013705400000006	3.1647234000000006	37000.0	1675141830.0	LECBVNI
6129233.0	40.9499872	3.1617956	37000.0	1675141860.0	LECBVNI
6129233.0	40.885806200000005	3.158822399999999	37000.0	1675141890.0	LECBVNI
6129233.0	40.8215144	3.1558128000000005	37000.0	1675141920.0	LECBVNI
6129233.0	40.75715599999999	3.1527947999999992	37000.0	1675141950.0	LECBVNI
6129233.0	40.69276719999999	3.149810600000001	37000.0	1675141980.0	LECBVNI
6129233.0	40.628283200000006	3.1470135999999997	37000.0	1675142010.0	LECBVNI
6129233.0	40.56381099999999	3.144056999999999	37000.0	1675142040.0	LECBVNI
6129233.0	40.499388200000006	3.1410127999999995	37000.0	1675142070.0	LECBVNI
6129233.0	40.4350232	3.1379994000000004	37000.0	1675142100.0	LECBVNI
6129233.0	40.37077319999999	3.1350744	37000.0	1675142130.0	LECBVNI
6129233.0	40.30699119999999	3.1322994	37000.0	1675142160.0	LECBBAS
6129233.0	40.24303999999999	3.1292704	37000.0	1675142190.0	LECBBAS
6129233.0	40.1792292	3.126408	37000.0	1675142220.0	LECBBAS
6129233.0	40.115718400000006	3.123621199999999	37000.0	1675142250.0	LECBBAS
6129233.0	40.05239759999999	3.1207988	37000.0	1675142280.0	LECBBAS
6129233.0	39.9892952	3.1181092	37000.0	1675142310.0	LECBBAS
6129233.0	39.925965600000005	3.1151436	37000.0	1675142340.0	LECBBAS
6129233.0	39.8622706	3.116787799999999	37000.0	1675142370.0	LECBBAS
6129233.0	39.798703200000006	3.1179984	37000.0	1675142400.0	LECBBAS
6129233.0	39.7347734	3.1193054	37000.0	1675142430.0	LECBBAS
6129233.0	39.67086019999999	3.1208916000000007	37000.0	1675142460.0	LECBBAS
6129233.0	39.60621840000001	3.1219826	37000.0	1675142490.0	LECBBAS
6129233.0	39.5423312	3.1233004	37000.0	1675142520.0	LECBBAS
6129233.0	39.478468600000014	3.1244659999999995	37000.0	1675142550.0	LECBBAS
6129233.0	39.41481100000001	3.1261358	37000.0	1675142580.0	LECBBAS
6129233.0	39.3511214	3.1277255999999998	37000.0	1675142610.0	LECBBAS
6129233.0	39.2873586	3.1287582000000005	37000.0	1675142640.0	LECBBAS
6129233.0	39.2235344	3.129887	37000.0	1675142670.0	LECBBAS
6129233.0	39.159608	3.1309340000000003	37000.0	1675142700.0	LECBBAS
6129233.0	39.09530200000001	3.1321384000000005	37000.0	1675142730.0	LECBBAS
6129233.0	39.03098219999999	3.1332887999999994	37000.0	1675142760.0	LECBBAS
6129233.0	38.96644900000001	3.1346217999999992	37000.0	1675142790.0	LECBBAS
6129233.0	38.90228719999999	3.1359500000000007	37000.0	1675142820.0	LECBBAS
6129242.0	37.8551392	2.2899206000000003	33580.0	1675141200.0	LECBBAS
6129242.0	37.90632839999999	2.2509953999999994	34460.0	1675141230.0	LECBBAS
6129242.0	37.95734600000001	2.2121786	35180.0	1675141260.0	LECBBAS
6129242.0	38.008002	2.1734718000000006	35860.0	1675141290.0	LECBBAS
6129242.0	38.0586976	2.1346944	36480.0	1675141320.0	LECBBAS
6129242.0	38.10924160000001	2.0960012	37360.0	1675141350.0	LECBBAS
6129242.0	38.15879600000001	2.0580924	37880.0	1675141380.0	LECBBAS
6129242.0	38.20877099999999	2.0197598	38380.0	1675141410.0	LECBBAS
6129242.0	38.25875080000001	1.9812776	38780.0	1675141440.0	LECBBAS
6129244.0	42.13363920000001	4.088283399999999	35000.0	1675141200.0	LECBVNI
6129244.0	42.082383600000014	4.0493842	35000.0	1675141230.0	LECBVNI
6129244.0	42.03052360000001	4.011366799999999	35000.0	1675141260.0	LECBVNI
6129244.0	41.97862939999999	3.9734444	35000.0	1675141290.0	LECBVNI
6129244.0	41.92537100000001	3.9400408000000007	35000.0	1675141320.0	LECBVNI
6129244.0	41.86736879999999	3.9204081999999993	35000.0	1675141350.0	LECBVNI
6129244.0	41.8078498	3.906565	35000.0	1675141380.0	LECBVNI
6129244.0	41.7485738	3.8927222	35000.0	1675141410.0	LECBVNI
6129244.0	41.6893018	3.8790756000000006	35000.0	1675141440.0	LECBVNI
6129244.0	41.6297538	3.8654124	35000.0	1675141470.0	LECBVNI
6129244.0	41.57055479999999	3.8519272	35000.0	1675141500.0	LECBVNI
6129244.0	41.51146479999999	3.838382599999999	35000.0	1675141530.0	LECBVNI
6129244.0	41.45236439999999	3.8248416	35000.0	1675141560.0	LECBVNI
6129244.0	41.39320160000001	3.8112974	35000.0	1675141590.0	LECBVNI
6129244.0	41.3338794	3.7977854	34820.0	1675141620.0	LECBVNI
6129244.0	41.27463039999999	3.784248399999999	33740.0	1675141650.0	LECBVNI
6129244.0	41.216766000000014	3.7708072	32740.0	1675141680.0	LECBVNI
6129244.0	41.15931940000001	3.757804	31840.0	1675141710.0	LECBVNI
6129244.0	41.106761000000006	3.7327516	30920.0	1675141740.0	LECBVNI
6129244.0	41.05597842499994	3.706559050000002	30030.0	1675141770.0	LECBVNI
6129244.0	41.00615067499985	3.680967550000005	29130.0	1675141800.0	LECBVNI
6129244.0	40.95632292499976	3.655376050000007	28230.0	1675141830.0	LECBVNI
6129244.0	40.907919600000014	3.6303892	27320.0	1675141860.0	LECBVNI
6129244.0	40.86059580000001	3.6059924	26440.0	1675141890.0	LECBVNI
6129244.0	40.81397900000001	3.5821998000000006	25540.0	1675141920.0	LECBVNI
6129244.0	40.7682014	3.5589344	24720.0	1675141950.0	LECBVNI
6129244.0	40.7233656	3.5358391999999994	23840.0	1675141980.0	LECBVNI
6129244.0	40.67904340000001	3.5133533999999997	23020.0	1675142010.0	LECBVNI
6129244.0	40.63528660000001	3.4909604	22220.0	1675142040.0	LECBVNI
6129244.0	40.5922518	3.4690406	21420.0	1675142070.0	LECBVNI
6129244.0	40.54958540000001	3.447786	20460.0	1675142100.0	LECBVNI
6129244.0	40.5049472	3.425119600000001	19720.0	1675142130.0	LECBVNI
6129245.0	38.227694	3.372886	40000.0	1675141200.0	LECBBAS
6129245.0	38.249495200000005	3.2999892	40000.0	1675141230.0	LECBBAS
6129245.0	38.270597	3.2279059999999995	40000.0	1675141260.0	LECBBAS
6129245.0	38.29155	3.1555692	40000.0	1675141290.0	LECBBAS
6129245.0	38.3173412	3.0856927999999995	40000.0	1675141320.0	LECBBAS
6129245.0	38.3441766	3.0158939999999994	40000.0	1675141350.0	LECBBAS
6129245.0	38.37025100000001	2.9463558	39800.0	1675141380.0	LECBBAS
6129245.0	38.396465	2.8762916	39520.0	1675141410.0	LECBBAS
6129245.0	38.4230336	2.805735399999999	39300.0	1675141440.0	LECBBAS
6129245.0	38.449686	2.7348026000000005	39020.0	1675141470.0	LECBBAS
6129245.0	38.47627440000001	2.6642235999999992	39000.0	1675141500.0	LECBBAS
6129245.0	38.50292619999999	2.5931472000000007	39000.0	1675141530.0	LECBBAS
6129245.0	38.529162600000014	2.5229798	39000.0	1675141560.0	LECBBAS
6129245.0	38.55532999999999	2.4528368	39000.0	1675141590.0	LECBBAS
6129245.0	38.5814166	2.38265	39000.0	1675141620.0	LECBBAS
6129245.0	38.607513200000014	2.3122640000000003	39000.0	1675141650.0	LECBBAS
6129245.0	38.6336276	2.2417416	39000.0	1675141680.0	LECBBAS
6129245.0	38.65972759999999	2.1710316	39000.0	1675141710.0	LECBBAS
6129245.0	38.685749	2.1002940000000008	39000.0	1675141740.0	LECBBAS
6129245.0	38.71168359999999	2.0294628	39000.0	1675141770.0	LECBBAS
6129245.0	38.7375982	1.9586178000000003	39000.0	1675141800.0	LECBBAS
6129245.0	38.76356759999999	1.8877386	39000.0	1675141830.0	LECBBAS
6129248.0	42.03868240000001	4.286968399999999	30580.0	1675142370.0	LECBVNI
6129248.0	42.07011080000001	4.361740599999998	31200.0	1675142400.0	LECBVNI
6129251.0	39.411594	3.258743800000001	25060.0	1675141980.0	LECBBAS
6129251.0	39.41858180000001	3.1867272	25780.0	1675142010.0	LECBBAS
6129251.0	39.4341094	3.115867	26580.0	1675142040.0	LECBBAS
6129251.0	39.45914440000001	3.0484252	27280.0	1675142070.0	LECBBAS
6129251.0	39.4880386	2.9819808	27980.0	1675142100.0	LECBBAS
6129251.0	39.51705839999999	2.9160011999999997	28760.0	1675142130.0	LECBBAS
6129251.0	39.545681	2.8487086	29480.0	1675142160.0	LECBBAS
6129251.0	39.5746886	2.7819308	30080.0	1675142190.0	LECBBAS
6129251.0	39.60399399999999	2.713762799999999	30480.0	1675142220.0	LECBBAS
6129251.0	39.63354140000001	2.6452102000000006	30880.0	1675142250.0	LECBBAS
6129251.0	39.6636808	2.5753688	31480.0	1675142280.0	LECBBAS
6129251.0	39.69331520000001	2.5067406	32280.0	1675142310.0	LECBBAS
6129251.0	39.72287099999999	2.4379150000000003	32880.0	1675142340.0	LECBBAS
6129251.0	39.75258379999999	2.3683674000000003	33200.0	1675142370.0	LECBBAS
6129251.0	39.782555400000014	2.2979136	33780.0	1675142400.0	LECBBAS
6129251.0	39.8123858	2.2280154	34480.0	1675142430.0	LECBBAS
6129251.0	39.84158239999999	2.1591178	35280.0	1675142460.0	LECBBAS
6129265.0	39.23300780000001	1.819124	33860.0	1675142370.0	LECBBAS
6129265.0	39.22524560000001	1.9053074	34560.0	1675142400.0	LECBBAS
6129265.0	39.2303714	1.9913314	35180.0	1675142430.0	LECBBAS
6129265.0	39.24321320000001	2.075861	35680.0	1675142460.0	LECBBAS
6129265.0	39.2569802	2.1600179999999995	36000.0	1675142490.0	LECBBAS
6129265.0	39.27057140000001	2.2447672	36000.0	1675142520.0	LECBBAS
6129265.0	39.2840918	2.3298753999999997	36000.0	1675142550.0	LECBBAS
6129265.0	39.2974754	2.4150098	36000.0	1675142580.0	LECBBAS
6129265.0	39.3108554	2.499953	36000.0	1675142610.0	LECBBAS
6129265.0	39.32414500000001	2.584911	36000.0	1675142640.0	LECBBAS
6129265.0	39.337275	2.6703224	36000.0	1675142670.0	LECBBAS
6129265.0	39.35024840000001	2.7555186	36000.0	1675142700.0	LECBBAS
6129265.0	39.36353379999999	2.8411956000000007	36000.0	1675142730.0	LECBBAS
6129265.0	39.37678560000001	2.9266215999999994	36000.0	1675142760.0	LECBBAS
6129265.0	39.39000260000001	3.0120793999999997	36000.0	1675142790.0	LECBBAS
6129265.0	39.40319119999999	3.0972201999999998	36000.0	1675142820.0	LECBBAS
6129272.0	39.9518708	4.646139000000001	41000.0	1675141440.0	LECBBAS
6129272.0	39.93837459999999	4.582375000000002	41000.0	1675141470.0	LECBBAS
6129272.0	39.92558620000001	4.518196799999999	41000.0	1675141500.0	LECBBAS
6129272.0	39.91284900000001	4.454358399999999	41000.0	1675141530.0	LECBBAS
6129272.0	39.8997664	4.390666	41000.0	1675141560.0	LECBBAS
6129272.0	39.886584000000006	4.3269856	41000.0	1675141590.0	LECBBAS
6129272.0	39.87332060000001	4.2633608	41000.0	1675141620.0	LECBBAS
6129272.0	39.859951200000005	4.199721200000001	41000.0	1675141650.0	LECBBAS
6129272.0	39.846631	4.1359832	41000.0	1675141680.0	LECBBAS
6129272.0	39.83331180000001	4.072154200000001	41000.0	1675141710.0	LECBBAS
6129272.0	39.81995739999999	4.008283399999999	41000.0	1675141740.0	LECBBAS
6129272.0	39.80658320000001	3.9448434	41000.0	1675141770.0	LECBBAS
6129272.0	39.79293960000001	3.8805056	40980.0	1675141800.0	LECBBAS
6129272.0	39.77938719999999	3.8163912	41000.0	1675141830.0	LECBBAS
6129272.0	39.76576400000001	3.752192199999999	41000.0	1675141860.0	LECBBAS
6129272.0	39.75193739999999	3.687660599999999	41000.0	1675141890.0	LECBBAS
6129272.0	39.7340084	3.6246776	41000.0	1675141920.0	LECBBAS
6129272.0	39.7163594	3.5618227999999994	41000.0	1675141950.0	LECBBAS
6129272.0	39.69908599999999	3.4986672	41000.0	1675141980.0	LECBBAS
6129272.0	39.6820198	3.4354508	41000.0	1675142010.0	LECBBAS
6129272.0	39.66491740000001	3.3723118000000007	41000.0	1675142040.0	LECBBAS
6129272.0	39.647653000000005	3.3091348	41000.0	1675142070.0	LECBBAS
6129272.0	39.6300728	3.245657	41000.0	1675142100.0	LECBBAS
6129272.0	39.61271019999999	3.1828124000000004	41000.0	1675142130.0	LECBBAS
6129272.0	39.59490459999999	3.119254399999999	41000.0	1675142160.0	LECBBAS
6129272.0	39.57738139999999	3.0561377999999992	41000.0	1675142190.0	LECBBAS
6129272.0	39.560162600000005	2.993336400000001	41000.0	1675142220.0	LECBBAS
6129272.0	39.54205400000001	2.9288774	41000.0	1675142250.0	LECBBAS
6129272.0	39.52423740000001	2.8654876000000007	41000.0	1675142280.0	LECBBAS
6129272.0	39.50655040000001	2.8024439999999995	41000.0	1675142310.0	LECBBAS
6129272.0	39.4888748	2.739312199999999	41000.0	1675142340.0	LECBBAS
6129272.0	39.47113740000001	2.676129800000001	41000.0	1675142370.0	LECBBAS
6129272.0	39.45313980000001	2.6124967999999997	41000.0	1675142400.0	LECBBAS
6129272.0	39.43531679999999	2.5493252	41000.0	1675142430.0	LECBBAS
6129272.0	39.41716940000001	2.485772	41000.0	1675142460.0	LECBBAS
6129272.0	39.39944499999999	2.4231278	41000.0	1675142490.0	LECBBAS
6129272.0	39.38158679999999	2.3600920000000003	41000.0	1675142520.0	LECBBAS
6129272.0	39.363680400000014	2.2969629999999994	41000.0	1675142550.0	LECBBAS
6129272.0	39.3456498	2.2338992000000006	41000.0	1675142580.0	LECBBAS
6129272.0	39.3274424	2.1708347999999997	41000.0	1675142610.0	LECBBAS
6129272.0	39.30920520000001	2.1076747999999994	41000.0	1675142640.0	LECBBAS
6129272.0	39.2910028	2.0444444	41000.0	1675142670.0	LECBBAS
6129272.0	39.2727166	1.9808688000000003	41000.0	1675142700.0	LECBBAS
6129272.0	39.25427300000001	1.9173374000000003	41000.0	1675142730.0	LECBBAS
6129272.0	39.235776666666666	1.8537391666666672	41000.0	1675142760.0	LECBBAS
6129272.0	39.2173826	1.7906448000000004	41000.0	1675142790.0	LECBBAS
6129272.0	39.1988948	1.7271951999999997	41000.0	1675142820.0	LECBBAS
6129276.0	39.93794660000001	4.606283599999999	37000.0	1675141500.0	LECBBAS
6129276.0	39.9243074	4.534373399999999	37000.0	1675141530.0	LECBBAS
6129276.0	39.91065679999999	4.462573999999999	37000.0	1675141560.0	LECBBAS
6129276.0	39.89688559999999	4.3909502	37000.0	1675141590.0	LECBBAS
6129276.0	39.88317919999999	4.319543800000001	37000.0	1675141620.0	LECBBAS
6129276.0	39.8695268	4.248281200000001	37000.0	1675141650.0	LECBBAS
6129276.0	39.8556358	4.1768258000000005	37000.0	1675141680.0	LECBBAS
6129276.0	39.8409272	4.105624799999999	37000.0	1675141710.0	LECBBAS
6129276.0	39.82569099999999	4.034619600000001	37000.0	1675141740.0	LECBBAS
6129276.0	39.81066019999999	3.963887400000001	37000.0	1675141770.0	LECBBAS
6129276.0	39.795452	3.892405000000001	37000.0	1675141800.0	LECBBAS
6129276.0	39.78055259999999	3.821217200000001	37000.0	1675141830.0	LECBBAS
6129276.0	39.76543379999999	3.750001	37000.0	1675141860.0	LECBBAS
6129276.0	39.7502056	3.6785358	37000.0	1675141890.0	LECBBAS
6129276.0	39.734809	3.6068236	37000.0	1675141920.0	LECBBAS
6129276.0	39.71520700000001	3.5373068	37000.0	1675141950.0	LECBBAS
6129276.0	39.6962176	3.4672276000000006	37000.0	1675141980.0	LECBBAS
6129276.0	39.67699000000001	3.3972829999999994	37000.0	1675142010.0	LECBBAS
6129276.0	39.65779460000001	3.3274734	37000.0	1675142040.0	LECBBAS
6129276.0	39.6386122	3.2579148000000004	37000.0	1675142070.0	LECBBAS
6129276.0	39.61923460000001	3.1880352	37000.0	1675142100.0	LECBBAS
6129276.0	39.599496	3.117974	37000.0	1675142130.0	LECBBAS
6129276.0	39.5797038	3.0477916	37000.0	1675142160.0	LECBBAS
6129276.0	39.56033739999999	2.978083	37000.0	1675142190.0	LECBBAS
6129276.0	39.54035200000001	2.9074236000000004	37000.0	1675142220.0	LECBBAS
6129276.0	39.52082139999999	2.8386518	37000.0	1675142250.0	LECBBAS
6129276.0	39.500746	2.76712	37000.0	1675142280.0	LECBBAS
6129276.0	39.480894600000006	2.6974594	37000.0	1675142310.0	LECBBAS
6129276.0	39.4609472	2.627539799999999	37000.0	1675142340.0	LECBBAS
6129276.0	39.4409136	2.5572414	37000.0	1675142370.0	LECBBAS
6129276.0	39.4207214	2.4869508	37000.0	1675142400.0	LECBBAS
6129276.0	39.40055100000001	2.4165244	37000.0	1675142430.0	LECBBAS
6129276.0	39.38050139999999	2.3463562	37000.0	1675142460.0	LECBBAS
6129276.0	39.36028300000001	2.2764657999999995	37000.0	1675142490.0	LECBBAS
6129276.0	39.33991059999999	2.2063218	37000.0	1675142520.0	LECBBAS
6129276.0	39.3194948	2.1358707999999997	37000.0	1675142550.0	LECBBAS
6129276.0	39.2990198	2.0653217999999995	37000.0	1675142580.0	LECBBAS
6129276.0	39.27851240000001	1.9947804	37000.0	1675142610.0	LECBBAS
6129276.0	39.25795759999999	1.9243388	37000.0	1675142640.0	LECBBAS
6129276.0	39.23746139999999	1.8543296	37000.0	1675142670.0	LECBBAS
6129276.0	39.21679179999999	1.7840129999999996	37000.0	1675142700.0	LECBBAS
6129288.0	42.15186279999999	4.100394199999999	35000.0	1675141620.0	LECBVNI
6129288.0	42.100491000000005	4.062561199999998	35000.0	1675141650.0	LECBVNI
6129288.0	42.0484974	4.024632799999999	35000.0	1675141680.0	LECBVNI
6129288.0	41.9964584	3.9867678	35000.0	1675141710.0	LECBVNI
6129288.0	41.94220839999999	3.9532622	35080.0	1675141740.0	LECBVNI
6129288.0	41.88539659999999	3.9279744	35100.0	1675141770.0	LECBVNI
6129288.0	41.82645579999999	3.9106666	35000.0	1675141800.0	LECBVNI
6129288.0	41.76670380000001	3.8977054	35000.0	1675141830.0	LECBVNI
6129288.0	41.70712259999999	3.8838906	35000.0	1675141860.0	LECBVNI
6129288.0	41.64753259999999	3.8699374	35000.0	1675141890.0	LECBVNI
6129288.0	41.58789840000001	3.856067	35000.0	1675141920.0	LECBVNI
6129288.0	41.52824359999999	3.8422886	35000.0	1675141950.0	LECBVNI
6129288.0	41.46840920000001	3.8286444	35000.0	1675141980.0	LECBVNI
6129288.0	41.40810440000001	3.814968200000001	35000.0	1675142010.0	LECBVNI
6129288.0	41.3478892	3.8013404	35000.0	1675142040.0	LECBVNI
6129288.0	41.287664000000014	3.7876714	35000.0	1675142070.0	LECBVNI
6129288.0	41.22745699999999	3.774002200000001	35000.0	1675142100.0	LECBVNI
6129288.0	41.1677204	3.7584048	35000.0	1675142130.0	LECBVNI
6129288.0	41.109885600000005	3.735885	34240.0	1675142160.0	LECBVNI
6129288.0	41.05462019999999	3.7061248	33240.0	1675142190.0	LECBVNI
6129288.0	40.99952699999999	3.6778002	32040.0	1675142220.0	LECBVNI
6129288.0	40.94554020000001	3.650467800000001	31040.0	1675142250.0	LECBVNI
6129288.0	40.8920224	3.623154200000001	29920.0	1675142280.0	LECBVNI
6129288.0	40.83940319999999	3.5961311999999994	28840.0	1675142310.0	LECBVNI
6129288.0	40.7874106	3.5694808	27740.0	1675142340.0	LECBVNI
6129288.0	40.7362588	3.5433436	26740.0	1675142370.0	LECBVNI
6129288.0	40.68589500000001	3.5176947999999992	25640.0	1675142400.0	LECBVNI
6129288.0	40.636223	3.4923526	24720.0	1675142430.0	LECBVNI
6129288.0	40.587244	3.467461400000001	23640.0	1675142460.0	LECBVNI
6129288.0	40.538462	3.4429278	22620.0	1675142490.0	LECBVNI
6129289.0	42.12183000000001	4.0806642	37000.0	1675141650.0	LECBVNI
6129289.0	42.0713616	4.0414006	37000.0	1675141680.0	LECBVNI
6129289.0	42.01991759999999	4.003252399999998	37000.0	1675141710.0	LECBVNI
6129289.0	41.9680174	3.9653078	37000.0	1675141740.0	LECBVNI
6129289.0	41.91626	3.9276576	37000.0	1675141770.0	LECBVNI
6129289.0	41.86382299999999	3.8921276000000007	37000.0	1675141800.0	LECBVNI
6129289.0	41.810754	3.8578732	37000.0	1675141830.0	LECBVNI
6129289.0	41.75778779999999	3.8231096	37000.0	1675141860.0	LECBVNI
6129289.0	41.70504	3.787918199999999	37000.0	1675141890.0	LECBVNI
6129289.0	41.652516000000006	3.7524274	37000.0	1675141920.0	LECBVNI
6129289.0	41.6000224	3.7169206	37000.0	1675141950.0	LECBVNI
6129289.0	41.5474444	3.6814372	37000.0	1675141980.0	LECBVNI
6129289.0	41.49460620000001	3.6462538000000007	37000.0	1675142010.0	LECBVNI
6129289.0	41.441257	3.610985200000001	37000.0	1675142040.0	LECBVNI
6129289.0	41.3878738	3.5758748	37000.0	1675142070.0	LECBVNI
6129289.0	41.33460659999999	3.5406358	37000.0	1675142100.0	LECBVNI
6129289.0	41.2812004	3.5053838000000006	37000.0	1675142130.0	LECBVNI
6129289.0	41.2277296	3.47012	37000.0	1675142160.0	LECBVNI
6129289.0	41.1720748	3.4400886	37000.0	1675142190.0	LECBVNI
6129289.0	41.1118224	3.422251599999999	37000.0	1675142220.0	LECBVNI
6129289.0	41.051327	3.4062188000000004	37000.0	1675142250.0	LECBVNI
6129289.0	40.990872200000005	3.3904116	37000.0	1675142280.0	LECBVNI
6129289.0	40.93072019999999	3.3745860000000003	37000.0	1675142310.0	LECBVNI
6129289.0	40.87056919999999	3.3587196000000006	37000.0	1675142340.0	LECBVNI
6129289.0	40.81046100000001	3.342959	37000.0	1675142370.0	LECBVNI
6129289.0	40.750528	3.327282	37000.0	1675142400.0	LECBVNI
6129289.0	40.69088700000001	3.31176	36920.0	1675142430.0	LECBVNI
6129289.0	40.631749600000006	3.296274199999999	36040.0	1675142460.0	LECBVNI
6129289.0	40.57361359999999	3.2810644000000004	35040.0	1675142490.0	LECBVNI
6129289.0	40.516136800000005	3.2660994000000003	34120.0	1675142520.0	LECBVNI
6129289.0	40.45947199999999	3.2514026	33120.0	1675142550.0	LECBVNI
6129289.0	40.40362119999999	3.2368298	32140.0	1675142580.0	LECBVNI
6129289.0	40.3484344	3.2226146000000004	31220.0	1675142610.0	LECBVNI
6129289.0	40.29368039999999	3.2084926	30720.0	1675142640.0	LECBBAS
6129289.0	40.23833200000001	3.1940599999999995	30220.0	1675142670.0	LECBBAS
6129289.0	40.18329520000001	3.180098800000001	29720.0	1675142700.0	LECBBAS
6129289.0	40.12909379999999	3.1664112000000006	29240.0	1675142730.0	LECBBAS
6129289.0	40.07482680000001	3.1525874000000007	28720.0	1675142760.0	LECBBAS
6129289.0	40.021874	3.1389962	28240.0	1675142790.0	LECBBAS
6129289.0	39.9692652	3.1253717999999995	27800.0	1675142820.0	LECBBAS
6129291.0	41.60116480000001	3.835727	30680.0	1675142730.0	LECBVNI
6129291.0	41.61548139999999	3.9233932	31180.0	1675142760.0	LECBVNI
6129291.0	41.63734780000001	4.009261200000001	31680.0	1675142790.0	LECBVNI
6129297.0	37.854570200000005	2.2916538	25000.0	1675141710.0	LECBBAS
6129297.0	37.91061200000001	2.248487199999999	25100.0	1675141740.0	LECBBAS
6129297.0	37.9675908	2.204319	25280.0	1675141770.0	LECBBAS
6129297.0	38.02532700000001	2.160210599999999	25960.0	1675141800.0	LECBBAS
6129297.0	38.0827812	2.1164118	26680.0	1675141830.0	LECBBAS
6129297.0	38.13872380000001	2.0733972	27560.0	1675141860.0	LECBBAS
6129297.0	38.1941414	2.0308434000000006	28280.0	1675141890.0	LECBBAS
6129297.0	38.249334	1.9884806000000004	28860.0	1675141920.0	LECBBAS
6129305.0	41.5122366	3.1882022	39000.0	1675142160.0	LECBVNI
6129305.0	41.44578940000001	3.1850642	39000.0	1675142190.0	LECBVNI
6129305.0	41.37953359999999	3.181890400000001	39000.0	1675142220.0	LECBVNI
6129305.0	41.3134986	3.1786692000000007	39000.0	1675142250.0	LECBVNI
6129305.0	41.24748279999999	3.1756902	39000.0	1675142280.0	LECBVNI
6129305.0	41.18155779999999	3.1726026	39000.0	1675142310.0	LECBVNI
6129305.0	41.11558360000001	3.169502799999999	39000.0	1675142340.0	LECBVNI
6129305.0	41.04964260000001	3.16646	39000.0	1675142370.0	LECBVNI
6129305.0	40.98375979999999	3.1633469999999995	39000.0	1675142400.0	LECBVNI
6129305.0	40.91785579999999	3.1602148	39000.0	1675142430.0	LECBVNI
6129305.0	40.8518924	3.1571493999999998	39000.0	1675142460.0	LECBVNI
6129305.0	40.78574860000001	3.1540770000000005	39000.0	1675142490.0	LECBVNI
6129305.0	40.71945139999999	3.151039199999999	39000.0	1675142520.0	LECBVNI
6129305.0	40.65346460000001	3.1480438000000004	39000.0	1675142550.0	LECBVNI
6129305.0	40.58783759999999	3.1449773999999997	39000.0	1675142580.0	LECBVNI
6129305.0	40.5226528	3.1420190000000003	39000.0	1675142610.0	LECBVNI
6129305.0	40.45742260000001	3.1390655999999995	39000.0	1675142640.0	LECBVNI
6129305.0	40.3921948	3.1360938000000003	39000.0	1675142670.0	LECBVNI
6129305.0	40.32708460000001	3.133179400000001	39000.0	1675142700.0	LECBBAS
6129305.0	40.26201180000001	3.1302346	39000.0	1675142730.0	LECBBAS
6129305.0	40.19659440000001	3.1272122	39000.0	1675142760.0	LECBBAS
6129305.0	40.13148080000001	3.1241965999999994	39000.0	1675142790.0	LECBBAS
6129305.0	40.0663358	3.1212005999999994	39000.0	1675142820.0	LECBBAS
6129309.0	39.0287384	1.8561306	33780.0	1675142790.0	LECBBAS
6129309.0	39.0530016	1.9388126	34480.0	1675142820.0	LECBBAS
6129318.0	42.15652980000001	4.1052994	37000.0	1675141860.0	LECBVNI
6129318.0	42.1045786	4.066167200000001	37000.0	1675141890.0	LECBVNI
6129318.0	42.0520834	4.027442799999999	37000.0	1675141920.0	LECBVNI
6129318.0	41.99939619999999	3.9888988	37000.0	1675141950.0	LECBVNI
6129318.0	41.9444816	3.9552768	37000.0	1675141980.0	LECBVNI
6129318.0	41.88661959999999	3.9296218	37000.0	1675142010.0	LECBVNI
6129318.0	41.82601639999999	3.912725800000001	37000.0	1675142040.0	LECBVNI
6129318.0	41.764895200000005	3.897481	37000.0	1675142070.0	LECBVNI
6129318.0	41.7037764	3.883163600000001	37000.0	1675142100.0	LECBVNI
6129318.0	41.64264219999999	3.8688964	37000.0	1675142130.0	LECBVNI
6129318.0	41.58137	3.8546656000000006	37000.0	1675142160.0	LECBVNI
6129318.0	41.51999019999999	3.840578200000001	37000.0	1675142190.0	LECBVNI
6129318.0	41.45794360000001	3.8264034000000007	37000.0	1675142220.0	LECBVNI
6129318.0	41.395847	3.8122594	37000.0	1675142250.0	LECBVNI
6129318.0	41.33387379999999	3.798161000000001	37000.0	1675142280.0	LECBVNI
6129318.0	41.27168560000001	3.784064800000001	37000.0	1675142310.0	LECBVNI
6129318.0	41.2093756	3.7699292	37000.0	1675142340.0	LECBVNI
6129318.0	41.148278	3.7508174	36620.0	1675142370.0	LECBVNI
6129318.0	41.0908234	3.7247627999999993	34960.0	1675142400.0	LECBVNI
6129318.0	41.03322960000001	3.695107400000001	33440.0	1675142430.0	LECBVNI
6129318.0	40.97554419999999	3.665566600000001	31740.0	1675142460.0	LECBVNI
6129318.0	40.91747300000001	3.635888200000001	30040.0	1675142490.0	LECBVNI
6129318.0	40.8599072	3.606447400000001	28820.0	1675142520.0	LECBVNI
6129318.0	40.804248	3.578072	27740.0	1675142550.0	LECBVNI
6129318.0	40.750922	3.5509478000000003	26660.0	1675142580.0	LECBVNI
6129318.0	40.69762659999999	3.5236754	24860.0	1675142610.0	LECBVNI
6129318.0	40.64413879999999	3.4964408	23540.0	1675142640.0	LECBVNI
6129318.0	40.5913906	3.4698738	22040.0	1675142670.0	LECBVNI
6129318.0	40.53856320000001	3.4427654000000008	20840.0	1675142700.0	LECBVNI
6129336.0	42.148039800000014	4.099764200000001	37000.0	1675142010.0	LECBVNI
6129336.0	42.09664520000001	4.061807399999999	37000.0	1675142040.0	LECBVNI
6129336.0	42.0452528	4.023040399999998	37000.0	1675142070.0	LECBVNI
6129336.0	41.993663600000005	3.984613000000001	37000.0	1675142100.0	LECBVNI
6129336.0	41.9394116	3.9514984000000006	37000.0	1675142130.0	LECBVNI
6129336.0	41.8819172	3.9265998	37000.0	1675142160.0	LECBVNI
6129336.0	41.8222804	3.9103228000000008	37000.0	1675142190.0	LECBVNI
6129336.0	41.7616238	3.8966222	37000.0	1675142220.0	LECBVNI
6129336.0	41.7014854	3.8827154	37000.0	1675142250.0	LECBVNI
6129336.0	41.6413426	3.8686714	37000.0	1675142280.0	LECBVNI
6129336.0	41.58163019999999	3.8524738	37000.0	1675142310.0	LECBVNI
6129336.0	41.52371879999999	3.8290083999999993	37000.0	1675142340.0	LECBVNI
6129336.0	41.465900200000014	3.8051282	37000.0	1675142370.0	LECBVNI
6129336.0	41.4078902	3.7813852	37000.0	1675142400.0	LECBVNI
6129336.0	41.349699	3.7577356	37000.0	1675142430.0	LECBVNI
6129336.0	41.29118700000001	3.733922399999999	37000.0	1675142460.0	LECBVNI
6129336.0	41.232583	3.7101396	37000.0	1675142490.0	LECBVNI
6129336.0	41.17431899999999	3.6865582	36040.0	1675142520.0	LECBVNI
6129336.0	41.1158436	3.662910599999999	34180.0	1675142550.0	LECBVNI
6129336.0	41.05586139999999	3.6384838	32820.0	1675142580.0	LECBVNI
6129336.0	40.9973056	3.615021	31640.0	1675142610.0	LECBVNI
6129336.0	40.94010499999999	3.5922278	30540.0	1675142640.0	LECBVNI
6129336.0	40.8837364	3.5696746	29440.0	1675142670.0	LECBVNI
6129336.0	40.82860519999999	3.547519999999999	28320.0	1675142700.0	LECBVNI
6129336.0	40.77523420000001	3.5261336	27440.0	1675142730.0	LECBVNI
6129336.0	40.72294499999999	3.5052874	26220.0	1675142760.0	LECBVNI
6129336.0	40.6708312	3.4847294000000004	24960.0	1675142790.0	LECBVNI
6129336.0	40.61907640000001	3.4641378000000005	23920.0	1675142820.0	LECBVNI
6129351.0	38.50066560000001	3.953131	36000.0	1675142130.0	LECBBAS
6129351.0	38.56585419999999	3.9664894	36000.0	1675142160.0	LECBBAS
6129351.0	38.6302498	3.978128400000001	36000.0	1675142190.0	LECBBAS
6129351.0	38.695288	3.990748200000001	36000.0	1675142220.0	LECBBAS
6129351.0	38.760135	4.002975999999999	36000.0	1675142250.0	LECBBAS
6129351.0	38.82501779999999	4.015181800000001	36000.0	1675142280.0	LECBBAS
6129351.0	38.89027579999999	4.027457599999999	36000.0	1675142310.0	LECBBAS
6129351.0	38.95531500000001	4.039808400000001	36000.0	1675142340.0	LECBBAS
6129351.0	39.020321800000005	4.052169600000001	36000.0	1675142370.0	LECBBAS
6129351.0	39.08536600000001	4.064698000000001	36000.0	1675142400.0	LECBBAS
6129351.0	39.15040060000001	4.077413999999998	36000.0	1675142430.0	LECBBAS
6129351.0	39.2154098	4.090089999999998	36000.0	1675142460.0	LECBBAS
6129351.0	39.2804348	4.1026886000000005	36000.0	1675142490.0	LECBBAS
6129351.0	39.34542260000001	4.115263799999999	36000.0	1675142520.0	LECBBAS
6129351.0	39.41035959999999	4.127905199999999	36000.0	1675142550.0	LECBBAS
6129351.0	39.4752488	4.140647399999999	36000.0	1675142580.0	LECBBAS
6129351.0	39.5400856	4.153426199999998	36000.0	1675142610.0	LECBBAS
6129351.0	39.60483239999999	4.166123	36000.0	1675142640.0	LECBBAS
6129351.0	39.667749400000005	4.178379200000001	36000.0	1675142670.0	LECBBAS
6129351.0	39.72635540000001	4.190202599999999	36000.0	1675142700.0	LECBBAS
6129351.0	39.78520820000001	4.201625999999998	36000.0	1675142730.0	LECBBAS
6129351.0	39.8457696	4.212992000000002	36000.0	1675142760.0	LECBBAS
6129351.0	39.908331800000006	4.2249696	36000.0	1675142790.0	LECBBAS
6129351.0	39.97191719999999	4.2404372000000015	36000.0	1675142820.0	LECBBAS
6129354.0	42.1249844	4.122580999999999	37000.0	1675142160.0	LECBVNI
6129354.0	42.0690044	4.091814399999999	37000.0	1675142190.0	LECBVNI
6129354.0	42.0130152	4.0607344	37000.0	1675142220.0	LECBVNI
6129354.0	41.95703039999999	4.029554	37000.0	1675142250.0	LECBVNI
6129354.0	41.9011004	3.9980645999999993	37000.0	1675142280.0	LECBVNI
6129354.0	41.842916800000005	3.9729868	37000.0	1675142310.0	LECBVNI
6129354.0	41.78453660000001	3.948169799999999	37000.0	1675142340.0	LECBVNI
6129354.0	41.726442	3.9235472	37000.0	1675142370.0	LECBVNI
6129354.0	41.6685038	3.8989628	37000.0	1675142400.0	LECBVNI
6129354.0	41.6105148	3.8745146	37000.0	1675142430.0	LECBVNI
6129354.0	41.55241859999999	3.850088200000001	37000.0	1675142460.0	LECBVNI
6129354.0	41.49417080000001	3.8255902000000006	36620.0	1675142490.0	LECBVNI
6129354.0	41.43577340000001	3.8011652	36200.0	1675142520.0	LECBVNI
6129354.0	41.3774732	3.7768995999999992	35720.0	1675142550.0	LECBVNI
6129354.0	41.31863600000001	3.7524532	35200.0	1675142580.0	LECBVNI
6129354.0	41.25949300000001	3.7278726	34720.0	1675142610.0	LECBVNI
6129354.0	41.20003159999999	3.7032588	34220.0	1675142640.0	LECBVNI
6129354.0	41.14046080000001	3.6785762000000006	33720.0	1675142670.0	LECBVNI
6129354.0	41.08059220000001	3.653861000000001	32620.0	1675142700.0	LECBVNI
6129354.0	41.0219382	3.629830600000001	31440.0	1675142730.0	LECBVNI
6129354.0	40.964156800000005	3.606137099999999	30240.0	1675142760.0	LECBVNI
6129354.0	40.9071462	3.5827420000000005	29140.0	1675142790.0	LECBVNI
6129354.0	40.851072400000014	3.5597536000000005	28020.0	1675142820.0	LECBVNI
6129358.0	41.55355800000001	3.189677800000001	37000.0	1675142610.0	LECBVNI
6129358.0	41.487796800000005	3.1865508000000005	37000.0	1675142640.0	LECBVNI
6129358.0	41.42227600000001	3.1835052	37000.0	1675142670.0	LECBVNI
6129358.0	41.35715620000001	3.180390799999999	37000.0	1675142700.0	LECBVNI
6129358.0	41.29159219999999	3.1772925999999995	37000.0	1675142730.0	LECBVNI
6129358.0	41.22649980000001	3.1743209999999995	37000.0	1675142760.0	LECBVNI
6129358.0	41.16144080000001	3.1713142000000003	37000.0	1675142790.0	LECBVNI
6129358.0	41.09639939999999	3.1682396	37000.0	1675142820.0	LECBVNI
6129363.0	41.13789480000001	3.9075104	33000.0	1675142520.0	LECBVNI
6129363.0	41.14549940000001	3.832761799999999	33000.0	1675142550.0	LECBVNI
6129363.0	41.15109599999999	3.7578104000000008	33000.0	1675142580.0	LECBVNI
6129363.0	41.15610359999999	3.682468	33000.0	1675142610.0	LECBVNI
6129363.0	41.160887	3.6071468	33000.0	1675142640.0	LECBVNI
6129363.0	41.16550060000001	3.5317871999999992	33000.0	1675142670.0	LECBVNI
6129363.0	41.17008560000001	3.4560506000000006	33000.0	1675142700.0	LECBVNI
6129363.0	41.1745626	3.3804418000000003	33000.0	1675142730.0	LECBVNI
6129363.0	41.17888999999999	3.305265	33000.0	1675142760.0	LECBVNI
6129363.0	41.18321560000001	3.229822	33000.0	1675142790.0	LECBVNI
6129363.0	41.18752680000001	3.1544318	33000.0	1675142820.0	LECBVNI
6129370.0	42.13850319999999	4.1481532	33000.0	1675142280.0	LECBVNI
6129370.0	42.08557999999999	4.1239634	33000.0	1675142310.0	LECBVNI
6129370.0	42.031690800000014	4.099388200000002	33000.0	1675142340.0	LECBVNI
6129370.0	41.9775828	4.074634000000001	33000.0	1675142370.0	LECBVNI
6129370.0	41.92331940000001	4.050059	33000.0	1675142400.0	LECBVNI
6129370.0	41.8692336	4.025555999999999	33000.0	1675142430.0	LECBVNI
6129370.0	41.81607199999999	4.001294000000001	33000.0	1675142460.0	LECBVNI
6129370.0	41.7628886	3.977183	33000.0	1675142490.0	LECBVNI
6129370.0	41.7098536	3.953277800000001	33000.0	1675142520.0	LECBVNI
6129370.0	41.656978400000014	3.929401800000001	33000.0	1675142550.0	LECBVNI
6129370.0	41.60390420000001	3.9056143999999993	33000.0	1675142580.0	LECBVNI
6129370.0	41.55025	3.8816482000000008	33000.0	1675142610.0	LECBVNI
6129370.0	41.49621120000001	3.857418000000001	33000.0	1675142640.0	LECBVNI
6129370.0	41.44209660000001	3.8332176	33000.0	1675142670.0	LECBVNI
6129370.0	41.387376800000006	3.8087899999999992	33000.0	1675142700.0	LECBVNI
6129370.0	41.33254540000001	3.7843424	33000.0	1675142730.0	LECBVNI
6129370.0	41.27795060000001	3.7599802	33000.0	1675142760.0	LECBVNI
6129370.0	41.22384480000001	3.7359602	33000.0	1675142790.0	LECBVNI
6129370.0	41.16993959999999	3.7121294000000007	33000.0	1675142820.0	LECBVNI
6129378.0	42.08596100000001	4.153930400000001	35000.0	1675142340.0	LECBVNI
6129378.0	42.02738279999999	4.126134800000002	35000.0	1675142370.0	LECBVNI
6129378.0	41.9687008	4.098390599999998	35000.0	1675142400.0	LECBVNI
6129378.0	41.9102392	4.070764600000001	35000.0	1675142430.0	LECBVNI
6129378.0	41.85167860000001	4.0431458000000005	35000.0	1675142460.0	LECBVNI
6129378.0	41.79310239999999	4.0156622	35000.0	1675142490.0	LECBVNI
6129378.0	41.73474140000001	3.9882506000000006	35000.0	1675142520.0	LECBVNI
6129378.0	41.67671859999999	3.9610148	35000.0	1675142550.0	LECBVNI
6129378.0	41.61876160000001	3.9337818	35000.0	1675142580.0	LECBVNI
6129378.0	41.56063240000001	3.9064888	35000.0	1675142610.0	LECBVNI
6129378.0	41.5023472	3.8791504	35000.0	1675142640.0	LECBVNI
6129378.0	41.4434444	3.8516646000000008	35000.0	1675142670.0	LECBVNI
6129378.0	41.38245619999999	3.8233943999999993	35000.0	1675142700.0	LECBVNI
6129378.0	41.3216412	3.7951668	35000.0	1675142730.0	LECBVNI
6129378.0	41.2604466	3.7713214	35000.0	1675142760.0	LECBVNI
6129378.0	41.19754239999999	3.753854	35000.0	1675142790.0	LECBVNI
6129378.0	41.1332706	3.7403352	35000.0	1675142820.0	LECBVNI
6129416.0	42.13556279999999	4.0900114	35000.0	1675142610.0	LECBVNI
6129416.0	42.08086060000001	4.049313399999999	35000.0	1675142640.0	LECBVNI
6129416.0	42.02566659999999	4.008200199999999	35000.0	1675142670.0	LECBVNI
6129416.0	41.9705286	3.9675746	35000.0	1675142700.0	LECBVNI
6129416.0	41.9155608	3.92741	35000.0	1675142730.0	LECBVNI
6129416.0	41.8606586	3.8891936	35000.0	1675142760.0	LECBVNI
6129416.0	41.80451199999999	3.8526865999999993	35000.0	1675142790.0	LECBVNI
6129416.0	41.748304800000014	3.8157326	35000.0	1675142820.0	LECBVNI
6129425.0	42.1354114	4.090363399999999	35000.0	1675142670.0	LECBVNI
6129425.0	42.0799962	4.050708199999999	35000.0	1675142700.0	LECBVNI
6129425.0	42.01956919999999	4.021811599999999	35000.0	1675142730.0	LECBVNI
6129425.0	41.95643999999999	4.000643599999998	35000.0	1675142760.0	LECBVNI
6129425.0	41.8928586	3.9818422	35000.0	1675142790.0	LECBVNI
6129425.0	41.82930240000001	3.9633828000000006	35000.0	1675142820.0	LECBVNI
