RTKey	Lat	Lon	Alt	Unixtime	Sector
6126243.0	39.075714	-0.788351	34000.0	1675132380.0	LECBLVU
6126243.0	39.126965	-0.736301	34000.0	1675132410.0	LECBLVU
6126243.0	39.183365	-0.694239	34000.0	1675132440.0	LECBLVU
6126243.0	39.240101	-0.654373	34000.0	1675132470.0	LECBLVU
6126243.0	39.296822	-0.614422	34000.0	1675132500.0	LECBLVU
6126243.0	39.353779	-0.574499	34000.0	1675132530.0	LECBLVU
6126243.0	39.412392	-0.534467	34000.0	1675132560.0	LECBLVU
6126243.0	39.469467	-0.494784	34100.0	1675132590.0	LECBLVU
6126243.0	39.525009	-0.450477	34000.0	1675132620.0	LECBLVU
6126243.0	39.579666	-0.404959	34000.0	1675132650.0	LECBLVU
6126243.0	39.634285	-0.359435	34000.0	1675132680.0	LECBLVU
6126243.0	39.689159	-0.313565	34000.0	1675132710.0	LECBLVU
6126243.0	39.743744	-0.268006	34000.0	1675132740.0	LECBLVU
6126243.0	39.798359	-0.222355	34000.0	1675132770.0	LECBLVU
6126243.0	39.852959	-0.176611	34000.0	1675132800.0	LECBLVU
6126243.0	39.90786	-0.130455	34000.0	1675132830.0	LECBLVU
6126243.0	39.962811	-0.084163	34000.0	1675132860.0	LECBLVU
6126243.0	40.017475	-0.037966	34000.0	1675132890.0	LECBLVU
6126243.0	40.072067	0.008174	34000.0	1675132920.0	LECBLVU
6126243.0	40.12664	0.054366	34000.0	1675132950.0	LECBLVU
6126243.0	40.181244	0.100347	34000.0	1675132980.0	LECBLVU
6126243.0	40.238693	0.138587	33600.0	1675133010.0	LECBLVU
6126243.0	40.298801	0.168267	32900.0	1675133040.0	LECBLVU
6126246.0	38.831524	-1.297207	38000.0	1675132440.0	LECBLVU
6126246.0	38.879089	-1.238717	38000.0	1675132470.0	LECBLVU
6126246.0	38.926659	-1.180108	38000.0	1675132500.0	LECBLVU
6126246.0	38.974251	-1.121444	38000.0	1675132530.0	LECBLVU
6126246.0	39.021851	-1.062531	38000.0	1675132560.0	LECBLVU
6126246.0	39.069576	-1.003372	38000.0	1675132590.0	LECBLVU
6126246.0	39.117733	-0.943462	38000.0	1675132620.0	LECBLVU
6126246.0	39.165684	-0.883937	38000.0	1675132650.0	LECBLVU
6126246.0	39.213917	-0.823761	38100.0	1675132680.0	LECBLVU
6126246.0	39.262119	-0.763567	38100.0	1675132710.0	LECBLVU
6126246.0	39.310104	-0.70335	38000.0	1675132740.0	LECBLVU
6126246.0	39.357906	-0.643262	38100.0	1675132770.0	LECBLVU
6126246.0	39.406334	-0.582829	38100.0	1675132800.0	LECBLVU
6126246.0	39.454407	-0.522799	38000.0	1675132830.0	LECBLVU
6126246.0	39.505817	-0.468367	38000.0	1675132860.0	LECBLVU
6126246.0	39.560486	-0.42141	38000.0	1675132890.0	LECBLVU
6126246.0	39.615318	-0.375592	38000.0	1675132920.0	LECBLVU
6126246.0	39.670231	-0.329661	38000.0	1675132950.0	LECBLVU
6126246.0	39.725315	-0.283274	38000.0	1675132980.0	LECBLVU
6126246.0	39.780003	-0.237757	38000.0	1675133010.0	LECBLVU
6126246.0	39.834827	-0.191825	38000.0	1675133040.0	LECBLVU
6126778.0	37.993954	-1.323773	35000.0	1675132380.0	LECBLVS
6126778.0	37.969379	-1.390548	35000.0	1675132410.0	LECBLVS
6126778.0	37.944641	-1.457125	35000.0	1675132440.0	LECBLVS
6126778.0	37.920097	-1.523475	35000.0	1675132470.0	LECBLVS
6126847.0	39.29158	-0.48938	34000.0	1675132380.0	LECBLVU
6126847.0	39.342148	-0.430065	34000.0	1675132410.0	LECBLVU
6126847.0	39.393063	-0.370995	34000.0	1675132440.0	LECBLVU
6126847.0	39.443977	-0.312121	34000.0	1675132470.0	LECBLVU
6126847.0	39.494862	-0.253484	34000.0	1675132500.0	LECBLVU
6126847.0	39.54528	-0.194731	34000.0	1675132530.0	LECBLVU
6126847.0	39.596165	-0.135256	34000.0	1675132560.0	LECBLVU
6126847.0	39.646793	-0.076101	34000.0	1675132590.0	LECBLVU
6126847.0	39.697514	-0.01656	34000.0	1675132620.0	LECBLVU
6126847.0	39.747932	0.042857	34000.0	1675132650.0	LECBLVU
6126847.0	39.798325	0.102338	34000.0	1675132680.0	LECBLVU
6126847.0	39.848682	0.161927	34000.0	1675132710.0	LECBLVU
6126847.0	39.899048	0.221602	34000.0	1675132740.0	LECBLVU
6126847.0	39.949409	0.28132	34000.0	1675132770.0	LECBLVU
6126847.0	39.999779	0.341059	34000.0	1675132800.0	LECBLVU
6126847.0	40.050114	0.400972	34000.0	1675132830.0	LECBLVU
6126847.0	40.100723	0.461382	34000.0	1675132860.0	LECBLVU
6126847.0	40.151688	0.522289	34000.0	1675132890.0	LECBLVU
6126847.0	40.202183	0.582856	34000.0	1675132920.0	LECBLVU
6126847.0	40.252663	0.643468	34000.0	1675132950.0	LECBLVU
6126847.0	40.30304	0.704126	34000.0	1675132980.0	LECBLVU
6126847.0	40.353474	0.764895	34000.0	1675133010.0	LECBLVU
6126847.0	40.403889	0.825818	34000.0	1675133040.0	LECBLVU
6126848.0	38.833801	-1.301447	38000.0	1675132620.0	LECBLVU
6126848.0	38.881104	-1.242821	38000.0	1675132650.0	LECBLVU
6126848.0	38.928364	-1.183989	38000.0	1675132680.0	LECBLVU
6126848.0	38.975613	-1.125165	38000.0	1675132710.0	LECBLVU
6126848.0	39.022884	-1.06605	38000.0	1675132740.0	LECBLVU
6126848.0	39.070824	-1.006215	38000.0	1675132770.0	LECBLVU
6126848.0	39.118412	-0.94646	38000.0	1675132800.0	LECBLVU
6126848.0	39.166222	-0.886546	38000.0	1675132830.0	LECBLVU
6126848.0	39.214367	-0.825854	38000.0	1675132860.0	LECBLVU
6126848.0	39.262184	-0.765694	38000.0	1675132890.0	LECBLVU
6126848.0	39.309738	-0.705488	38000.0	1675132920.0	LECBLVU
6126848.0	39.357426	-0.645355	38000.0	1675132950.0	LECBLVU
6126848.0	39.405148	-0.585207	38000.0	1675132980.0	LECBLVU
6126848.0	39.452721	-0.52506	38000.0	1675133010.0	LECBLVU
6126848.0	39.503437	-0.47042	37900.0	1675133040.0	LECBLVU
6126881.0	39.557369	0.601759	37000.0	1675132380.0	LECBLVS
6126881.0	39.553242	0.528553	37000.0	1675132410.0	LECBLVU
6126881.0	39.548687	0.456114	37000.0	1675132440.0	LECBLVU
6126881.0	39.54427	0.383382	37000.0	1675132470.0	LECBLVU
6126881.0	39.539707	0.310682	37000.0	1675132500.0	LECBLVU
6126881.0	39.535069	0.23797	37000.0	1675132530.0	LECBLVU
6126881.0	39.530266	0.165164	37000.0	1675132560.0	LECBLVU
6126881.0	39.525414	0.092389	37000.0	1675132590.0	LECBLVU
6126881.0	39.520466	0.019216	37000.0	1675132620.0	LECBLVU
6126881.0	39.515594	-0.053582	37000.0	1675132650.0	LECBLVU
6126881.0	39.510723	-0.126434	37000.0	1675132680.0	LECBLVU
6126881.0	39.50573	-0.198908	37000.0	1675132710.0	LECBLVU
6126881.0	39.500786	-0.271696	37000.0	1675132740.0	LECBLVU
6126881.0	39.496552	-0.345523	37000.0	1675132770.0	LECBLVU
6126881.0	39.499954	-0.418464	37000.0	1675132800.0	LECBLVU
6126881.0	39.509933	-0.49039	37000.0	1675132830.0	LECBLVU
6126881.0	39.526867	-0.560746	37000.0	1675132860.0	LECBLVU
6126881.0	39.55003	-0.627897	37000.0	1675132890.0	LECBLVU
6126881.0	39.578171	-0.692276	36700.0	1675132920.0	LECBLVU
6126881.0	39.606598	-0.75622	36400.0	1675132950.0	LECBLVU
6126881.0	39.634674	-0.820163	36000.0	1675132980.0	LECBLVU
6126881.0	39.662682	-0.884198	35600.0	1675133010.0	LECBLVU
6126881.0	39.69136	-0.949689	35200.0	1675133040.0	LECBLVU
6126893.0	39.365337	-0.687258	35000.0	1675132380.0	LECBLVU
6126893.0	39.329529	-0.748195	35000.0	1675132410.0	LECBLVU
6126893.0	39.293602	-0.809067	35000.0	1675132440.0	LECBLVU
6126893.0	39.257813	-0.869732	35000.0	1675132470.0	LECBLVU
6126893.0	39.221786	-0.930778	35000.0	1675132500.0	LECBLVU
6126893.0	39.185612	-0.991887	35000.0	1675132530.0	LECBLVU
6126893.0	39.149574	-1.052617	35000.0	1675132560.0	LECBLVU
6126893.0	39.113594	-1.113138	35000.0	1675132590.0	LECBLVU
6126893.0	39.077385	-1.173568	35000.0	1675132620.0	LECBLVU
6126893.0	39.041183	-1.23428	35000.0	1675132650.0	LECBLVU
6126910.0	38.486523	-1.076029	38000.0	1675132380.0	LECBLVU
6126910.0	38.537781	-1.025474	38000.0	1675132410.0	LECBLVU
6126910.0	38.588943	-0.97525	38000.0	1675132440.0	LECBLVU
6126910.0	38.640636	-0.92563	38000.0	1675132470.0	LECBLVU
6126910.0	38.692169	-0.875636	38000.0	1675132500.0	LECBLVU
6126910.0	38.743717	-0.825145	38000.0	1675132530.0	LECBLVU
6126910.0	38.79496	-0.774766	38000.0	1675132560.0	LECBLVU
6126910.0	38.8461	-0.724334	38000.0	1675132590.0	LECBLVU
6126910.0	38.897449	-0.673686	38000.0	1675132620.0	LECBLVU
6126910.0	38.948658	-0.623325	38000.0	1675132650.0	LECBLVU
6126910.0	38.999893	-0.572957	38000.0	1675132680.0	LECBLVU
6126910.0	39.051044	-0.522365	38000.0	1675132710.0	LECBLVU
6126910.0	39.102024	-0.471547	38000.0	1675132740.0	LECBLVU
6126910.0	39.153183	-0.420768	38000.0	1675132770.0	LECBLVU
6126910.0	39.204506	-0.369555	38000.0	1675132800.0	LECBLVU
6126910.0	39.256008	-0.318229	38000.0	1675132830.0	LECBLVU
6126910.0	39.30759	-0.266594	38000.0	1675132860.0	LECBLVU
6126910.0	39.359066	-0.215183	38000.0	1675132890.0	LECBLVU
6126910.0	39.410534	-0.163589	38000.0	1675132920.0	LECBLVU
6126910.0	39.462299	-0.111711	38000.0	1675132950.0	LECBLVU
6126910.0	39.513752	-0.060181	38000.0	1675132980.0	LECBLVU
6126910.0	39.565166	-0.008468	38000.0	1675133010.0	LECBLVU
6126910.0	39.616409	0.043215	38000.0	1675133040.0	LECBLVU
6126922.0	40.525856	0.432144	36000.0	1675132380.0	LECBLVU
6126922.0	40.585155	0.454822	36000.0	1675132410.0	LECBLVU
6126922.0	40.644463	0.477538	36000.0	1675132440.0	LECBLVU
6126934.0	39.62047520000001	1.5487642	35000.0	1675132380.0	LECBLVS
6126934.0	39.61254179999999	1.473507	35000.0	1675132410.0	LECBLVS
6126934.0	39.604457	1.3982844000000003	35000.0	1675132440.0	LECBLVS
6126934.0	39.599764	1.3227608	35000.0	1675132470.0	LECBLVS
6126934.0	39.59545060000001	1.2472298000000004	35000.0	1675132500.0	LECBLVS
6126934.0	39.591156	1.169626	35000.0	1675132530.0	LECBLVS
6126934.0	39.586815	1.094519	35000.0	1675132560.0	LECBLVS
6126934.0	39.582359	1.019336	35000.0	1675132590.0	LECBLVS
6126934.0	39.577988	0.943818	35000.0	1675132620.0	LECBLVS
6126934.0	39.573616	0.868761	35000.0	1675132650.0	LECBLVS
6126934.0	39.569199	0.793735	35000.0	1675132680.0	LECBLVS
6126934.0	39.564648	0.718634	35000.0	1675132710.0	LECBLVS
6126934.0	39.560017	0.643457	35000.0	1675132740.0	LECBLVS
6126934.0	39.555248	0.567774	35000.0	1675132770.0	LECBLVU
6126934.0	39.550488	0.492661	35000.0	1675132800.0	LECBLVU
6126934.0	39.545891	0.417276	35000.0	1675132830.0	LECBLVU
6126934.0	39.541229	0.341514	35000.0	1675132860.0	LECBLVU
6126934.0	39.5364	0.26613	35000.0	1675132890.0	LECBLVU
6126934.0	39.531494	0.190801	35000.0	1675132920.0	LECBLVU
6126934.0	39.526485	0.115484	35000.0	1675132950.0	LECBLVU
6126934.0	39.521381	0.040158	35000.0	1675132980.0	LECBLVU
6126934.0	39.516308	-0.035137	35000.0	1675133010.0	LECBLVU
6126934.0	39.511257	-0.110486	35000.0	1675133040.0	LECBLVU
6126939.0	40.455441	0.868618	39000.0	1675132650.0	LECBLVU
6126939.0	40.416237	0.812984	39000.0	1675132680.0	LECBLVU
6126939.0	40.37706	0.75739	39000.0	1675132710.0	LECBLVU
6126939.0	40.337887	0.70173	39000.0	1675132740.0	LECBLVU
6126939.0	40.298603	0.646134	39000.0	1675132770.0	LECBLVU
6126939.0	40.259361	0.59071	39000.0	1675132800.0	LECBLVU
6126939.0	40.220329	0.53563	39000.0	1675132830.0	LECBLVU
6126939.0	40.181252	0.480612	39000.0	1675132860.0	LECBLVU
6126939.0	40.142014	0.425463	39000.0	1675132890.0	LECBLVU
6126939.0	40.102818	0.370419	39000.0	1675132920.0	LECBLVU
6126939.0	40.063461	0.315266	39000.0	1675132950.0	LECBLVU
6126939.0	40.024082	0.260285	39000.0	1675132980.0	LECBLVU
6126939.0	39.984875	0.205775	39000.0	1675133010.0	LECBLVU
6126939.0	39.945915	0.151518	39000.0	1675133040.0	LECBLVU
6126948.0	40.177277	0.300187	34900.0	1675132380.0	LECBLVU
6126948.0	40.238983	0.323521	35400.0	1675132410.0	LECBLVU
6126948.0	40.300549	0.346855	36000.0	1675132440.0	LECBLVU
6126948.0	40.361923	0.370123	36500.0	1675132470.0	LECBLVU
6126948.0	40.422443	0.393115	36900.0	1675132500.0	LECBLVU
6126948.0	40.484058	0.416593	37200.0	1675132530.0	LECBLVU
6126948.0	40.544785	0.439927	37900.0	1675132560.0	LECBLVU
6126948.0	40.605286	0.462998	38000.0	1675132590.0	LECBLVU
6126948.0	40.666363	0.486367	38000.0	1675132620.0	LECBLVU
6126953.0	39.185379	0.196164	36000.0	1675132380.0	LECBLVU
6126953.0	39.249897	0.214668	36000.0	1675132410.0	LECBLVU
6126953.0	39.3144	0.233249	36000.0	1675132440.0	LECBLVU
6126953.0	39.378761	0.251908	36000.0	1675132470.0	LECBLVU
6126953.0	39.443123	0.270666	36000.0	1675132500.0	LECBLVU
6126953.0	39.507431	0.289587	36000.0	1675132530.0	LECBLVU
6126953.0	39.568439	0.324513	36000.0	1675132560.0	LECBLVU
6126953.0	39.627281	0.368154	36000.0	1675132590.0	LECBLVU
6126953.0	39.68552	0.413776	36000.0	1675132620.0	LECBLVU
6126953.0	39.74337	0.45898	36000.0	1675132650.0	LECBLVU
6126953.0	39.80093	0.503981	36000.0	1675132680.0	LECBLVU
6126953.0	39.858345	0.549426	36000.0	1675132710.0	LECBLVU
6126953.0	39.915405	0.594819	36000.0	1675132740.0	LECBLVU
6126953.0	39.972496	0.640221	36000.0	1675132770.0	LECBLVU
6126953.0	40.029522	0.685655	36000.0	1675132800.0	LECBLVU
6126953.0	40.086559	0.731207	36000.0	1675132830.0	LECBLVU
6126953.0	40.144016	0.777049	36000.0	1675132860.0	LECBLVU
6126953.0	40.201218	0.822664	36000.0	1675132890.0	LECBLVU
6126953.0	40.25843	0.868267	36000.0	1675132920.0	LECBLVU
6126953.0	40.315479	0.913991	36000.0	1675132950.0	LECBLVU
6126953.0	40.372608	0.959856	36000.0	1675132980.0	LECBLVU
6126963.0	39.678295	1.9288764000000005	35000.0	1675132530.0	LECBLVS
6126963.0	39.6684832	1.8561466	35000.0	1675132560.0	LECBLVS
6126963.0	39.658511	1.7830042000000004	35000.0	1675132590.0	LECBLVS
6126963.0	39.64836939999999	1.7090451999999996	35000.0	1675132620.0	LECBLVS
6126963.0	39.6382198	1.6353141999999998	34920.0	1675132650.0	LECBLVS
6126963.0	39.62815639999999	1.5624507999999997	34500.0	1675132680.0	LECBLVS
6126963.0	39.6181158	1.4901350000000002	34020.0	1675132710.0	LECBLVS
6126963.0	39.6079554	1.4170852000000005	33520.0	1675132740.0	LECBLVS
6126963.0	39.60134740000001	1.3434292	33020.0	1675132770.0	LECBLVS
6126963.0	39.5969192	1.2700469999999997	32520.0	1675132800.0	LECBLVS
6126963.0	39.592781	1.19623	32000.0	1675132830.0	LECBLVS
6126963.0	39.588661	1.125367	31500.0	1675132860.0	LECBLVS
6126963.0	39.584515	1.054017	31000.0	1675132890.0	LECBLVS
6126963.0	39.580456	0.983364	30000.0	1675132920.0	LECBLVS
6126963.0	39.576313	0.914121	28900.0	1675132950.0	LECBLVS
6126963.0	39.572327	0.845231	27700.0	1675132980.0	LECBLVS
6126963.0	39.568218	0.776844	26600.0	1675133010.0	LECBLVS
6126963.0	39.568645	0.709165	25500.0	1675133040.0	LECBLVS
6126968.0	39.577137	0.930155	31000.0	1675132380.0	LECBLVS
6126968.0	39.573181	0.862232	31000.0	1675132410.0	LECBLVS
6126968.0	39.56905	0.79393	31000.0	1675132440.0	LECBLVS
6126968.0	39.564945	0.725528	31000.0	1675132470.0	LECBLVS
6126968.0	39.560768	0.657027	31000.0	1675132500.0	LECBLVS
6126992.0	40.174545	-0.213137	33000.0	1675132710.0	LECBLVU
6126992.0	40.108173	-0.240672	33000.0	1675132740.0	LECBLVU
6126992.0	40.041355	-0.267537	33000.0	1675132770.0	LECBLVU
6126992.0	39.973698	-0.294029	33000.0	1675132800.0	LECBLVU
6126992.0	39.905972	-0.320015	33000.0	1675132830.0	LECBLVU
6126992.0	39.838249	-0.34647	33000.0	1675132860.0	LECBLVU
6126992.0	39.771343	-0.372548	33000.0	1675132890.0	LECBLVU
6126992.0	39.704391	-0.398705	33000.0	1675132920.0	LECBLVU
6126992.0	39.63702	-0.424847	33000.0	1675132950.0	LECBLVU
6126992.0	39.56855	-0.451343	33000.0	1675132980.0	LECBLVU
6126992.0	39.504562	-0.486921	33000.0	1675133010.0	LECBLVU
6126992.0	39.451389	-0.541552	33000.0	1675133040.0	LECBLVU
6127034.0	37.399403	-0.020115	32000.0	1675132380.0	LECBLVS
6127034.0	37.440163	-0.019837	32000.0	1675132410.0	LECBLVS
6127034.0	37.480789	-0.019535	32000.0	1675132440.0	LECBLVS
6127034.0	37.52145	-0.019255	32000.0	1675132470.0	LECBLVS
6127034.0	37.562141	-0.018976	32000.0	1675132500.0	LECBLVS
6127034.0	37.602886	-0.018739	32000.0	1675132530.0	LECBLVS
6127034.0	37.643528	-0.018543	32000.0	1675132560.0	LECBLVS
6127034.0	37.684174	-0.018305	32000.0	1675132590.0	LECBLVS
6127034.0	37.724682	-0.018106	32000.0	1675132620.0	LECBLVS
6127034.0	37.765194	-0.017845	32000.0	1675132650.0	LECBLVS
6127034.0	37.80542	-0.017537	32000.0	1675132680.0	LECBLVS
6127034.0	37.845699	-0.017229	32000.0	1675132710.0	LECBLVS
6127034.0	37.886127	-0.017051	32100.0	1675132740.0	LECBLVS
6127034.0	37.926571	-0.016746	32000.0	1675132770.0	LECBLVS
6127034.0	37.967232	-0.016508	32000.0	1675132800.0	LECBLVS
6127034.0	38.007759	-0.016163	32000.0	1675132830.0	LECBLVS
6127034.0	38.048588	-0.015886	32000.0	1675132860.0	LECBLVS
6127034.0	38.089767	-0.015678	32000.0	1675132890.0	LECBLVS
6127034.0	38.13068	-0.015339	32000.0	1675132920.0	LECBLVS
6127034.0	38.171608	-0.015063	32000.0	1675132950.0	LECBLVS
6127034.0	38.212654	-0.014748	32000.0	1675132980.0	LECBLVS
6127034.0	38.253681	-0.014432	32000.0	1675133010.0	LECBLVS
6127034.0	38.294811	-0.014117	32000.0	1675133040.0	LECBLVS
6127102.0	37.654564	-0.158631	21300.0	1675133010.0	LECBLVS
6127102.0	37.597374	-0.148753	22600.0	1675133040.0	LECBLVS
