RTKey,Lat,Lon,Alt,Unixtime,Sector
6126842,40.476982,0.903733,37700.0,1675139480.0,LECBLVU
6126932,40.285645,0.160868,32500.0,1675139825.0,LECBLVU
6127000,39.924789,0.121492,36000.0,1675140145.0,LECBLVU
6127512,40.475182,0.90348,40000.0,1675139000.0,LECBLVU
6127613,39.008091,-1.2904,37000.0,1675139460.0,LECBLVU
6127632,40.933208,-0.678549,35000.0,1675139134.0,LECBP2R
6128751,40.840286,-0.716671,32500.0,1675139229.0,LECBP2R
6128754,39.006073,-1.293676,39000.0,1675140019.0,LECBLVU
6128764,39.747829,-1.079728,33000.0,1675139699.0,LECBLVU
6128768,40.03727,-0.052018,38000.0,1675140145.0,LECBLVU
6128774,41.342628,0.494021,34000.0,1675139820.0,LECBP2R
6128779,40.373711,0.195839,32600.0,1675140085.0,LECBLVU
6128801,41.342525,0.485948,38000.0,1675139950.0,LECBP2R
6128802,38.532005,-1.139379,35400.0,1675139825.0,LECBLVU
6128804,41.342731,0.491896,36000.0,1675139380.0,LECBP2R
6128811,39.30843,-0.644165,36000.0,1675140145.0,LECBLVU
6128827,41.342613,0.48661,35900.0,1675139560.0,LECBP2R
6128844,39.008831,-1.291092,33000.0,1675139939.0,LECBLVU
6128856,40.233776,-0.192107,30800.0,1675139390.0,LECBP2R
6128867,40.921459,-0.608205,32500.0,1675140144.0,LECBP2R
6128888,39.956547,0.166981,33000.0,1675140145.0,LECBLVU
6128917,40.23587,-0.192759,30800.0,1675139855.0,LECBP2R
6128922,40.232182,-0.192836,31500.0,1675139920.0,LECBP2R
6128937,41.901531,-0.340477,31400.0,1675139954.0,LECBP2R
6128944,40.247368,-0.186553,30700.0,1675139985.0,LECBP2R
6129051,41.69548,0.10377,39000.0,1675140145.0,LECBP2R
6129067,41.909607,0.358886,37000.0,1675140145.0,LECBP2R
