RTKey,Lat,Lon,Alt,Unixtime,Sector
6129079,38.116684,3.15411,31100.0,1675141991.0,LECBBAS
6129081,40.396164,6.677231,28500.0,1675141977.0,LFMMZZ
6129083,39.44907,1.998712,24500.0,1675142236.0,LECBBAS
6129106,39.701412,3.856744,38000.0,1675143546.0,LECBBAS
6129119,39.4104,2.560645,24600.0,1675142576.0,LECBBAS
6129122,38.383076,1.948524,35000.0,1675142281.0,LECBBAS
6129132,39.246971,1.72878,33400.0,1675142111.0,LECBBAS
6129133,40.397209,6.678755,34000.0,1675143062.0,LFMMZZ
6129137,38.152283,3.227894,37000.0,1675142356.0,LECBBAS
6129189,39.631535,1.924865,37000.0,1675141936.0,LECBBAS
6129195,38.119251,3.15627,30400.0,1675142841.0,LECBBAS
6129220,39.665623,1.942132,37000.0,1675142191.0,LECBBAS
6129233,38.116241,3.155555,30200.0,1675143186.0,LECBBAS
6129251,39.861923,2.111384,35800.0,1675142481.0,LECBBAS
6129255,40.703259,6.611853,38000.0,1675143087.0,LFMMZZ
6129265,40.064178,4.666337,36000.0,1675143441.0,LECBBAS
6129272,39.198277,1.725081,41000.0,1675142821.0,LECBBAS
6129276,39.198853,1.723199,37000.0,1675142725.0,LECBBAS
6129289,39.670483,2.927399,24500.0,1675143021.0,LECBBAS
6129297,38.260399,1.979949,28900.0,1675141926.0,LECBBAS
6129305,38.456326,3.145157,30600.0,1675143546.0,LECBBAS
6129309,39.884842,3.577212,36000.0,1675143546.0,LECBBAS
6129350,39.956146,4.666884,22900.0,1675142121.0,LFMMZZ
6129351,39.995155,4.246347,36000.0,1675142831.0,LECBBAS
6129358,39.554546,2.877667,37000.0,1675143546.0,LECBBAS
6129360,39.577877,4.493827,38000.0,1675143546.0,LECBBAS
6129361,39.261536,2.66735,36000.0,1675143546.0,LECBBAS
6129409,39.041832,1.900954,25000.0,1675143546.0,LECBBAS
6129416,40.360851,2.967891,35000.0,1675143546.0,LECBBAS
6129468,39.788383,3.267886,37000.0,1675143546.0,LECBBAS
6129478,39.715729,3.517772,37000.0,1675143546.0,LECBBAS
6129513,38.383358,2.910315,36000.0,1675143546.0,LECBBAS
6129533,38.563931,3.965306,30800.0,1675143546.0,LECBBAS
6129542,39.986687,4.772118,37000.0,1675143546.0,LFMMZZ
6129629,40.198597,6.293497,39000.0,1675143547.0,LFMMZZ
