RTKey,Lat,Lon,Alt,Unixtime,Sector
6126842,41.632839,4.029811,38000.0,1675140676.0,LECBVNI
6127000,41.634296,4.037872,38000.0,1675141736.0,LECBVNI
6127512,42.083927,4.395284,34000.0,1675140366.0,LECBVNI
6128719,39.954086,4.66095,36000.0,1675140736.0,LECBBAS
6128774,41.0009,3.88224,34000.0,1675140941.0,LECBVNI
6128801,41.633064,4.032132,38000.0,1675141101.0,LECBVNI
6128804,41.634563,4.041217,36000.0,1675140596.0,LECBVNI
6128811,41.621471,3.959814,36000.0,1675142111.0,LECBVNI
6128827,41.632889,4.029769,36000.0,1675140696.0,LECBVNI
6128898,38.114403,3.151768,29600.0,1675140416.0,LECBBAS
6128926,39.246723,1.728778,36600.0,1675140471.0,LECBBAS
6128960,40.973267,3.880971,36000.0,1675141751.0,LECBVNI
6128989,40.999439,3.890722,34000.0,1675142086.0,LECBVNI
6129026,42.083004,4.379377,38000.0,1675141661.0,LECBVNI
6129029,39.576172,2.719875,24500.0,1675140831.0,LECBBAS
6129057,39.093494,2.112556,24600.0,1675141196.0,LECBBAS
6129066,40.501503,3.553714,22800.0,1675140596.0,LECBVNI
6129068,39.191757,1.724134,38900.0,1675141031.0,LECBBAS
6129079,38.116684,3.15411,31100.0,1675141991.0,LECBBAS
6129081,39.945435,4.66583,38000.0,1675141311.0,LECBBAS
6129103,39.763721,3.614726,25100.0,1675140771.0,LECBBAS
6129104,39.675926,1.945456,37000.0,1675141216.0,LECBBAS
6129122,38.679733,2.174078,35000.0,1675142111.0,LECBBAS
6129127,39.577019,1.89435,29000.0,1675141651.0,LECBBAS
6129137,38.681824,3.140278,37000.0,1675142111.0,LECBBAS
6129159,40.693848,3.528078,19700.0,1675141291.0,LECBVNI
6129169,39.287167,2.524479,24500.0,1675141731.0,LECBBAS
6129175,40.500668,3.417815,20800.0,1675141541.0,LECBVNI
6129189,39.631535,1.924865,37000.0,1675141936.0,LECBBAS
6129191,40.518955,3.421683,19600.0,1675141706.0,LECBVNI
6129195,39.615147,3.451234,37000.0,1675142111.0,LECBBAS
6129197,41.231091,2.953046,35000.0,1675141541.0,LECBVNI
6129198,39.501148,2.534266,34000.0,1675142111.0,LECBBAS
6129208,40.519653,3.432523,19600.0,1675141831.0,LECBVNI
6129220,39.685925,2.131897,37000.0,1675142111.0,LECBBAS
6129225,38.780651,1.840426,37000.0,1675141721.0,LECBBAS
6129233,40.411434,3.136904,37000.0,1675142111.0,LECBVNI
6129242,38.260414,1.979992,38800.0,1675141441.0,LECBBAS
6129244,40.533859,3.439739,20100.0,1675142111.0,LECBVNI
6129245,38.781731,1.83807,39000.0,1675141851.0,LECBBAS
6129251,39.498566,2.957686,28200.0,1675142111.0,LECBBAS
6129272,39.623791,3.222703,41000.0,1675142111.0,LECBBAS
6129276,39.612099,3.162474,37000.0,1675142111.0,LECBBAS
6129288,41.205425,3.769032,35000.0,1675142111.0,LECBVNI
6129289,41.315056,3.527718,37000.0,1675142111.0,LECBVNI
6129297,38.260399,1.979949,28900.0,1675141926.0,LECBBAS
6129318,41.681377,3.877912,37000.0,1675142111.0,LECBVNI
6129336,41.974251,3.971644,37000.0,1675142111.0,LECBVNI
