RTKey	Lat	Lon	Alt	Unixtime	Sector
6129049.0	42.60977980000001	1.3331249999999997	40000.0	1675141980.0	LECBG23
6129049.0	42.6685916	1.3251189999999995	40000.0	1675142010.0	LECBG23
6129061.0	42.304276	1.042622	38000.0	1675141980.0	LECBG23
6129061.0	42.360874	1.023039	38000.0	1675142010.0	LECBG23
6129061.0	42.417046	1.00122	38000.0	1675142040.0	LECBG23
6129061.0	42.473263	0.979453	38000.0	1675142070.0	LECBG23
6129061.0	42.529575	0.957558	38000.0	1675142100.0	LECBG23
6129061.0	42.586014	0.935624	38000.0	1675142130.0	LECBG23
6129061.0	42.642609	0.913583	38000.0	1675142160.0	LECBG23
6129061.0	42.69726119999999	0.8921944000000002	38000.0	1675142190.0	LECBG23
6129061.0	42.75349100000001	0.8701503999999999	38000.0	1675142220.0	LECBG23
6129061.0	42.811546	0.847343	38000.0	1675142250.0	LECBG23
6129071.0	41.315639	1.204869	38000.0	1675141980.0	LECBG23
6129071.0	41.376576400000005	1.2211385999999995	38020.0	1675142010.0	LECBG23
6129071.0	41.43886819999999	1.2380622	38100.0	1675142040.0	LECBG23
6129071.0	41.50070080000001	1.2547959999999998	38000.0	1675142070.0	LECBG23
6129071.0	41.562175	1.2715958000000005	38000.0	1675142100.0	LECBG23
6129071.0	41.623795	1.2882672000000002	38000.0	1675142130.0	LECBG23
6129071.0	41.68531980000001	1.3050100000000004	38000.0	1675142160.0	LECBG23
6129071.0	41.7466788	1.3219345999999996	38000.0	1675142190.0	LECBG23
6129071.0	41.80779240000001	1.3386893999999996	38000.0	1675142220.0	LECBG23
6129071.0	41.867867	1.3552554	38000.0	1675142250.0	LECBG23
6129071.0	41.9279792	1.3719587999999998	37900.0	1675142280.0	LECBG23
6129071.0	41.9882142	1.3884377999999995	38000.0	1675142310.0	LECBG23
6129071.0	42.04868619999999	1.4051364	38000.0	1675142340.0	LECBG23
6129071.0	42.1096172	1.4221136	38000.0	1675142370.0	LECBG23
6129071.0	42.17022720000001	1.4389281999999997	38000.0	1675142400.0	LECBG23
6129071.0	42.230747	1.4557428	38000.0	1675142430.0	LECBG23
6129071.0	42.2915366	1.4635825999999998	38000.0	1675142460.0	LECBG23
6129071.0	42.35077220000001	1.453997	38000.0	1675142490.0	LECBG23
6129071.0	42.4097234	1.4426348	38000.0	1675142520.0	LECBG23
6129071.0	42.46852679999999	1.4311926	38000.0	1675142550.0	LECBG23
6129071.0	42.52729480000001	1.4197618	38000.0	1675142580.0	LECBG23
6129071.0	42.586002	1.4082068	38000.0	1675142610.0	LECBG23
6129071.0	42.644631800000006	1.3964941999999998	38000.0	1675142640.0	LECBG23
6129079.0	38.13910419999999	3.1509206	31100.0	1675141980.0	LECBBAS
6129083.0	39.4348462	1.879116	25940.0	1675142190.0	LECBBAS
6129083.0	39.444903800000006	1.9571334	25040.0	1675142220.0	LECBBAS
6129106.0	39.03210940000001	1.8677332	38000.0	1675142820.0	LECBBAS
6129106.0	39.0565776	1.9517894	38000.0	1675142850.0	LECBBAS
6129106.0	39.08086899999999	2.0353938000000005	38000.0	1675142880.0	LECBBAS
6129106.0	39.10508220000001	2.1188654	38000.0	1675142910.0	LECBBAS
6129106.0	39.12917079999999	2.2023550000000003	38000.0	1675142940.0	LECBBAS
6129106.0	39.15318439999999	2.2860498	38000.0	1675142970.0	LECBBAS
6129106.0	39.177290600000006	2.37019	38000.0	1675143000.0	LECBBAS
6129106.0	39.201407800000005	2.4545296000000008	38000.0	1675143030.0	LECBBAS
6129106.0	39.22547719999999	2.5393251999999995	38000.0	1675143060.0	LECBBAS
6129106.0	39.24956279999999	2.6240762000000006	38000.0	1675143090.0	LECBBAS
6129106.0	39.273348	2.708514599999999	38000.0	1675143120.0	LECBBAS
6129106.0	39.2968992	2.7932548	38000.0	1675143150.0	LECBBAS
6129106.0	39.3208996	2.8779852	38000.0	1675143180.0	LECBBAS
6129106.0	39.34463539999999	2.9633000000000007	38000.0	1675143210.0	LECBBAS
6129106.0	39.36845999999999	3.0483152	38000.0	1675143240.0	LECBBAS
6129106.0	39.392408800000005	3.1334206	38000.0	1675143270.0	LECBBAS
6129106.0	39.4168502	3.2181611999999995	38000.0	1675143300.0	LECBBAS
6129106.0	39.44714000000001	3.2998179999999997	38000.0	1675143330.0	LECBBAS
6129106.0	39.4826068	3.377206400000001	38000.0	1675143360.0	LECBBAS
6129106.0	39.51799320000001	3.4544046000000006	38000.0	1675143390.0	LECBBAS
6129106.0	39.55338960000001	3.5316474	38000.0	1675143420.0	LECBBAS
6129106.0	39.58884500000001	3.6092224	38000.0	1675143450.0	LECBBAS
6129106.0	39.62410859999999	3.686386	38000.0	1675143480.0	LECBBAS
6129106.0	39.65931220000001	3.7637312	38000.0	1675143510.0	LECBBAS
6129106.0	39.69439760000001	3.841240800000001	38000.0	1675143540.0	LECBBAS
6129106.0	39.729522800000005	3.918685199999999	38000.0	1675143570.0	LECBBAS
6129106.0	39.76479439999999	3.9967244000000006	38000.0	1675143600.0	LECBBAS
6129106.0	39.79984279999999	4.0746536	38000.0	1675143630.0	LECBBAS
6129106.0	39.834841	4.1538104	38000.0	1675143660.0	LECBBAS
6129106.0	39.8636124	4.2369742000000015	38000.0	1675143690.0	LECBBAS
6129106.0	39.8861806	4.324005199999999	38000.0	1675143720.0	LECBBAS
6129106.0	39.90405260000001	4.413641	38000.0	1675143750.0	LECBBAS
6129106.0	39.9227918	4.5027936	38000.0	1675143780.0	LECBBAS
6129106.0	39.94116899999999	4.592012199999999	38000.0	1675143810.0	LECBBAS
6129119.0	39.38894600000001	1.8574254000000003	32000.0	1675142340.0	LECBBAS
6129119.0	39.39187239999999	1.9482412	32000.0	1675142370.0	LECBBAS
6129119.0	39.3945438	2.038381600000001	32000.0	1675142400.0	LECBBAS
6129119.0	39.397195	2.1279610000000004	31540.0	1675142430.0	LECBBAS
6129119.0	39.4003554	2.217684399999999	29680.0	1675142460.0	LECBBAS
6129119.0	39.40336960000001	2.3087980000000003	28140.0	1675142490.0	LECBBAS
6129119.0	39.40595	2.3982096000000004	26860.0	1675142520.0	LECBBAS
6129119.0	39.40841040000001	2.4856952000000003	25640.0	1675142550.0	LECBBAS
6129122.0	38.9076688	2.3489834000000007	35000.0	1675141980.0	LECBBAS
6129122.0	38.855522400000005	2.3088386	35000.0	1675142010.0	LECBBAS
6129122.0	38.8033406	2.2687479999999995	35000.0	1675142040.0	LECBBAS
6129122.0	38.7511602	2.2287516000000003	35000.0	1675142070.0	LECBBAS
6129122.0	38.69891499999999	2.1887234	35000.0	1675142100.0	LECBBAS
6129122.0	38.64656120000001	2.148705800000001	35000.0	1675142130.0	LECBBAS
6129122.0	38.594171	2.108767399999999	35000.0	1675142160.0	LECBBAS
6129122.0	38.54176580000001	2.0688636	35000.0	1675142190.0	LECBBAS
6129122.0	38.48939839999999	2.029192	35000.0	1675142220.0	LECBBAS
6129122.0	38.4370986	1.9894902	35000.0	1675142250.0	LECBBAS
6129122.0	38.38482239999999	1.9498476	35000.0	1675142280.0	LECBBAS
6129132.0	39.37442979999999	2.008493599999999	35000.0	1675141980.0	LECBBAS
6129132.0	39.34543119999999	1.9445256	35000.0	1675142010.0	LECBBAS
6129132.0	39.31643900000001	1.8807610000000003	35000.0	1675142040.0	LECBBAS
6129132.0	39.28727360000001	1.8166356	34720.0	1675142070.0	LECBBAS
6129132.0	39.25779820000001	1.7524494	33740.0	1675142100.0	LECBBAS
6129137.0	38.967988600000005	3.1345862	37000.0	1675141980.0	LECBBAS
6129137.0	38.90244860000001	3.1359332	37000.0	1675142010.0	LECBBAS
6129137.0	38.8369488	3.1371986	37000.0	1675142040.0	LECBBAS
6129137.0	38.77141259999999	3.1384796	37000.0	1675142070.0	LECBBAS
6129137.0	38.7058574	3.1397796	37000.0	1675142100.0	LECBBAS
6129137.0	38.6403198	3.1411008	37000.0	1675142130.0	LECBBAS
6129137.0	38.57474559999999	3.142393600000001	37000.0	1675142160.0	LECBBAS
6129137.0	38.50930159999999	3.1436810000000004	37000.0	1675142190.0	LECBBAS
6129137.0	38.4438878	3.1449336000000003	37000.0	1675142220.0	LECBBAS
6129137.0	38.37905299999999	3.151092600000001	37000.0	1675142250.0	LECBBAS
6129137.0	38.31468659999999	3.170431	37000.0	1675142280.0	LECBBAS
6129137.0	38.25027279999999	3.192582	37000.0	1675142310.0	LECBBAS
6129137.0	38.1863084	3.2154808	37000.0	1675142340.0	LECBBAS
6129139.0	41.9986564	1.5563148	38000.0	1675141980.0	LECBG23
6129139.0	42.053875600000005	1.5305266000000002	38000.0	1675142010.0	LECBG23
6129139.0	42.10925840000001	1.5050446	38000.0	1675142040.0	LECBG23
6129139.0	42.16432800000001	1.4796165999999995	38000.0	1675142070.0	LECBG23
6129139.0	42.218569	1.4544831999999996	38000.0	1675142100.0	LECBG23
6129139.0	42.2729676	1.4289550000000002	37980.0	1675142130.0	LECBG23
6129139.0	42.3274636	1.4032534	38000.0	1675142160.0	LECBG23
6129139.0	42.38199480000001	1.3776222	38000.0	1675142190.0	LECBG23
6129139.0	42.4368546	1.3518762000000002	38000.0	1675142220.0	LECBG23
6129139.0	42.49147039999999	1.3262212000000004	38000.0	1675142250.0	LECBG23
6129139.0	42.5464776	1.3003257999999998	38000.0	1675142280.0	LECBG23
6129139.0	42.60178859999999	1.2749814000000002	38000.0	1675142310.0	LECBG23
6129139.0	42.658492	1.2546229999999996	38000.0	1675142340.0	LECBG23
6129139.0	42.71514779999999	1.2332164000000003	38000.0	1675142370.0	LECBG23
6129140.0	41.341595	0.568929	36100.0	1675142790.0	LECBG23
6129140.0	41.340073	0.662242	36100.0	1675142820.0	LECBG23
6129140.0	41.338558	0.75544	36100.0	1675142850.0	LECBG23
6129140.0	41.336967	0.848523	36000.0	1675142880.0	LECBG23
6129140.0	41.335224	0.941515	36000.0	1675142910.0	LECBG23
6129140.0	41.33342	1.034368	36000.0	1675142940.0	LECBG23
6129140.0	41.331593	1.127239	36000.0	1675142970.0	LECBG23
6129140.0	41.329725200000006	1.2175167999999996	36000.0	1675143000.0	LECBG23
6129140.0	41.3276874	1.3110092	36000.0	1675143030.0	LECBG23
6129140.0	41.3255298	1.4041953999999996	36000.0	1675143060.0	LECBG23
6129140.0	41.323401	1.4972029999999996	36000.0	1675143090.0	LECBG23
6129140.0	41.3212284	1.590032	36000.0	1675143120.0	LECBG23
6129140.0	41.3190078	1.6822712000000002	36000.0	1675143150.0	LECBG23
6129140.0	41.31639360000001	1.7749391999999995	36000.0	1675143180.0	LECBG23
6129140.0	41.31391079999999	1.8672952000000005	36000.0	1675143210.0	LECBG23
6129180.0	41.342224	0.515724	38000.0	1675142400.0	LECBG23
6129180.0	41.340752	0.607137	38000.0	1675142430.0	LECBG23
6129180.0	41.339104	0.698657	38000.0	1675142460.0	LECBG23
6129180.0	41.337421	0.79024	38000.0	1675142490.0	LECBG23
6129180.0	41.335835	0.882104	38000.0	1675142520.0	LECBG23
6129180.0	41.334164	0.97507	38000.0	1675142550.0	LECBG23
6129180.0	41.332367	1.068275	38000.0	1675142580.0	LECBG23
6129180.0	41.330563	1.162957	38000.0	1675142610.0	LECBG23
6129180.0	41.328452000000006	1.2556698000000002	38000.0	1675142640.0	LECBG23
6129180.0	41.3265042	1.35211	38000.0	1675142670.0	LECBG23
6129180.0	41.32410040000001	1.4482682000000002	38000.0	1675142700.0	LECBG23
6129180.0	41.321895600000005	1.5435368000000005	38000.0	1675142730.0	LECBG23
6129180.0	41.31987499999999	1.6388618000000004	38000.0	1675142760.0	LECBG23
6129180.0	41.31766079999999	1.734379	38000.0	1675142790.0	LECBG23
6129180.0	41.314963	1.829894	38000.0	1675142820.0	LECBG23
6129180.0	41.3121118	1.9260016	38000.0	1675142850.0	LECBG23
6129188.0	41.325214	0.545779	38000.0	1675142580.0	LECBG23
6129188.0	41.316776	0.639594	38000.0	1675142610.0	LECBG23
6129188.0	41.309528	0.733288	38000.0	1675142640.0	LECBG23
6129188.0	41.3022814	0.824371	38000.0	1675142670.0	LECBG23
6129188.0	41.29450259999999	0.918194	38000.0	1675142700.0	LECBG23
6129188.0	41.286263	1.015622	38000.0	1675142730.0	LECBG23
6129188.0	41.278133	1.110272	38000.0	1675142760.0	LECBG23
6129188.0	41.270081	1.204877	38000.0	1675142790.0	LECBG23
6129188.0	41.2620744	1.2973872000000004	38000.0	1675142820.0	LECBG23
6129188.0	41.25366559999999	1.3923607999999996	38000.0	1675142850.0	LECBG23
6129188.0	41.24531100000001	1.4871034000000003	38000.0	1675142880.0	LECBG23
6129188.0	41.2368712	1.5817164000000004	38000.0	1675142910.0	LECBG23
6129188.0	41.2284272	1.6758643999999996	38000.0	1675142940.0	LECBG23
6129188.0	41.21977719999999	1.7703217999999998	38000.0	1675142970.0	LECBG23
6129188.0	41.2108166	1.8644432000000004	38000.0	1675143000.0	LECBG23
6129195.0	39.88273800000001	3.5056486	37000.0	1675141980.0	LECBBAS
6129195.0	39.82133280000001	3.4931098	37000.0	1675142010.0	LECBBAS
6129195.0	39.759957000000014	3.4805554	37000.0	1675142040.0	LECBBAS
6129195.0	39.69871479999999	3.468163400000001	37000.0	1675142070.0	LECBBAS
6129195.0	39.637543	3.4557530000000005	37000.0	1675142100.0	LECBBAS
6129195.0	39.576488200000014	3.4433788000000005	37000.0	1675142130.0	LECBBAS
6129195.0	39.515719	3.4310837999999992	37000.0	1675142160.0	LECBBAS
6129195.0	39.455112	3.4188504	37000.0	1675142190.0	LECBBAS
6129195.0	39.394165	3.4063196	37000.0	1675142220.0	LECBBAS
6129195.0	39.33325299999999	3.3940574	37000.0	1675142250.0	LECBBAS
6129195.0	39.27197200000001	3.3817382	37000.0	1675142280.0	LECBBAS
6129195.0	39.21051360000001	3.3693206	37000.0	1675142310.0	LECBBAS
6129195.0	39.14895260000001	3.3569477999999995	37000.0	1675142340.0	LECBBAS
6129195.0	39.0875266	3.3445894000000003	37000.0	1675142370.0	LECBBAS
6129195.0	39.0261034	3.332237000000001	37000.0	1675142400.0	LECBBAS
6129195.0	38.96462960000001	3.3199094	37000.0	1675142430.0	LECBBAS
6129195.0	38.903140400000005	3.3077116	36520.0	1675142460.0	LECBBAS
6129195.0	38.84222580000001	3.295671	36120.0	1675142490.0	LECBBAS
6129195.0	38.78144259999999	3.2836745999999994	35620.0	1675142520.0	LECBBAS
6129195.0	38.7202718	3.2715302000000004	35120.0	1675142550.0	LECBBAS
6129195.0	38.65873539999999	3.2593034	34620.0	1675142580.0	LECBBAS
6129195.0	38.59696300000001	3.247139600000001	34120.0	1675142610.0	LECBBAS
6129195.0	38.535038400000005	3.2350098000000003	33700.0	1675142640.0	LECBBAS
6129195.0	38.4729	3.2227782	33200.0	1675142670.0	LECBBAS
6129195.0	38.41054499999999	3.2105458	32720.0	1675142700.0	LECBBAS
6129195.0	38.3483962	3.1984302	32220.0	1675142730.0	LECBBAS
6129195.0	38.2862172	3.1862382	31720.0	1675142760.0	LECBBAS
6129195.0	38.22397839999999	3.1740164	31220.0	1675142790.0	LECBBAS
6129195.0	38.16243320000001	3.1618562	30720.0	1675142820.0	LECBBAS
6129197.0	41.16626300000001	1.8268212	35000.0	1675141980.0	LECBG23
6129197.0	41.15860060000001	1.7495049999999996	35000.0	1675142010.0	LECBG23
6129197.0	41.1510282	1.6731594000000003	35000.0	1675142040.0	LECBG23
6129197.0	41.14309060000001	1.596723	35000.0	1675142070.0	LECBG23
6129197.0	41.1350242	1.5200186	35000.0	1675142100.0	LECBG23
6129197.0	41.12707680000001	1.4431067999999996	35000.0	1675142130.0	LECBG23
6129197.0	41.1191102	1.3662007999999997	35000.0	1675142160.0	LECBG23
6129197.0	41.11105079999999	1.2892907999999998	35000.0	1675142190.0	LECBG23
6129197.0	41.10296919999999	1.212611	35000.0	1675142220.0	LECBG23
6129197.0	41.094467	1.133372	35000.0	1675142250.0	LECBG23
6129197.0	41.086185	1.056809	35000.0	1675142280.0	LECBG23
6129197.0	41.07777	0.980244	35000.0	1675142310.0	LECBG23
6129197.0	41.069389	0.903588	35000.0	1675142340.0	LECBG23
6129197.0	41.061005	0.82673	35000.0	1675142370.0	LECBG23
6129197.0	41.052521	0.749452	35000.0	1675142400.0	LECBG23
6129197.0	41.043922	0.672546	35000.0	1675142430.0	LECBG23
6129197.0	41.03537	0.59566	35000.0	1675142460.0	LECBG23
6129197.0	41.026718	0.518859	35000.0	1675142490.0	LECBG23
6129197.0	41.018021	0.442652	35000.0	1675142520.0	LECBG23
6129198.0	39.4183246	2.1658728000000007	34000.0	1675141980.0	LECBBAS
6129198.0	39.43743759999999	2.2504223999999997	34000.0	1675142010.0	LECBBAS
6129198.0	39.45647499999999	2.334773	34000.0	1675142040.0	LECBBAS
6129198.0	39.47544919999999	2.4190992	34000.0	1675142070.0	LECBBAS
6129198.0	39.4942756	2.5032356	34000.0	1675142100.0	LECBBAS
6129198.0	39.51277900000001	2.5875756	34480.0	1675142130.0	LECBBAS
6129198.0	39.5323264	2.674373400000001	35080.0	1675142160.0	LECBBAS
6129198.0	39.55136460000001	2.75958	35580.0	1675142190.0	LECBBAS
6129198.0	39.570269	2.8448216	36000.0	1675142220.0	LECBBAS
6129198.0	39.5888924	2.9302366	36000.0	1675142250.0	LECBBAS
6129198.0	39.60761060000001	3.0162050000000007	36000.0	1675142280.0	LECBBAS
6129198.0	39.62630819999999	3.1017574000000008	36080.0	1675142310.0	LECBBAS
6129198.0	39.64531159999999	3.1876502000000007	36680.0	1675142340.0	LECBBAS
6129198.0	39.66425300000001	3.272885	37180.0	1675142370.0	LECBBAS
6129198.0	39.68237999999999	3.358439400000001	37660.0	1675142400.0	LECBBAS
6129198.0	39.7006664	3.4436034	38000.0	1675142430.0	LECBBAS
6129198.0	39.71869759999999	3.5287266	38000.0	1675142460.0	LECBBAS
6129198.0	39.73665999999999	3.6139316	38000.0	1675142490.0	LECBBAS
6129198.0	39.75471779999999	3.6991061999999992	38000.0	1675142520.0	LECBBAS
6129198.0	39.772924	3.7843058000000007	38000.0	1675142550.0	LECBBAS
6129198.0	39.791007400000005	3.8695464	38000.0	1675142580.0	LECBBAS
6129198.0	39.8089568	3.9549086	38000.0	1675142610.0	LECBBAS
6129198.0	39.82690400000001	4.040860400000001	38000.0	1675142640.0	LECBBAS
6129198.0	39.844557	4.126491199999999	38000.0	1675142670.0	LECBBAS
6129198.0	39.8622366	4.2122584	38000.0	1675142700.0	LECBBAS
6129198.0	39.88011340000001	4.298559399999999	38000.0	1675142730.0	LECBBAS
6129198.0	39.89819439999999	4.38482	38000.0	1675142760.0	LECBBAS
6129198.0	39.91617659999999	4.470884	38000.0	1675142790.0	LECBBAS
6129198.0	39.93402799999999	4.556969399999999	38000.0	1675142820.0	LECBBAS
6129198.0	39.951722200000006	4.643135800000001	38000.0	1675142850.0	LECBBAS
6129200.0	40.42823140000001	1.0046148	36000.0	1675142220.0	LECBG23
6129200.0	40.48402	1.049464	36000.0	1675142250.0	LECBG23
6129200.0	40.538086	1.093046	36000.0	1675142280.0	LECBG23
6129200.0	40.592106	1.136961	36000.0	1675142310.0	LECBG23
6129200.0	40.646187	1.180902	36000.0	1675142340.0	LECBG23
6129200.0	40.700527	1.2201501666666663	36000.0	1675142370.0	LECBG23
6129200.0	40.7585466	1.2486286000000002	36000.0	1675142400.0	LECBG23
6129200.0	40.817986600000005	1.2705254	36000.0	1675142430.0	LECBG23
6129200.0	40.8776796	1.2921407999999996	36000.0	1675142460.0	LECBG23
6129200.0	40.9376016	1.3137994000000002	36000.0	1675142490.0	LECBG23
6129200.0	40.99747339999999	1.3354739999999998	36000.0	1675142520.0	LECBG23
6129200.0	41.05735319999999	1.3571031999999996	36000.0	1675142550.0	LECBG23
6129200.0	41.11725939999999	1.3787406000000002	36000.0	1675142580.0	LECBG23
6129200.0	41.177227	1.4004214000000004	36000.0	1675142610.0	LECBG23
6129200.0	41.23712439999999	1.4221454000000004	36000.0	1675142640.0	LECBG23
6129200.0	41.29739219999999	1.4416061999999998	36000.0	1675142670.0	LECBG23
6129200.0	41.3581556	1.4487366000000004	36000.0	1675142700.0	LECBG23
6129200.0	41.41872160000001	1.4523845999999998	36000.0	1675142730.0	LECBG23
6129200.0	41.47923099999999	1.4559815999999997	36000.0	1675142760.0	LECBG23
6129200.0	41.5399158	1.4594966000000005	36000.0	1675142790.0	LECBG23
6129200.0	41.6006186	1.4630054	36000.0	1675142820.0	LECBG23
6129200.0	41.66131059999999	1.4667168	36000.0	1675142850.0	LECBG23
6129200.0	41.72188780000001	1.4703495999999996	36000.0	1675142880.0	LECBG23
6129200.0	41.78255759999999	1.4739314000000003	36000.0	1675142910.0	LECBG23
6129200.0	41.84346880000001	1.4775083999999996	36000.0	1675142940.0	LECBG23
6129200.0	41.9043944	1.4810780000000003	36000.0	1675142970.0	LECBG23
6129200.0	41.9651022	1.4846360000000005	36000.0	1675143000.0	LECBG23
6129200.0	42.02504499999999	1.4881804	36000.0	1675143030.0	LECBG23
6129200.0	42.0848024	1.4859316	36000.0	1675143060.0	LECBG23
6129200.0	42.14370320000001	1.4785262000000003	36000.0	1675143090.0	LECBG23
6129200.0	42.20242680000001	1.4696672000000002	36000.0	1675143120.0	LECBG23
6129200.0	42.261309	1.4610137999999997	36000.0	1675143150.0	LECBG23
6129200.0	42.32031100000001	1.4522508	36000.0	1675143180.0	LECBG23
6129200.0	42.37984339999999	1.4434155999999996	36000.0	1675143210.0	LECBG23
6129200.0	42.439022	1.4347117999999996	36000.0	1675143240.0	LECBG23
6129200.0	42.498214	1.4260685999999998	36000.0	1675143270.0	LECBG23
6129200.0	42.55745279999999	1.4174007999999998	36000.0	1675143300.0	LECBG23
6129200.0	42.61642600000001	1.4086797999999998	36000.0	1675143330.0	LECBG23
6129211.0	40.439835	1.012685	38000.0	1675142340.0	LECBG23
6129211.0	40.496216	1.053497	38000.0	1675142370.0	LECBG23
6129211.0	40.555981	1.078366	38000.0	1675142400.0	LECBG23
6129211.0	40.617012	1.091328	38000.0	1675142430.0	LECBG23
6129211.0	40.67804	1.104927	38000.0	1675142460.0	LECBG23
6129211.0	40.739147	1.11901	38000.0	1675142490.0	LECBG23
6129211.0	40.800236	1.13336	38000.0	1675142520.0	LECBG23
6129211.0	40.859047	1.16355	38000.0	1675142550.0	LECBG23
6129211.0	40.917797	1.197552	38000.0	1675142580.0	LECBG23
6129211.0	40.97409679999999	1.2319462	38000.0	1675142610.0	LECBG23
6129211.0	41.03205079999999	1.2674962	38000.0	1675142640.0	LECBG23
6129211.0	41.08991660000001	1.3032084000000004	38000.0	1675142670.0	LECBG23
6129211.0	41.14773960000001	1.3391012000000002	38000.0	1675142700.0	LECBG23
6129211.0	41.20596939999999	1.3752955999999996	38000.0	1675142730.0	LECBG23
6129211.0	41.2643106	1.4117432	38000.0	1675142760.0	LECBG23
6129211.0	41.3238936	1.4427485999999998	38000.0	1675142790.0	LECBG23
6129211.0	41.385212200000005	1.4567764	38000.0	1675142820.0	LECBG23
6129211.0	41.446609	1.4586864000000004	38000.0	1675142850.0	LECBG23
6129211.0	41.50841079999999	1.4621129999999998	38000.0	1675142880.0	LECBG23
6129211.0	41.57025120000001	1.4654498000000002	38000.0	1675142910.0	LECBG23
6129211.0	41.632103	1.4687704000000004	38000.0	1675142940.0	LECBG23
6129211.0	41.693798	1.4722117999999995	38000.0	1675142970.0	LECBG23
6129211.0	41.7556536	1.4755674	38000.0	1675143000.0	LECBG23
6129211.0	41.8166268	1.4789836	38000.0	1675143030.0	LECBG23
6129211.0	41.87741560000001	1.4824508000000003	38000.0	1675143060.0	LECBG23
6129211.0	41.93807459999999	1.4855754000000003	38000.0	1675143090.0	LECBG23
6129211.0	41.998173	1.4886630000000003	38000.0	1675143120.0	LECBG23
6129211.0	42.05720080000001	1.4831664	38000.0	1675143150.0	LECBG23
6129211.0	42.116041	1.4741986	38000.0	1675143180.0	LECBG23
6129211.0	42.17493499999999	1.4656542	38000.0	1675143210.0	LECBG23
6129211.0	42.23385000000001	1.4571621999999995	38000.0	1675143240.0	LECBG23
6129211.0	42.29265599999999	1.4484576	38000.0	1675143270.0	LECBG23
6129211.0	42.35147919999999	1.4395252000000005	38000.0	1675143300.0	LECBG23
6129211.0	42.410479200000005	1.4306502000000003	38000.0	1675143330.0	LECBG23
6129211.0	42.4699872	1.4218145999999998	38000.0	1675143360.0	LECBG23
6129211.0	42.52918900000001	1.4132992	38000.0	1675143390.0	LECBG23
6129211.0	42.5882098	1.4047233999999995	38000.0	1675143420.0	LECBG23
6129211.0	42.64724200000001	1.3959784000000002	38000.0	1675143450.0	LECBG23
6129217.0	41.08384699999999	1.7249377999999995	34780.0	1675142160.0	LECBG23
6129217.0	41.143916	1.7155211999999995	35380.0	1675142190.0	LECBG23
6129217.0	41.2038718	1.7059104000000005	36000.0	1675142220.0	LECBG23
6129217.0	41.2634148	1.6965763999999997	36000.0	1675142250.0	LECBG23
6129217.0	41.32269500000001	1.6875157999999997	36000.0	1675142280.0	LECBG23
6129217.0	41.3820546	1.6784307999999997	36000.0	1675142310.0	LECBG23
6129217.0	41.44142759999999	1.6695692	36000.0	1675142340.0	LECBG23
6129217.0	41.500698400000005	1.6604388000000003	36000.0	1675142370.0	LECBG23
6129217.0	41.5598074	1.6511626	36000.0	1675142400.0	LECBG23
6129217.0	41.61894260000001	1.6418301999999996	36000.0	1675142430.0	LECBG23
6129217.0	41.6780324	1.6325924000000005	36000.0	1675142460.0	LECBG23
6129217.0	41.73708419999999	1.6234231999999995	36000.0	1675142490.0	LECBG23
6129217.0	41.796081400000006	1.6142723999999995	36000.0	1675142520.0	LECBG23
6129217.0	41.8551374	1.6050474000000003	36000.0	1675142550.0	LECBG23
6129217.0	41.91426160000001	1.5957764	36000.0	1675142580.0	LECBG23
6129217.0	41.97360240000001	1.5863602	36000.0	1675142610.0	LECBG23
6129217.0	42.03282320000001	1.5758222000000002	36000.0	1675142640.0	LECBG23
6129217.0	42.0918964	1.5654566	36000.0	1675142670.0	LECBG23
6129217.0	42.15124320000001	1.5550206000000004	36000.0	1675142700.0	LECBG23
6129217.0	42.2102482	1.5444071999999995	36000.0	1675142730.0	LECBG23
6129217.0	42.2682828	1.5284722	36000.0	1675142760.0	LECBG23
6129217.0	42.3254826	1.5048297999999996	36380.0	1675142790.0	LECBG23
6129217.0	42.38205260000001	1.4793871999999997	36880.0	1675142820.0	LECBG23
6129217.0	42.43836699999999	1.4545108000000004	37480.0	1675142850.0	LECBG23
6129217.0	42.49404786666662	1.430814866666668	37886.6666666667	1675142880.0	LECBG23
6129217.0	42.5502472	1.4079878	38000.0	1675142910.0	LECBG23
6129217.0	42.60636399999999	1.3848737999999996	38000.0	1675142940.0	LECBG23
6129217.0	42.662286	1.3614582	38000.0	1675142970.0	LECBG23
6129219.0	41.270143200000014	1.7886323999999998	37000.0	1675141980.0	LECBG23
6129219.0	41.2616092	1.7152678	37000.0	1675142010.0	LECBG23
6129219.0	41.252941600000014	1.6414392000000004	37000.0	1675142040.0	LECBG23
6129219.0	41.244254000000005	1.5669496	37000.0	1675142070.0	LECBG23
6129219.0	41.23539760000001	1.4929208	37000.0	1675142100.0	LECBG23
6129219.0	41.22648000000001	1.4189684	37000.0	1675142130.0	LECBG23
6129219.0	41.2175598	1.3448194000000002	37000.0	1675142160.0	LECBG23
6129219.0	41.20853900000001	1.2706332000000002	37000.0	1675142190.0	LECBG23
6129219.0	41.19945859999999	1.1965195999999996	37000.0	1675142220.0	LECBG23
6129219.0	41.190136	1.1201	37000.0	1675142250.0	LECBG23
6129219.0	41.181152	1.046676	37000.0	1675142280.0	LECBG23
6129219.0	41.172035	0.972786	37000.0	1675142310.0	LECBG23
6129219.0	41.162872	0.89863	37000.0	1675142340.0	LECBG23
6129219.0	41.153511	0.824627	37000.0	1675142370.0	LECBG23
6129219.0	41.144241	0.750865	37000.0	1675142400.0	LECBG23
6129219.0	41.134991	0.677344	37000.0	1675142430.0	LECBG23
6129219.0	41.12571	0.603865	37000.0	1675142460.0	LECBG23
6129219.0	41.116371	0.530627	37000.0	1675142490.0	LECBG23
6129219.0	41.106934	0.457741	37000.0	1675142520.0	LECBG23
6129220.0	39.7184274	2.4422134000000004	37000.0	1675141980.0	LECBBAS
6129220.0	39.7109492	2.3714844	37000.0	1675142010.0	LECBBAS
6129220.0	39.70338179999999	2.3001514	37000.0	1675142040.0	LECBBAS
6129220.0	39.6960436	2.2290974	37000.0	1675142070.0	LECBBAS
6129220.0	39.68868520000001	2.157941599999999	37000.0	1675142100.0	LECBBAS
6129220.0	39.6811306	2.0869012	37000.0	1675142130.0	LECBBAS
6129220.0	39.673564000000006	2.0157266	37000.0	1675142160.0	LECBBAS
6129220.0	39.66588459999999	1.944509	37000.0	1675142190.0	LECBBAS
6129222.0	39.026714	1.851339	36000.0	1675143750.0	LECBBAS
6129222.0	39.05029779999999	1.9322080000000004	36000.0	1675143780.0	LECBBAS
6129222.0	39.07449019999999	2.015073599999999	36000.0	1675143810.0	LECBBAS
6129222.0	39.09858160000001	2.0980456000000007	36000.0	1675143840.0	LECBBAS
6129222.0	39.122619	2.1810610000000006	36000.0	1675143870.0	LECBBAS
6129222.0	39.1465886	2.2642264000000005	36000.0	1675143900.0	LECBBAS
6129222.0	39.17049780000001	2.347563599999999	36000.0	1675143930.0	LECBBAS
6129222.0	39.194408	2.4311158	36000.0	1675143960.0	LECBBAS
6129222.0	39.21827339999999	2.5147626000000005	36000.0	1675143990.0	LECBBAS
6129222.0	39.24217659999999	2.598858400000001	36000.0	1675144020.0	LECBBAS
6129226.0	41.14707279999999	1.8985958000000005	35000.0	1675142040.0	LECBG23
6129226.0	41.14038439999999	1.8241642	35000.0	1675142070.0	LECBG23
6129226.0	41.133981	1.7498694000000004	35000.0	1675142100.0	LECBG23
6129226.0	41.1271954	1.6756694	35000.0	1675142130.0	LECBG23
6129226.0	41.120407	1.60148	35000.0	1675142160.0	LECBG23
6129226.0	41.1134654	1.5272218	35000.0	1675142190.0	LECBG23
6129226.0	41.10647400000001	1.4528017999999996	35000.0	1675142220.0	LECBG23
6129226.0	41.09944160000001	1.3778292000000003	35000.0	1675142250.0	LECBG23
6129226.0	41.092343	1.3031891999999996	35000.0	1675142280.0	LECBG23
6129226.0	41.0851506	1.2286534000000002	35000.0	1675142310.0	LECBG23
6129226.0	41.077675	1.152164	35000.0	1675142340.0	LECBG23
6129226.0	41.07024	1.077842	35000.0	1675142370.0	LECBG23
6129226.0	41.062744	1.003558	35000.0	1675142400.0	LECBG23
6129226.0	41.055248	0.929357	35000.0	1675142430.0	LECBG23
6129226.0	41.047958	0.855193	35000.0	1675142460.0	LECBG23
6129226.0	41.040604	0.780936	35000.0	1675142490.0	LECBG23
6129226.0	41.033089	0.706608	35000.0	1675142520.0	LECBG23
6129226.0	41.025555	0.632164	35000.0	1675142550.0	LECBG23
6129226.0	41.017986	0.557077	35000.0	1675142580.0	LECBG23
6129226.0	41.010281	0.483174	35000.0	1675142610.0	LECBG23
6129226.0	41.002357	0.409027	35000.0	1675142640.0	LECBG23
6129227.0	41.2818898	1.9240858000000003	35780.0	1675142040.0	LECBG23
6129227.0	41.27160319999999	1.8511068000000004	36280.0	1675142070.0	LECBG23
6129227.0	41.2613738	1.7779394	36880.0	1675142100.0	LECBG23
6129227.0	41.25123039999999	1.7052322000000002	37000.0	1675142130.0	LECBG23
6129227.0	41.2411966	1.6323626	37000.0	1675142160.0	LECBG23
6129227.0	41.23076940000001	1.5602980000000002	37000.0	1675142190.0	LECBG23
6129227.0	41.22070299999999	1.4876140000000002	37000.0	1675142220.0	LECBG23
6129227.0	41.21078859999999	1.4150446	37000.0	1675142250.0	LECBG23
6129227.0	41.20032379999999	1.3424996000000002	37000.0	1675142280.0	LECBG23
6129227.0	41.18946359999999	1.2699421999999998	37000.0	1675142310.0	LECBG23
6129227.0	41.178204	1.195383	37000.0	1675142340.0	LECBG23
6129227.0	41.167465	1.122758	37000.0	1675142370.0	LECBG23
6129227.0	41.156815	1.050156	37000.0	1675142400.0	LECBG23
6129227.0	41.146236	0.977666	37000.0	1675142430.0	LECBG23
6129227.0	41.135582	0.905308	37000.0	1675142460.0	LECBG23
6129227.0	41.124966	0.833393	37000.0	1675142490.0	LECBG23
6129227.0	41.114323	0.761566	37000.0	1675142520.0	LECBG23
6129227.0	41.103638	0.68985	37000.0	1675142550.0	LECBG23
6129227.0	41.092823	0.618335	37000.0	1675142580.0	LECBG23
6129227.0	41.08197	0.546953	37000.0	1675142610.0	LECBG23
6129227.0	41.071171	0.475968	37000.0	1675142640.0	LECBG23
6129227.0	41.060368	0.405335	37000.0	1675142670.0	LECBG23
6129233.0	40.30699119999999	3.1322994	37000.0	1675142160.0	LECBBAS
6129233.0	40.24303999999999	3.1292704	37000.0	1675142190.0	LECBBAS
6129233.0	40.1792292	3.126408	37000.0	1675142220.0	LECBBAS
6129233.0	40.115718400000006	3.123621199999999	37000.0	1675142250.0	LECBBAS
6129233.0	40.05239759999999	3.1207988	37000.0	1675142280.0	LECBBAS
6129233.0	39.9892952	3.1181092	37000.0	1675142310.0	LECBBAS
6129233.0	39.925965600000005	3.1151436	37000.0	1675142340.0	LECBBAS
6129233.0	39.8622706	3.116787799999999	37000.0	1675142370.0	LECBBAS
6129233.0	39.798703200000006	3.1179984	37000.0	1675142400.0	LECBBAS
6129233.0	39.7347734	3.1193054	37000.0	1675142430.0	LECBBAS
6129233.0	39.67086019999999	3.1208916000000007	37000.0	1675142460.0	LECBBAS
6129233.0	39.60621840000001	3.1219826	37000.0	1675142490.0	LECBBAS
6129233.0	39.5423312	3.1233004	37000.0	1675142520.0	LECBBAS
6129233.0	39.478468600000014	3.1244659999999995	37000.0	1675142550.0	LECBBAS
6129233.0	39.41481100000001	3.1261358	37000.0	1675142580.0	LECBBAS
6129233.0	39.3511214	3.1277255999999998	37000.0	1675142610.0	LECBBAS
6129233.0	39.2873586	3.1287582000000005	37000.0	1675142640.0	LECBBAS
6129233.0	39.2235344	3.129887	37000.0	1675142670.0	LECBBAS
6129233.0	39.159608	3.1309340000000003	37000.0	1675142700.0	LECBBAS
6129233.0	39.09530200000001	3.1321384000000005	37000.0	1675142730.0	LECBBAS
6129233.0	39.03098219999999	3.1332887999999994	37000.0	1675142760.0	LECBBAS
6129233.0	38.96644900000001	3.1346217999999992	37000.0	1675142790.0	LECBBAS
6129233.0	38.90228719999999	3.1359500000000007	37000.0	1675142820.0	LECBBAS
6129233.0	38.83825319999999	3.1373024000000007	37000.0	1675142850.0	LECBBAS
6129233.0	38.77423500000001	3.1385386000000004	37000.0	1675142880.0	LECBBAS
6129233.0	38.71006400000001	3.1398672000000003	37000.0	1675142910.0	LECBBAS
6129233.0	38.64582740000001	3.1411846000000008	37000.0	1675142940.0	LECBBAS
6129233.0	38.581746200000005	3.142433000000001	37000.0	1675142970.0	LECBBAS
6129233.0	38.5181494	3.143668000000001	37000.0	1675143000.0	LECBBAS
6129233.0	38.4543482	3.1448456000000005	36140.0	1675143030.0	LECBBAS
6129233.0	38.39037979999999	3.1461658	35040.0	1675143060.0	LECBBAS
6129233.0	38.326355000000014	3.1473818	33920.0	1675143090.0	LECBBAS
6129233.0	38.26142779999999	3.1488480000000005	32740.0	1675143120.0	LECBBAS
6129233.0	38.19616439999999	3.1512672000000004	31620.0	1675143150.0	LECBBAS
6129233.0	38.1295708	3.1548816000000004	30440.0	1675143180.0	LECBBAS
6129239.0	40.715618	0.480621	38000.0	1675142640.0	LECBG23
6129239.0	40.777611	0.49561	38000.0	1675142670.0	LECBG23
6129239.0	40.839947	0.510732	38000.0	1675142700.0	LECBG23
6129239.0	40.902462	0.526033	38000.0	1675142730.0	LECBG23
6129239.0	40.964512	0.541213	38000.0	1675142760.0	LECBG23
6129239.0	41.02652	0.556377	38000.0	1675142790.0	LECBG23
6129239.0	41.088425	0.571503	38000.0	1675142820.0	LECBG23
6129239.0	41.150578	0.586676	38000.0	1675142850.0	LECBG23
6129239.0	41.213211	0.60216	38000.0	1675142880.0	LECBG23
6129239.0	41.275188	0.617457	38000.0	1675142910.0	LECBG23
6129239.0	41.336563	0.632699	38000.0	1675142940.0	LECBG23
6129239.0	41.397816	0.647904	38000.0	1675142970.0	LECBG23
6129239.0	41.4571314	0.6627134000000001	38000.0	1675143000.0	LECBG23
6129239.0	41.52021	0.678418	38000.0	1675143030.0	LECBG23
6129239.0	41.581203	0.693619	38000.0	1675143060.0	LECBG23
6129239.0	41.642204	0.708892	38000.0	1675143090.0	LECBG23
6129239.0	41.703224	0.72417	38000.0	1675143120.0	LECBG23
6129239.0	41.764252	0.739476	38000.0	1675143150.0	LECBG23
6129239.0	41.825279	0.754699	38000.0	1675143180.0	LECBG23
6129239.0	41.886398	0.770082	38000.0	1675143210.0	LECBG23
6129239.0	41.948051	0.785625	38000.0	1675143240.0	LECBG23
6129239.0	42.009548	0.801175	38000.0	1675143270.0	LECBG23
6129239.0	42.071358	0.816908	38000.0	1675143300.0	LECBG23
6129239.0	42.133362	0.83267	38100.0	1675143330.0	LECBG23
6129239.0	42.193442000000005	0.8479570000000001	38100.0	1675143360.0	LECBG23
6129239.0	42.254459	0.8634778000000001	38000.0	1675143390.0	LECBG23
6129239.0	42.317234	0.879315	38000.0	1675143420.0	LECBG23
6129239.0	42.37735	0.874958	38000.0	1675143450.0	LECBG23
6129239.0	42.433712	0.853252	38000.0	1675143480.0	LECBG23
6129239.0	42.489109	0.82834	38000.0	1675143510.0	LECBG23
6129239.0	42.544598	0.803744	38000.0	1675143540.0	LECBG23
6129239.0	42.600079	0.779152	38000.0	1675143570.0	LECBG23
6129239.0	42.655605	0.754471	38000.0	1675143600.0	LECBG23
6129242.0	39.73582799999999	1.3626818	40000.0	1675142190.0	LECBG23
6129242.0	39.8010048	1.3540173999999996	40000.0	1675142220.0	LECBG23
6129242.0	39.868118	1.345073	40000.0	1675142250.0	LECBG23
6129242.0	39.93078060000001	1.3367442	40000.0	1675142280.0	LECBG23
6129242.0	39.99518860000001	1.3282080000000005	40000.0	1675142310.0	LECBG23
6129242.0	40.059573600000014	1.3195257999999996	40000.0	1675142340.0	LECBG23
6129242.0	40.1238804	1.3108622	40000.0	1675142370.0	LECBG23
6129242.0	40.18819959999999	1.3022517999999996	40000.0	1675142400.0	LECBG23
6129242.0	40.25257819999999	1.2935214000000004	40000.0	1675142430.0	LECBG23
6129242.0	40.31703860000001	1.2848483999999996	40000.0	1675142460.0	LECBG23
6129242.0	40.38146920000001	1.2761942	40000.0	1675142490.0	LECBG23
6129242.0	40.44565339999999	1.267475	40000.0	1675142520.0	LECBG23
6129242.0	40.5093164	1.2587833999999998	40000.0	1675142550.0	LECBG23
6129242.0	40.5733282	1.249988	40000.0	1675142580.0	LECBG23
6129242.0	40.63753239999999	1.2444342	40000.0	1675142610.0	LECBG23
6129242.0	40.70258420000001	1.2456615999999998	40000.0	1675142640.0	LECBG23
6129242.0	40.76751199999999	1.2567256000000002	40000.0	1675142670.0	LECBG23
6129242.0	40.83228720000001	1.2751162	40000.0	1675142700.0	LECBG23
6129242.0	40.89674819999999	1.2994351999999998	40000.0	1675142730.0	LECBG23
6129242.0	40.96106299999999	1.3221292	40000.0	1675142760.0	LECBG23
6129242.0	41.02537599999999	1.3450078000000003	40000.0	1675142790.0	LECBG23
6129242.0	41.08965759999999	1.3681496	40000.0	1675142820.0	LECBG23
6129242.0	41.15398979999999	1.3915572000000005	40000.0	1675142850.0	LECBG23
6129242.0	41.21881379999999	1.4152582000000002	40000.0	1675142880.0	LECBG23
6129242.0	41.2832026	1.4388230000000002	40000.0	1675142910.0	LECBG23
6129242.0	41.34770239999999	1.4621588	40000.0	1675142940.0	LECBG23
6129242.0	41.4122276	1.48562	40000.0	1675142970.0	LECBG23
6129242.0	41.47701639999999	1.5092874000000005	40000.0	1675143000.0	LECBG23
6129242.0	41.5422906	1.5332214	40000.0	1675143030.0	LECBG23
6129242.0	41.606557	1.5571129999999995	40000.0	1675143060.0	LECBG23
6129242.0	41.6706272	1.5807746000000005	40000.0	1675143090.0	LECBG23
6129242.0	41.735239600000014	1.5974982000000002	40000.0	1675143120.0	LECBG23
6129242.0	41.8000588	1.6045805999999998	40000.0	1675143150.0	LECBG23
6129242.0	41.8646132	1.6031956000000005	40000.0	1675143180.0	LECBG23
6129242.0	41.928609	1.5937164	40000.0	1675143210.0	LECBG23
6129242.0	41.99238700000001	1.5834586	40000.0	1675143240.0	LECBG23
6129242.0	42.0556282	1.5726827999999995	40000.0	1675143270.0	LECBG23
6129242.0	42.11753120000001	1.5585976000000004	40000.0	1675143300.0	LECBG23
6129242.0	42.1795662	1.5453066	40000.0	1675143330.0	LECBG23
6129242.0	42.241984	1.5324716000000005	40000.0	1675143360.0	LECBG23
6129242.0	42.303822	1.5197094	40000.0	1675143390.0	LECBG23
6129242.0	42.365417	1.5068895999999996	40000.0	1675143420.0	LECBG23
6129242.0	42.4275072	1.4940622000000003	40000.0	1675143450.0	LECBG23
6129260.0	41.22558740000001	1.7018478000000004	34880.0	1675142490.0	LECBG23
6129260.0	41.28646439999999	1.6930776000000003	35380.0	1675142520.0	LECBG23
6129260.0	41.3466376	1.6836673999999998	35880.0	1675142550.0	LECBG23
6129260.0	41.4068872	1.6748701999999998	36000.0	1675142580.0	LECBG23
6129260.0	41.46763019999999	1.6656436	36000.0	1675142610.0	LECBG23
6129260.0	41.5281098	1.6560484000000002	36000.0	1675142640.0	LECBG23
6129260.0	41.58850520000001	1.6464842000000004	36000.0	1675142670.0	LECBG23
6129260.0	41.6491156	1.6371172	36000.0	1675142700.0	LECBG23
6129260.0	41.70952179999999	1.6277282	36000.0	1675142730.0	LECBG23
6129260.0	41.7695926	1.6183737999999996	36000.0	1675142760.0	LECBG23
6129260.0	41.82973400000001	1.6090251999999996	36000.0	1675142790.0	LECBG23
6129260.0	41.88983680000001	1.5996414	36000.0	1675142820.0	LECBG23
6129260.0	41.950158	1.5901743999999998	36000.0	1675142850.0	LECBG23
6129260.0	42.01050559999999	1.5805484	36000.0	1675142880.0	LECBG23
6129260.0	42.07076180000001	1.5708412	36000.0	1675142910.0	LECBG23
6129260.0	42.13096160000001	1.5611166	36000.0	1675142940.0	LECBG23
6129260.0	42.1911886	1.5514458000000002	36000.0	1675142970.0	LECBG23
6129260.0	42.251718200000006	1.5414853999999998	36000.0	1675143000.0	LECBG23
6129260.0	42.31232860000001	1.5314258	36000.0	1675143030.0	LECBG23
6129260.0	42.3732286	1.521403	36000.0	1675143060.0	LECBG23
6129265.0	39.23300780000001	1.819124	33860.0	1675142370.0	LECBBAS
6129265.0	39.22524560000001	1.9053074	34560.0	1675142400.0	LECBBAS
6129265.0	39.2303714	1.9913314	35180.0	1675142430.0	LECBBAS
6129265.0	39.24321320000001	2.075861	35680.0	1675142460.0	LECBBAS
6129265.0	39.2569802	2.1600179999999995	36000.0	1675142490.0	LECBBAS
6129265.0	39.27057140000001	2.2447672	36000.0	1675142520.0	LECBBAS
6129265.0	39.2840918	2.3298753999999997	36000.0	1675142550.0	LECBBAS
6129265.0	39.2974754	2.4150098	36000.0	1675142580.0	LECBBAS
6129265.0	39.3108554	2.499953	36000.0	1675142610.0	LECBBAS
6129265.0	39.32414500000001	2.584911	36000.0	1675142640.0	LECBBAS
6129265.0	39.337275	2.6703224	36000.0	1675142670.0	LECBBAS
6129265.0	39.35024840000001	2.7555186	36000.0	1675142700.0	LECBBAS
6129265.0	39.36353379999999	2.8411956000000007	36000.0	1675142730.0	LECBBAS
6129265.0	39.37678560000001	2.9266215999999994	36000.0	1675142760.0	LECBBAS
6129265.0	39.39000260000001	3.0120793999999997	36000.0	1675142790.0	LECBBAS
6129265.0	39.40319119999999	3.0972201999999998	36000.0	1675142820.0	LECBBAS
6129265.0	39.41618240000001	3.1825651999999995	36000.0	1675142850.0	LECBBAS
6129265.0	39.43514	3.2657676	36000.0	1675142880.0	LECBBAS
6129265.0	39.46757779999999	3.3413458	36000.0	1675142910.0	LECBBAS
6129265.0	39.50065540000001	3.4157357999999998	36000.0	1675142940.0	LECBBAS
6129265.0	39.5344498	3.4901254	36000.0	1675142970.0	LECBBAS
6129265.0	39.5683134	3.5645390000000003	36000.0	1675143000.0	LECBBAS
6129265.0	39.60236019999999	3.639359	36000.0	1675143030.0	LECBBAS
6129265.0	39.636294600000014	3.7136924	36000.0	1675143060.0	LECBBAS
6129265.0	39.6701802	3.7881882	36000.0	1675143090.0	LECBBAS
6129265.0	39.70393439999999	3.8625328	36000.0	1675143120.0	LECBBAS
6129265.0	39.737723	3.9369552000000008	36000.0	1675143150.0	LECBBAS
6129265.0	39.77157539999999	4.011760799999999	36000.0	1675143180.0	LECBBAS
6129265.0	39.805261	4.086343800000002	36000.0	1675143210.0	LECBBAS
6129265.0	39.83877939999999	4.1610664	36000.0	1675143240.0	LECBBAS
6129265.0	39.872301	4.235884800000001	36000.0	1675143270.0	LECBBAS
6129265.0	39.90578760000001	4.310774600000001	36000.0	1675143300.0	LECBBAS
6129265.0	39.9393008	4.3857832	36000.0	1675143330.0	LECBBAS
6129265.0	39.97282039999999	4.461008600000001	36000.0	1675143360.0	LECBBAS
6129265.0	40.006706	4.536993999999999	36000.0	1675143390.0	LECBBAS
6129265.0	40.04065039999999	4.613241200000001	36000.0	1675143420.0	LECBBAS
6129272.0	39.69908599999999	3.4986672	41000.0	1675141980.0	LECBBAS
6129272.0	39.6820198	3.4354508	41000.0	1675142010.0	LECBBAS
6129272.0	39.66491740000001	3.3723118000000007	41000.0	1675142040.0	LECBBAS
6129272.0	39.647653000000005	3.3091348	41000.0	1675142070.0	LECBBAS
6129272.0	39.6300728	3.245657	41000.0	1675142100.0	LECBBAS
6129272.0	39.61271019999999	3.1828124000000004	41000.0	1675142130.0	LECBBAS
6129272.0	39.59490459999999	3.119254399999999	41000.0	1675142160.0	LECBBAS
6129272.0	39.57738139999999	3.0561377999999992	41000.0	1675142190.0	LECBBAS
6129272.0	39.560162600000005	2.993336400000001	41000.0	1675142220.0	LECBBAS
6129272.0	39.54205400000001	2.9288774	41000.0	1675142250.0	LECBBAS
6129272.0	39.52423740000001	2.8654876000000007	41000.0	1675142280.0	LECBBAS
6129272.0	39.50655040000001	2.8024439999999995	41000.0	1675142310.0	LECBBAS
6129272.0	39.4888748	2.739312199999999	41000.0	1675142340.0	LECBBAS
6129272.0	39.47113740000001	2.676129800000001	41000.0	1675142370.0	LECBBAS
6129272.0	39.45313980000001	2.6124967999999997	41000.0	1675142400.0	LECBBAS
6129272.0	39.43531679999999	2.5493252	41000.0	1675142430.0	LECBBAS
6129272.0	39.41716940000001	2.485772	41000.0	1675142460.0	LECBBAS
6129272.0	39.39944499999999	2.4231278	41000.0	1675142490.0	LECBBAS
6129272.0	39.38158679999999	2.3600920000000003	41000.0	1675142520.0	LECBBAS
6129272.0	39.363680400000014	2.2969629999999994	41000.0	1675142550.0	LECBBAS
6129272.0	39.3456498	2.2338992000000006	41000.0	1675142580.0	LECBBAS
6129272.0	39.3274424	2.1708347999999997	41000.0	1675142610.0	LECBBAS
6129272.0	39.30920520000001	2.1076747999999994	41000.0	1675142640.0	LECBBAS
6129272.0	39.2910028	2.0444444	41000.0	1675142670.0	LECBBAS
6129272.0	39.2727166	1.9808688000000003	41000.0	1675142700.0	LECBBAS
6129272.0	39.25427300000001	1.9173374000000003	41000.0	1675142730.0	LECBBAS
6129272.0	39.235776666666666	1.8537391666666672	41000.0	1675142760.0	LECBBAS
6129272.0	39.2173826	1.7906448000000004	41000.0	1675142790.0	LECBBAS
6129272.0	39.1988948	1.7271951999999997	41000.0	1675142820.0	LECBBAS
6129276.0	39.6962176	3.4672276000000006	37000.0	1675141980.0	LECBBAS
6129276.0	39.67699000000001	3.3972829999999994	37000.0	1675142010.0	LECBBAS
6129276.0	39.65779460000001	3.3274734	37000.0	1675142040.0	LECBBAS
6129276.0	39.6386122	3.2579148000000004	37000.0	1675142070.0	LECBBAS
6129276.0	39.61923460000001	3.1880352	37000.0	1675142100.0	LECBBAS
6129276.0	39.599496	3.117974	37000.0	1675142130.0	LECBBAS
6129276.0	39.5797038	3.0477916	37000.0	1675142160.0	LECBBAS
6129276.0	39.56033739999999	2.978083	37000.0	1675142190.0	LECBBAS
6129276.0	39.54035200000001	2.9074236000000004	37000.0	1675142220.0	LECBBAS
6129276.0	39.52082139999999	2.8386518	37000.0	1675142250.0	LECBBAS
6129276.0	39.500746	2.76712	37000.0	1675142280.0	LECBBAS
6129276.0	39.480894600000006	2.6974594	37000.0	1675142310.0	LECBBAS
6129276.0	39.4609472	2.627539799999999	37000.0	1675142340.0	LECBBAS
6129276.0	39.4409136	2.5572414	37000.0	1675142370.0	LECBBAS
6129276.0	39.4207214	2.4869508	37000.0	1675142400.0	LECBBAS
6129276.0	39.40055100000001	2.4165244	37000.0	1675142430.0	LECBBAS
6129276.0	39.38050139999999	2.3463562	37000.0	1675142460.0	LECBBAS
6129276.0	39.36028300000001	2.2764657999999995	37000.0	1675142490.0	LECBBAS
6129276.0	39.33991059999999	2.2063218	37000.0	1675142520.0	LECBBAS
6129276.0	39.3194948	2.1358707999999997	37000.0	1675142550.0	LECBBAS
6129276.0	39.2990198	2.0653217999999995	37000.0	1675142580.0	LECBBAS
6129276.0	39.27851240000001	1.9947804	37000.0	1675142610.0	LECBBAS
6129276.0	39.25795759999999	1.9243388	37000.0	1675142640.0	LECBBAS
6129276.0	39.23746139999999	1.8543296	37000.0	1675142670.0	LECBBAS
6129276.0	39.21679179999999	1.7840129999999996	37000.0	1675142700.0	LECBBAS
6129289.0	40.29368039999999	3.2084926	30720.0	1675142640.0	LECBBAS
6129289.0	40.23833200000001	3.1940599999999995	30220.0	1675142670.0	LECBBAS
6129289.0	40.18329520000001	3.180098800000001	29720.0	1675142700.0	LECBBAS
6129289.0	40.12909379999999	3.1664112000000006	29240.0	1675142730.0	LECBBAS
6129289.0	40.07482680000001	3.1525874000000007	28720.0	1675142760.0	LECBBAS
6129289.0	40.021874	3.1389962	28240.0	1675142790.0	LECBBAS
6129289.0	39.9692652	3.1253717999999995	27800.0	1675142820.0	LECBBAS
6129289.0	39.918933800000005	3.1066800000000003	27220.0	1675142850.0	LECBBAS
6129289.0	39.873893	3.0760874	26820.0	1675142880.0	LECBBAS
6129289.0	39.82999179999999	3.0440894000000007	26320.0	1675142910.0	LECBBAS
6129289.0	39.786714200000006	3.0123518	25820.0	1675142940.0	LECBBAS
6129289.0	39.74356600000001	2.9808042	25320.0	1675142970.0	LECBBAS
6129289.0	39.700517000000005	2.949347	24820.0	1675143000.0	LECBBAS
6129300.0	41.312256	1.092597	34600.0	1675143030.0	LECBG23
6129300.0	41.374065	1.087658	35000.0	1675143060.0	LECBG23
6129300.0	41.436005	1.084282	35400.0	1675143090.0	LECBG23
6129300.0	41.498024	1.079857	35600.0	1675143120.0	LECBG23
6129300.0	41.560875	1.075334	36000.0	1675143150.0	LECBG23
6129300.0	41.622761	1.071471	36000.0	1675143180.0	LECBG23
6129300.0	41.684238	1.067645	36000.0	1675143210.0	LECBG23
6129300.0	41.746017	1.063701	36000.0	1675143240.0	LECBG23
6129300.0	41.808514	1.059636	36000.0	1675143270.0	LECBG23
6129300.0	41.871151	1.055629	36000.0	1675143300.0	LECBG23
6129300.0	41.933743	1.051772	36000.0	1675143330.0	LECBG23
6129300.0	41.99451019999999	1.0478398000000004	36000.0	1675143360.0	LECBG23
6129300.0	42.05701019999999	1.0437256	36000.0	1675143390.0	LECBG23
6129300.0	42.121555	1.039504	36000.0	1675143420.0	LECBG23
6129300.0	42.183445	1.03107	36000.0	1675143450.0	LECBG23
6129300.0	42.241268	1.005702	36000.0	1675143480.0	LECBG23
6129300.0	42.298733	0.978361	36000.0	1675143510.0	LECBG23
6129300.0	42.356438	0.952138	36000.0	1675143540.0	LECBG23
6129300.0	42.41412	0.926026	36000.0	1675143570.0	LECBG23
6129300.0	42.471745	0.8998	36000.0	1675143600.0	LECBG23
6129300.0	42.529194	0.87364	36000.0	1675143630.0	LECBG23
6129300.0	42.58617	0.847482	36000.0	1675143660.0	LECBG23
6129300.0	42.643169	0.820916	36000.0	1675143690.0	LECBG23
6129300.0	42.69856000000001	0.7949865999999999	36000.0	1675143720.0	LECBG23
6129300.0	42.75761	0.767504	36000.0	1675143750.0	LECBG23
6129300.0	42.814781	0.740908	36000.0	1675143780.0	LECBG23
6129305.0	40.32708460000001	3.133179400000001	39000.0	1675142700.0	LECBBAS
6129305.0	40.26201180000001	3.1302346	39000.0	1675142730.0	LECBBAS
6129305.0	40.19659440000001	3.1272122	39000.0	1675142760.0	LECBBAS
6129305.0	40.13148080000001	3.1241965999999994	39000.0	1675142790.0	LECBBAS
6129305.0	40.0663358	3.1212005999999994	39000.0	1675142820.0	LECBBAS
6129305.0	40.0006854	3.1182799999999995	39000.0	1675142850.0	LECBBAS
6129305.0	39.93477639999999	3.1153976	39000.0	1675142880.0	LECBBAS
6129305.0	39.86908180000001	3.1133602	39000.0	1675142910.0	LECBBAS
6129305.0	39.80325059999999	3.116630399999999	39000.0	1675142940.0	LECBBAS
6129305.0	39.737822	3.119259	39000.0	1675142970.0	LECBBAS
6129305.0	39.67189800000001	3.1208684000000004	39000.0	1675143000.0	LECBBAS
6129305.0	39.606162800000014	3.122037	39000.0	1675143030.0	LECBBAS
6129305.0	39.5401966	3.123263400000001	39000.0	1675143060.0	LECBBAS
6129305.0	39.47448980000001	3.1246248000000008	39000.0	1675143090.0	LECBBAS
6129305.0	39.4088636	3.1259782	39000.0	1675143120.0	LECBBAS
6129305.0	39.3433538	3.1277852	39000.0	1675143150.0	LECBBAS
6129305.0	39.27795179999999	3.1288716	39000.0	1675143180.0	LECBBAS
6129305.0	39.21244399999999	3.1300741999999997	39000.0	1675143210.0	LECBBAS
6129305.0	39.14691259999999	3.1310957999999998	38620.0	1675143240.0	LECBBAS
6129305.0	39.080704	3.1321921999999995	38120.0	1675143270.0	LECBBAS
6129305.0	39.0140022	3.1334626	37620.0	1675143300.0	LECBBAS
6129305.0	38.94735919999999	3.1349474000000006	37120.0	1675143330.0	LECBBAS
6129305.0	38.88003599999999	3.1362454	36620.0	1675143360.0	LECBBAS
6129305.0	38.812909	3.137535400000001	35840.0	1675143390.0	LECBBAS
6129305.0	38.74554699999999	3.1388642000000004	34820.0	1675143420.0	LECBBAS
6129305.0	38.67753279999999	3.1401194	33820.0	1675143450.0	LECBBAS
6129305.0	38.609288600000006	3.1415122000000006	32820.0	1675143480.0	LECBBAS
6129305.0	38.54018100000001	3.1430874000000006	31820.0	1675143510.0	LECBBAS
6129305.0	38.4703482	3.1449013999999997	30740.0	1675143540.0	LECBBAS
6129305.0	38.4006242	3.1462538000000007	29820.0	1675143570.0	LECBBAS
6129305.0	38.33282280000001	3.147618799999999	28820.0	1675143600.0	LECBBAS
6129305.0	38.265573200000006	3.1489462	27660.0	1675143630.0	LECBBAS
6129305.0	38.1992446	3.1502162000000005	26540.0	1675143660.0	LECBBAS
6129305.0	38.13495320000001	3.1514518	25620.0	1675143690.0	LECBBAS
6129309.0	39.0287384	1.8561306	33780.0	1675142790.0	LECBBAS
6129309.0	39.0530016	1.9388126	34480.0	1675142820.0	LECBBAS
6129309.0	39.07679320000001	2.0210492	35080.0	1675142850.0	LECBBAS
6129309.0	39.1004604	2.1031472	35680.0	1675142880.0	LECBBAS
6129309.0	39.12419680000001	2.1854427999999992	36000.0	1675142910.0	LECBBAS
6129309.0	39.147829400000006	2.2676300000000005	36000.0	1675142940.0	LECBBAS
6129309.0	39.17087080000001	2.348096199999999	36000.0	1675142970.0	LECBBAS
6129309.0	39.19400540000001	2.4291446000000008	36000.0	1675143000.0	LECBBAS
6129309.0	39.21708220000001	2.5101173999999995	36000.0	1675143030.0	LECBBAS
6129309.0	39.24003260000001	2.5920112	36000.0	1675143060.0	LECBBAS
6129309.0	39.2627204	2.6731173999999998	36000.0	1675143090.0	LECBBAS
6129309.0	39.28558079999999	2.7542018000000006	36000.0	1675143120.0	LECBBAS
6129309.0	39.30850740000001	2.8350926000000003	36000.0	1675143150.0	LECBBAS
6129309.0	39.3315066	2.916037600000001	36000.0	1675143180.0	LECBBAS
6129309.0	39.3542618	2.9971682000000004	36000.0	1675143210.0	LECBBAS
6129309.0	39.37709519999999	3.0783878	36000.0	1675143240.0	LECBBAS
6129309.0	39.40006	3.1594632	36000.0	1675143270.0	LECBBAS
6129309.0	39.42893380000001	3.2368381999999998	36000.0	1675143300.0	LECBBAS
6129309.0	39.47895559999999	3.2891526000000004	36000.0	1675143330.0	LECBBAS
6129309.0	39.535842	3.327779	36000.0	1675143360.0	LECBBAS
6129309.0	39.5925488	3.365458200000001	36000.0	1675143390.0	LECBBAS
6129309.0	39.64973600000001	3.4036848	36000.0	1675143420.0	LECBBAS
6129309.0	39.70714759999999	3.4416204	36000.0	1675143450.0	LECBBAS
6129309.0	39.76249839999999	3.4842786	36000.0	1675143480.0	LECBBAS
6129309.0	39.818250000000006	3.5264342000000006	36000.0	1675143510.0	LECBBAS
6129309.0	39.87372659999999	3.5687232	36000.0	1675143540.0	LECBBAS
6129309.0	39.92922759999999	3.6110914	36000.0	1675143570.0	LECBBAS
6129309.0	39.98468540000001	3.65341	36000.0	1675143600.0	LECBBAS
6129338.0	41.19050360000001	1.9353292	35000.0	1675142910.0	LECBG23
6129338.0	41.151881	1.8780308000000003	35000.0	1675142940.0	LECBG23
6129338.0	41.1121708	1.8197518	35000.0	1675142970.0	LECBG23
6129338.0	41.0728558	1.7621800000000003	35000.0	1675143000.0	LECBG23
6129338.0	41.03312620000001	1.7037872	35000.0	1675143030.0	LECBG23
6129338.0	40.99381139999999	1.6459726	35000.0	1675143060.0	LECBG23
6129338.0	40.9563514	1.591451	35000.0	1675143090.0	LECBG23
6129338.0	40.9205576	1.5397146	35000.0	1675143120.0	LECBG23
6129338.0	40.8860656	1.4891772	35000.0	1675143150.0	LECBG23
6129338.0	40.85132960000001	1.4382289999999998	35000.0	1675143180.0	LECBG23
6129346.0	40.870187	1.7730748	34680.0	1675143240.0	LECBG23
6129346.0	40.9251804	1.7600086	35360.0	1675143270.0	LECBG23
6129346.0	40.9801706	1.7468334	35700.0	1675143300.0	LECBG23
6129346.0	41.03566040000001	1.7339005999999997	36180.0	1675143330.0	LECBG23
6129346.0	41.09176860000001	1.7249668000000002	36600.0	1675143360.0	LECBG23
6129346.0	41.1481324	1.7143136	37080.0	1675143390.0	LECBG23
6129346.0	41.20411440000001	1.7059211999999997	37500.0	1675143420.0	LECBG23
6129346.0	41.26000360000001	1.6970426	37700.0	1675143450.0	LECBG23
6129346.0	41.3162454	1.6892526	37900.0	1675143480.0	LECBG23
6129346.0	41.3732358	1.680627	38000.0	1675143510.0	LECBG23
6129346.0	41.43143239999999	1.6711534	38000.0	1675143540.0	LECBG23
6129346.0	41.49019840000001	1.661961	38000.0	1675143570.0	LECBG23
6129346.0	41.5497974	1.6527033999999996	38000.0	1675143600.0	LECBG23
6129346.0	41.6095354	1.6436841999999998	38000.0	1675143630.0	LECBG23
6129346.0	41.6690776	1.6344614	38000.0	1675143660.0	LECBG23
6129346.0	41.72867159999999	1.6251600000000004	38000.0	1675143690.0	LECBG23
6129346.0	41.78842419999999	1.6156916000000003	38000.0	1675143720.0	LECBG23
6129346.0	41.84779539999999	1.6063686000000004	38000.0	1675143750.0	LECBG23
6129346.0	41.906786200000006	1.5969736	38000.0	1675143780.0	LECBG23
6129346.0	41.96612140000001	1.5876622000000002	38000.0	1675143810.0	LECBG23
6129346.0	42.02533140000001	1.5782978	38000.0	1675143840.0	LECBG23
6129346.0	42.083704200000014	1.5631186	38000.0	1675143870.0	LECBG23
6129346.0	42.14056319999999	1.5429249999999997	38000.0	1675143900.0	LECBG23
6129346.0	42.19632259999999	1.5206841999999996	38000.0	1675143930.0	LECBG23
6129346.0	42.25229459999999	1.4980244000000005	38000.0	1675143960.0	LECBG23
6129346.0	42.308604	1.4751174	38000.0	1675143990.0	LECBG23
6129346.0	42.3651078	1.4521758000000002	38000.0	1675144020.0	LECBG23
6129351.0	38.50066560000001	3.953131	36000.0	1675142130.0	LECBBAS
6129351.0	38.56585419999999	3.9664894	36000.0	1675142160.0	LECBBAS
6129351.0	38.6302498	3.978128400000001	36000.0	1675142190.0	LECBBAS
6129351.0	38.695288	3.990748200000001	36000.0	1675142220.0	LECBBAS
6129351.0	38.760135	4.002975999999999	36000.0	1675142250.0	LECBBAS
6129351.0	38.82501779999999	4.015181800000001	36000.0	1675142280.0	LECBBAS
6129351.0	38.89027579999999	4.027457599999999	36000.0	1675142310.0	LECBBAS
6129351.0	38.95531500000001	4.039808400000001	36000.0	1675142340.0	LECBBAS
6129351.0	39.020321800000005	4.052169600000001	36000.0	1675142370.0	LECBBAS
6129351.0	39.08536600000001	4.064698000000001	36000.0	1675142400.0	LECBBAS
6129351.0	39.15040060000001	4.077413999999998	36000.0	1675142430.0	LECBBAS
6129351.0	39.2154098	4.090089999999998	36000.0	1675142460.0	LECBBAS
6129351.0	39.2804348	4.1026886000000005	36000.0	1675142490.0	LECBBAS
6129351.0	39.34542260000001	4.115263799999999	36000.0	1675142520.0	LECBBAS
6129351.0	39.41035959999999	4.127905199999999	36000.0	1675142550.0	LECBBAS
6129351.0	39.4752488	4.140647399999999	36000.0	1675142580.0	LECBBAS
6129351.0	39.5400856	4.153426199999998	36000.0	1675142610.0	LECBBAS
6129351.0	39.60483239999999	4.166123	36000.0	1675142640.0	LECBBAS
6129351.0	39.667749400000005	4.178379200000001	36000.0	1675142670.0	LECBBAS
6129351.0	39.72635540000001	4.190202599999999	36000.0	1675142700.0	LECBBAS
6129351.0	39.78520820000001	4.201625999999998	36000.0	1675142730.0	LECBBAS
6129351.0	39.8457696	4.212992000000002	36000.0	1675142760.0	LECBBAS
6129351.0	39.908331800000006	4.2249696	36000.0	1675142790.0	LECBBAS
6129351.0	39.97191719999999	4.2404372000000015	36000.0	1675142820.0	LECBBAS
6129358.0	40.31099419999999	3.1232312	37000.0	1675143180.0	LECBBAS
6129358.0	40.24876340000001	3.1024698	37000.0	1675143210.0	LECBBAS
6129358.0	40.18641159999999	3.082213	37000.0	1675143240.0	LECBBAS
6129358.0	40.12424759999999	3.0620385999999997	37000.0	1675143270.0	LECBBAS
6129358.0	40.06223019999999	3.0418456	37000.0	1675143300.0	LECBBAS
6129358.0	40.00048960000001	3.0216138000000003	37000.0	1675143330.0	LECBBAS
6129358.0	39.93884839999999	3.0017170000000006	37000.0	1675143360.0	LECBBAS
6129358.0	39.87710940000001	2.9817246	37000.0	1675143390.0	LECBBAS
6129358.0	39.81509639999999	2.9616488	37000.0	1675143420.0	LECBBAS
6129358.0	39.75324839999999	2.9413638	37000.0	1675143450.0	LECBBAS
6129358.0	39.69068720000001	2.9209514000000008	37000.0	1675143480.0	LECBBAS
6129358.0	39.6287504	2.9013984000000006	37000.0	1675143510.0	LECBBAS
6129358.0	39.56693599999999	2.8816256	37000.0	1675143540.0	LECBBAS
6129358.0	39.505031	2.8617492	37000.0	1675143570.0	LECBBAS
6129358.0	39.44321720000001	2.8419018	37000.0	1675143600.0	LECBBAS
6129358.0	39.38145080000001	2.8221179999999992	37000.0	1675143630.0	LECBBAS
6129358.0	39.3190692	2.8021662000000003	37000.0	1675143660.0	LECBBAS
6129358.0	39.257302	2.78254	37000.0	1675143690.0	LECBBAS
6129358.0	39.1954672	2.7628910000000007	37000.0	1675143720.0	LECBBAS
6129358.0	39.13343379999999	2.7432142	37000.0	1675143750.0	LECBBAS
6129358.0	39.07098360000001	2.723503200000001	37000.0	1675143780.0	LECBBAS
6129358.0	39.00845380000001	2.7036858000000006	37000.0	1675143810.0	LECBBAS
6129358.0	38.94588460000001	2.683786799999999	37000.0	1675143840.0	LECBBAS
6129358.0	38.8832676	2.6640262	37000.0	1675143870.0	LECBBAS
6129358.0	38.8206494	2.644429	37000.0	1675143900.0	LECBBAS
6129358.0	38.7580884	2.6248085999999997	37000.0	1675143930.0	LECBBAS
6129358.0	38.69574740000001	2.605228200000001	37000.0	1675143960.0	LECBBAS
6129358.0	38.63377460000001	2.5858976	37000.0	1675143990.0	LECBBAS
6129358.0	38.57206860000001	2.5665642	37000.0	1675144020.0	LECBBAS
6129360.0	39.07777380000001	2.6775527999999995	25280.0	1675142850.0	LECBBAS
6129360.0	39.09584839999999	2.754824	26260.0	1675142880.0	LECBBAS
6129360.0	39.114142	2.8327814000000004	27180.0	1675142910.0	LECBBAS
6129360.0	39.132115000000006	2.9116208	28340.0	1675142940.0	LECBBAS
6129360.0	39.1489464	2.9887698	29660.0	1675142970.0	LECBBAS
6129360.0	39.16572919999999	3.065296	30480.0	1675143000.0	LECBBAS
6129360.0	39.1831654	3.1430632000000007	31180.0	1675143030.0	LECBBAS
6129360.0	39.2005586	3.2226528	31780.0	1675143060.0	LECBBAS
6129360.0	39.21781220000001	3.303375800000001	32380.0	1675143090.0	LECBBAS
6129360.0	39.23592479999999	3.3837626	32980.0	1675143120.0	LECBBAS
6129360.0	39.25433599999999	3.4644448	33580.0	1675143150.0	LECBBAS
6129360.0	39.27323580000001	3.5464994	34080.0	1675143180.0	LECBBAS
6129360.0	39.2923948	3.629338	34580.0	1675143210.0	LECBBAS
6129360.0	39.31110699999999	3.7105010000000007	35760.0	1675143240.0	LECBBAS
6129360.0	39.3297152	3.7900628	36300.0	1675143270.0	LECBBAS
6129360.0	39.347963600000014	3.8698438	36780.0	1675143300.0	LECBBAS
6129360.0	39.36603480000001	3.9501754	37200.0	1675143330.0	LECBBAS
6129360.0	39.38432020000001	4.0314042	37480.0	1675143360.0	LECBBAS
6129360.0	39.40288760000001	4.112925199999999	37700.0	1675143390.0	LECBBAS
6129360.0	39.42173060000001	4.195382399999999	38000.0	1675143420.0	LECBBAS
6129360.0	39.445265600000006	4.276490199999999	38000.0	1675143450.0	LECBBAS
6129360.0	39.48272360000001	4.348762400000001	38000.0	1675143480.0	LECBBAS
6129360.0	39.5264506	4.413997	38000.0	1675143510.0	LECBBAS
6129360.0	39.56926000000001	4.4804494	38000.0	1675143540.0	LECBBAS
6129360.0	39.6121708	4.547184600000001	38000.0	1675143570.0	LECBBAS
6129360.0	39.65275839999999	4.616048000000001	38000.0	1675143600.0	LECBBAS
6129361.0	39.01895260000001	1.8239352	33080.0	1675143240.0	LECBBAS
6129361.0	39.04313339999999	1.906392	33780.0	1675143270.0	LECBBAS
6129361.0	39.06716620000001	1.9884592	34480.0	1675143300.0	LECBBAS
6129361.0	39.090951800000006	2.070476600000001	35080.0	1675143330.0	LECBBAS
6129361.0	39.11465220000001	2.1525226	35580.0	1675143360.0	LECBBAS
6129361.0	39.1382856	2.2347686	35980.0	1675143390.0	LECBBAS
6129361.0	39.16209300000001	2.317800600000001	36000.0	1675143420.0	LECBBAS
6129361.0	39.18587820000001	2.4013400000000003	36000.0	1675143450.0	LECBBAS
6129361.0	39.2095706	2.4843120000000005	36000.0	1675143480.0	LECBBAS
6129361.0	39.233155200000006	2.5673204000000007	36000.0	1675143510.0	LECBBAS
6129361.0	39.2568782	2.6507701999999997	36000.0	1675143540.0	LECBBAS
6129361.0	39.28024659999999	2.7336978000000003	36000.0	1675143570.0	LECBBAS
6129361.0	39.30365599999999	2.816918	36000.0	1675143600.0	LECBBAS
6129361.0	39.33039919999999	2.8982208	36000.0	1675143630.0	LECBBAS
6129361.0	39.37439040000001	2.9636966000000005	36000.0	1675143660.0	LECBBAS
6129361.0	39.42897479999999	3.0118342	36000.0	1675143690.0	LECBBAS
6129361.0	39.4838084	3.0600373999999992	36000.0	1675143720.0	LECBBAS
6129361.0	39.5384952	3.1082174	36000.0	1675143750.0	LECBBAS
6129361.0	39.59341280000001	3.156787200000001	36000.0	1675143780.0	LECBBAS
6129361.0	39.64825799999999	3.2056872000000007	36000.0	1675143810.0	LECBBAS
6129361.0	39.70274239999999	3.2540496	36000.0	1675143840.0	LECBBAS
6129361.0	39.75787320000001	3.303036	36000.0	1675143870.0	LECBBAS
6129361.0	39.81263939999999	3.3519648	36000.0	1675143900.0	LECBBAS
6129361.0	39.867326	3.400844	36000.0	1675143930.0	LECBBAS
6129361.0	39.9221354	3.4499224000000006	36000.0	1675143960.0	LECBBAS
6129361.0	39.9768342	3.4990066	36000.0	1675143990.0	LECBBAS
6129361.0	40.03310759999999	3.5445728	36000.0	1675144020.0	LECBBAS
6129364.0	41.2858554	1.9241186	37000.0	1675143150.0	LECBG23
6129364.0	41.277268000000014	1.8504756	37000.0	1675143180.0	LECBG23
6129364.0	41.26864139999999	1.7764224	37000.0	1675143210.0	LECBG23
6129364.0	41.26003380000001	1.7028399999999997	37000.0	1675143240.0	LECBG23
6129364.0	41.2516918	1.6289192	37000.0	1675143270.0	LECBG23
6129364.0	41.2430028	1.5553385999999998	37000.0	1675143300.0	LECBG23
6129364.0	41.2341848	1.4816880000000003	37000.0	1675143330.0	LECBG23
6129364.0	41.22529799999999	1.4079331999999998	37000.0	1675143360.0	LECBG23
6129364.0	41.21632740000001	1.332979	37000.0	1675143390.0	LECBG23
6129364.0	41.2073418	1.2587288	37000.0	1675143420.0	LECBG23
6129364.0	41.197941	1.182133	37000.0	1675143450.0	LECBG23
6129364.0	41.188759	1.107434	37000.0	1675143480.0	LECBG23
6129364.0	41.179527	1.032491	37000.0	1675143510.0	LECBG23
6129364.0	41.167702	0.958682	37000.0	1675143540.0	LECBG23
6129364.0	41.155731	0.884613	37000.0	1675143570.0	LECBG23
6129364.0	41.143528	0.810681	37000.0	1675143600.0	LECBG23
6129364.0	41.13158	0.736797	37000.0	1675143630.0	LECBG23
6129364.0	41.119637	0.663093	37000.0	1675143660.0	LECBG23
6129364.0	41.107594	0.589438	37000.0	1675143690.0	LECBG23
6129364.0	41.095493	0.515942	37000.0	1675143720.0	LECBG23
6129364.0	41.083294	0.442716	37000.0	1675143750.0	LECBG23
6129396.0	40.87250140000001	1.7724524000000004	34680.0	1675143480.0	LECBG23
6129396.0	40.93143580000001	1.7583665999999998	35380.0	1675143510.0	LECBG23
6129396.0	40.99043000000001	1.7443403999999998	35980.0	1675143540.0	LECBG23
6129396.0	41.04942900000001	1.7301968	36500.0	1675143570.0	LECBG23
6129396.0	41.10945820000001	1.7208726	36980.0	1675143600.0	LECBG23
6129396.0	41.1695412	1.7111979999999996	37480.0	1675143630.0	LECBG23
6129396.0	41.22947	1.7017297999999996	37900.0	1675143660.0	LECBG23
6129396.0	41.28938399999999	1.6924349999999997	38000.0	1675143690.0	LECBG23
6129396.0	41.34936999999999	1.683324	38000.0	1675143720.0	LECBG23
6129396.0	41.409634200000006	1.6741358	38000.0	1675143750.0	LECBG23
6129396.0	41.4688188	1.6654737999999996	38000.0	1675143780.0	LECBG23
6129396.0	41.52835160000001	1.6559701999999998	38000.0	1675143810.0	LECBG23
6129396.0	41.58784359999999	1.6467197999999998	38000.0	1675143840.0	LECBG23
6129396.0	41.6473676	1.6375593999999998	38000.0	1675143870.0	LECBG23
6129396.0	41.70683559999999	1.6282454000000004	38000.0	1675143900.0	LECBG23
6129396.0	41.76581419999999	1.6188982	38000.0	1675143930.0	LECBG23
6129396.0	41.82442720000001	1.6097374	38000.0	1675143960.0	LECBG23
6129396.0	41.88314720000001	1.6006768	38000.0	1675143990.0	LECBG23
6129396.0	41.94209639999999	1.5914992000000003	38000.0	1675144020.0	LECBG23
6129409.0	39.010843	1.7949176000000002	24600.0	1675143510.0	LECBBAS
6129409.0	39.03668040000001	1.8833254	24900.0	1675143540.0	LECBBAS
6129409.0	39.06258380000001	1.9721248	25380.0	1675143570.0	LECBBAS
6129409.0	39.088193	2.060207000000001	25980.0	1675143600.0	LECBBAS
6129409.0	39.11334439999999	2.1471562000000004	26400.0	1675143630.0	LECBBAS
6129409.0	39.138572800000006	2.2344296000000003	26980.0	1675143660.0	LECBBAS
6129409.0	39.16361820000001	2.3216564	27480.0	1675143690.0	LECBBAS
6129409.0	39.1885374	2.4088056	27980.0	1675143720.0	LECBBAS
6129409.0	39.2132594	2.4955548	28480.0	1675143750.0	LECBBAS
6129409.0	39.2379678	2.5826270000000005	29080.0	1675143780.0	LECBBAS
6129409.0	39.26255600000001	2.6697106	29580.0	1675143810.0	LECBBAS
6129409.0	39.2870326	2.7564792	30080.0	1675143840.0	LECBBAS
6129409.0	39.31136179999999	2.8430612	30500.0	1675143870.0	LECBBAS
6129409.0	39.33564719999999	2.929784	30840.0	1675143900.0	LECBBAS
6129409.0	39.36009019999999	3.0169016000000006	31380.0	1675143930.0	LECBBAS
6129409.0	39.38493039999999	3.1041176	31880.0	1675143960.0	LECBBAS
6129409.0	39.41893699999999	3.1844022	32480.0	1675143990.0	LECBBAS
6129409.0	39.46236620000001	3.2542789999999995	32880.0	1675144020.0	LECBBAS
6129416.0	40.371838800000006	2.975717	35000.0	1675143540.0	LECBBAS
6129416.0	40.31700160000001	2.936737999999999	35000.0	1675143570.0	LECBBAS
6129416.0	40.2637722	2.8988496	35000.0	1675143600.0	LECBBAS
6129416.0	40.211197	2.8612794000000004	35000.0	1675143630.0	LECBBAS
6129416.0	40.15811380000001	2.8234398000000005	35000.0	1675143660.0	LECBBAS
6129416.0	40.1046436	2.7855192	35000.0	1675143690.0	LECBBAS
6129416.0	40.0513002	2.747643799999999	35000.0	1675143720.0	LECBBAS
6129416.0	39.99758199999999	2.7097632000000007	35000.0	1675143750.0	LECBBAS
6129416.0	39.94429519999999	2.6720506	35000.0	1675143780.0	LECBBAS
6129416.0	39.8910454	2.6342292	35000.0	1675143810.0	LECBBAS
6129416.0	39.83779540000001	2.596921	35000.0	1675143840.0	LECBBAS
6129416.0	39.78443380000001	2.5593821999999995	35000.0	1675143870.0	LECBBAS
6129416.0	39.731016800000006	2.5219144000000004	35000.0	1675143900.0	LECBBAS
6129416.0	39.67764779999999	2.4844834000000007	35000.0	1675143930.0	LECBBAS
6129416.0	39.62538299999999	2.4454183999999994	35000.0	1675143960.0	LECBBAS
6129416.0	39.57726479999999	2.3999114	35000.0	1675143990.0	LECBBAS
6129416.0	39.5358054	2.3453782000000007	35000.0	1675144020.0	LECBBAS
6129424.0	40.85611	1.21136	34500.0	1675143900.0	LECBG23
6129424.0	40.915565	1.203201	34900.0	1675143930.0	LECBG23
6129424.0	40.97517	1.195072	35500.0	1675143960.0	LECBG23
6129424.0	41.034691	1.186884	35900.0	1675143990.0	LECBG23
6129424.0	41.09254040000001	1.1789124000000004	36280.0	1675144020.0	LECBG23
6129426.0	41.1657396	1.898327	35000.0	1675143630.0	LECBG23
6129426.0	41.12719100000001	1.8415832000000003	35000.0	1675143660.0	LECBG23
6129426.0	41.0885988	1.7849916	35000.0	1675143690.0	LECBG23
6129426.0	41.05007859999999	1.7287176	35000.0	1675143720.0	LECBG23
6129426.0	41.0113734	1.6718904000000003	35000.0	1675143750.0	LECBG23
6129426.0	40.9728408	1.6153935999999998	35000.0	1675143780.0	LECBG23
6129426.0	40.93401959999999	1.5588628	35000.0	1675143810.0	LECBG23
6129426.0	40.895079200000005	1.5022564	35000.0	1675143840.0	LECBG23
6129426.0	40.8563122	1.4455978	35000.0	1675143870.0	LECBG23
6129426.0	40.81758699999999	1.3891091999999998	35000.0	1675143900.0	LECBG23
6129426.0	40.77872680000001	1.3329968000000003	34620.0	1675143930.0	LECBG23
6129468.0	39.900688	4.6191710000000015	37000.0	1675143000.0	LECBBAS
6129468.0	39.894443	4.544616199999999	37000.0	1675143030.0	LECBBAS
6129468.0	39.88896380000001	4.470466800000001	37000.0	1675143060.0	LECBBAS
6129468.0	39.883466	4.396429000000001	37000.0	1675143090.0	LECBBAS
6129468.0	39.8775332	4.322426199999999	37000.0	1675143120.0	LECBBAS
6129468.0	39.87165220000001	4.2484438	37000.0	1675143150.0	LECBBAS
6129468.0	39.8656184	4.174385999999998	37000.0	1675143180.0	LECBBAS
6129468.0	39.859528000000005	4.100208799999999	37000.0	1675143210.0	LECBBAS
6129468.0	39.853387600000005	4.025792399999999	37000.0	1675143240.0	LECBBAS
6129468.0	39.84730120000001	3.9516952	37000.0	1675143270.0	LECBBAS
6129468.0	39.84109660000001	3.87736	37000.0	1675143300.0	LECBBAS
6129468.0	39.834740200000006	3.803050200000001	37000.0	1675143330.0	LECBBAS
6129468.0	39.8284108	3.728838000000001	37000.0	1675143360.0	LECBBAS
6129468.0	39.82201964999999	3.654622350000003	37000.0	1675143390.0	LECBBAS
6129468.0	39.81563099999999	3.580398599999999	37000.0	1675143420.0	LECBBAS
6129468.0	39.80917519999999	3.5057488	37000.0	1675143450.0	LECBBAS
6129468.0	39.8026808	3.4314016	37000.0	1675143480.0	LECBBAS
6129468.0	39.79628440000001	3.3569415999999994	37000.0	1675143510.0	LECBBAS
6129468.0	39.789669200000006	3.2827146	37000.0	1675143540.0	LECBBAS
6129468.0	39.78297140000001	3.2080276	37000.0	1675143570.0	LECBBAS
6129468.0	39.77612460000001	3.133295800000001	37000.0	1675143600.0	LECBBAS
6129468.0	39.76932719999999	3.0586964	37000.0	1675143630.0	LECBBAS
6129468.0	39.7622974	2.984232200000001	37000.0	1675143660.0	LECBBAS
6129468.0	39.75540940000001	2.9100546	37000.0	1675143690.0	LECBBAS
6129468.0	39.749375400000005	2.8358812	37000.0	1675143720.0	LECBBAS
6129468.0	39.74205020000001	2.7613988000000003	37000.0	1675143750.0	LECBBAS
6129468.0	39.7340554	2.6874283999999995	37000.0	1675143780.0	LECBBAS
6129468.0	39.7268762	2.6133268000000003	37000.0	1675143810.0	LECBBAS
6129468.0	39.720384	2.5384595999999995	37000.0	1675143840.0	LECBBAS
6129468.0	39.71317239999999	2.4640768000000004	37000.0	1675143870.0	LECBBAS
6129468.0	39.705788600000005	2.3900226	37000.0	1675143900.0	LECBBAS
6129468.0	39.6984324	2.3156566	37000.0	1675143930.0	LECBBAS
6129468.0	39.693270600000005	2.2411310000000007	37000.0	1675143960.0	LECBBAS
6129468.0	39.68831160000001	2.1666064	37000.0	1675143990.0	LECBBAS
6129468.0	39.6833338	2.0920372000000005	37000.0	1675144020.0	LECBBAS
6129478.0	39.92549359999999	4.594935599999999	37000.0	1675143090.0	LECBBAS
6129478.0	39.9138758	4.523587799999999	37000.0	1675143120.0	LECBBAS
6129478.0	39.90222360000001	4.4522282	37000.0	1675143150.0	LECBBAS
6129478.0	39.89048400000001	4.380846600000001	37000.0	1675143180.0	LECBBAS
6129478.0	39.87873260000001	4.3095236	37000.0	1675143210.0	LECBBAS
6129478.0	39.86695419999999	4.238167000000001	37000.0	1675143240.0	LECBBAS
6129478.0	39.8525532	4.1675606	37000.0	1675143270.0	LECBBAS
6129478.0	39.83807899999999	4.096586599999998	37000.0	1675143300.0	LECBBAS
6129478.0	39.8232658	4.025845000000001	37000.0	1675143330.0	LECBBAS
6129478.0	39.80848619999999	3.955491	37000.0	1675143360.0	LECBBAS
6129478.0	39.793591600000006	3.8848082	37000.0	1675143390.0	LECBBAS
6129478.0	39.7787034	3.8142126	37000.0	1675143420.0	LECBBAS
6129478.0	39.76366060000001	3.7433092	37000.0	1675143450.0	LECBBAS
6129478.0	39.74869339999999	3.6728112	37000.0	1675143480.0	LECBBAS
6129478.0	39.733776000000006	3.6023242000000004	37000.0	1675143510.0	LECBBAS
6129478.0	39.71874220000001	3.5318646	37000.0	1675143540.0	LECBBAS
6129478.0	39.703553000000014	3.461408600000001	37000.0	1675143570.0	LECBBAS
6129478.0	39.6854694	3.3919215999999994	37000.0	1675143600.0	LECBBAS
6129478.0	39.66619759999999	3.323130800000001	37000.0	1675143630.0	LECBBAS
6129478.0	39.64689200000001	3.2543937999999994	37000.0	1675143660.0	LECBBAS
6129478.0	39.62739860000001	3.1855609999999994	37000.0	1675143690.0	LECBBAS
6129478.0	39.60757519999999	3.116572	37000.0	1675143720.0	LECBBAS
6129478.0	39.58775140000001	3.047369	37000.0	1675143750.0	LECBBAS
6129478.0	39.56812439999999	2.9785934000000003	37000.0	1675143780.0	LECBBAS
6129478.0	39.54807580000001	2.9090027999999992	37000.0	1675143810.0	LECBBAS
6129478.0	39.52826420000001	2.8401816	37000.0	1675143840.0	LECBBAS
6129478.0	39.50850699999999	2.7716248	37000.0	1675143870.0	LECBBAS
6129478.0	39.4887264	2.7032266000000007	37000.0	1675143900.0	LECBBAS
6129478.0	39.46887599999999	2.6348794	37000.0	1675143930.0	LECBBAS
6129478.0	39.44871580000001	2.5651796	37000.0	1675143960.0	LECBBAS
6129478.0	39.42892539999999	2.497028	37000.0	1675143990.0	LECBBAS
6129478.0	39.409033	2.4285784	37000.0	1675144020.0	LECBBAS
6129497.0	39.21613039999999	3.140073599999999	24980.0	1675143960.0	LECBBAS
6129497.0	39.24949780000001	3.2244715999999998	25860.0	1675143990.0	LECBBAS
6129497.0	39.2826942	3.3085714	27060.0	1675144020.0	LECBBAS
6129513.0	38.2199958	3.3990498	36000.0	1675143330.0	LECBBAS
6129513.0	38.23991959999999	3.3299346	36000.0	1675143360.0	LECBBAS
6129513.0	38.25968039999999	3.2604176	36000.0	1675143390.0	LECBBAS
6129513.0	38.27945419999999	3.191311200000001	36000.0	1675143420.0	LECBBAS
6129513.0	38.3028386	3.124266199999999	36000.0	1675143450.0	LECBBAS
6129513.0	38.32776400000001	3.0564632	36000.0	1675143480.0	LECBBAS
6129513.0	38.3530974	2.990064399999999	36000.0	1675143510.0	LECBBAS
6129513.0	38.37833300000001	2.9236681999999994	36000.0	1675143540.0	LECBBAS
6129513.0	38.4033886	2.8570476	36000.0	1675143570.0	LECBBAS
6129513.0	38.42840620000001	2.7904262	36000.0	1675143600.0	LECBBAS
6129513.0	38.45340980000001	2.7238656000000003	36000.0	1675143630.0	LECBBAS
6129513.0	38.47844339999999	2.6574795999999994	35920.0	1675143660.0	LECBBAS
6129513.0	38.50347620000001	2.590962600000001	35420.0	1675143690.0	LECBBAS
6129513.0	38.5283428	2.524252	35020.0	1675143720.0	LECBBAS
6129513.0	38.55354739999999	2.4564820000000003	35000.0	1675143750.0	LECBBAS
6129513.0	38.578273200000005	2.3899567999999998	35000.0	1675143780.0	LECBBAS
6129513.0	38.6028342	2.3238170000000005	35000.0	1675143810.0	LECBBAS
6129513.0	38.6273642	2.2577300000000005	35000.0	1675143840.0	LECBBAS
6129513.0	38.6518516	2.191695	35000.0	1675143870.0	LECBBAS
6129513.0	38.676176	2.1255742	35000.0	1675143900.0	LECBBAS
6129513.0	38.70046480000001	2.059391599999999	35000.0	1675143930.0	LECBBAS
6129513.0	38.7247466	1.9932278	35000.0	1675143960.0	LECBBAS
6129513.0	38.7489018	1.927082	35000.0	1675143990.0	LECBBAS
6129513.0	38.772889600000006	1.8613458	35000.0	1675144020.0	LECBBAS
6129533.0	38.55118700000001	3.9629132	30700.0	1675143540.0	LECBBAS
6129533.0	38.615523800000005	3.9751736000000006	31180.0	1675143570.0	LECBBAS
6129533.0	38.68022899999999	3.987378599999999	31680.0	1675143600.0	LECBBAS
6129533.0	38.74443100000001	3.99958	32180.0	1675143630.0	LECBBAS
6129533.0	38.80894	4.012004199999999	32680.0	1675143660.0	LECBBAS
6129533.0	38.87357179999999	4.024282	33080.0	1675143690.0	LECBBAS
6129533.0	38.93790360000001	4.036808199999999	33580.0	1675143720.0	LECBBAS
6129533.0	39.0015428	4.0491682	33780.0	1675143750.0	LECBBAS
6129533.0	39.06584659999999	4.061480600000001	34000.0	1675143780.0	LECBBAS
6129533.0	39.1298096	4.073824399999999	34000.0	1675143810.0	LECBBAS
6129533.0	39.1938946	4.086198200000001	34000.0	1675143840.0	LECBBAS
6129533.0	39.25798940000001	4.098570999999999	34000.0	1675143870.0	LECBBAS
6129533.0	39.322263600000014	4.1109664000000015	34000.0	1675143900.0	LECBBAS
6129533.0	39.38659940000001	4.1234448000000015	34000.0	1675143930.0	LECBBAS
6129533.0	39.45091540000001	4.135943400000001	34000.0	1675143960.0	LECBBAS
6129533.0	39.51521940000001	4.148453	34000.0	1675143990.0	LECBBAS
6129533.0	39.57950359999999	4.160939399999999	34000.0	1675144020.0	LECBBAS
6129542.0	39.9737228	4.6414464	37000.0	1675143600.0	LECBBAS
6129542.0	39.96649139999999	4.5686496	37000.0	1675143630.0	LECBBAS
6129542.0	39.959203	4.4957874	37000.0	1675143660.0	LECBBAS
6129542.0	39.9519312	4.4228806	37000.0	1675143690.0	LECBBAS
6129542.0	39.944561	4.349912399999999	37000.0	1675143720.0	LECBBAS
6129542.0	39.93712400000001	4.2766188	37000.0	1675143750.0	LECBBAS
6129542.0	39.9295688	4.203470600000001	37000.0	1675143780.0	LECBBAS
6129542.0	39.9219494	4.1303930000000015	37000.0	1675143810.0	LECBBAS
6129542.0	39.91431300000001	4.0572618	37000.0	1675143840.0	LECBBAS
6129542.0	39.90677520000001	3.9845288	37000.0	1675143870.0	LECBBAS
6129542.0	39.89905614999995	3.911664957142856	37000.0	1675143900.0	LECBBAS
6129542.0	39.8913266499999	3.838727671428568	37000.0	1675143930.0	LECBBAS
6129542.0	39.88359714999984	3.765790385714281	37000.0	1675143960.0	LECBBAS
6129542.0	39.87586764999979	3.6928530999999936	37000.0	1675143990.0	LECBBAS
6129542.0	39.8681032	3.6199719999999993	37000.0	1675144020.0	LECBBAS
