RTKey,Lat,Lon,Alt,Unixtime,Sector
6129049,42.699902,1.320922,40000.0,1675142026.0,LECBG23
6129061,42.811546,0.847343,38000.0,1675142250.0,LECBG23
6129071,42.666119,1.392212,38000.0,1675142651.0,LECBG23
6129079,38.116684,3.15411,31100.0,1675141991.0,LECBBAS
6129083,39.44907,1.998712,24500.0,1675142236.0,LECBBAS
6129106,39.953941,4.654592,38000.0,1675143831.0,LECBBAS
6129119,39.4104,2.560645,24600.0,1675142576.0,LECBBAS
6129122,38.383076,1.948524,35000.0,1675142281.0,LECBBAS
6129132,39.246971,1.72878,33400.0,1675142111.0,LECBBAS
6129137,38.152283,3.227894,37000.0,1675142356.0,LECBBAS
6129139,42.717033,1.232494,38000.0,1675142371.0,LECBG23
6129140,41.312534,1.917118,36000.0,1675143226.0,LECBG23
6129180,41.312012,1.929295,38000.0,1675142851.0,LECBG23
6129188,41.20322,1.947695,38000.0,1675143026.0,LECBG23
6129195,38.119251,3.15627,30400.0,1675142841.0,LECBBAS
6129197,41.01075,0.379014,35000.0,1675142545.0,LECBG23
6129198,39.955238,4.660379,38000.0,1675142856.0,LECBBAS
6129200,42.647827,1.403941,36000.0,1675143346.0,LECBG23
6129211,42.668919,1.392694,38000.0,1675143461.0,LECBG23
6129217,42.692059,1.349043,38000.0,1675142986.0,LECBG23
6129219,41.100658,0.408927,37000.0,1675142540.0,LECBG23
6129220,39.665623,1.942132,37000.0,1675142191.0,LECBBAS
6129222,39.254982,2.644191,36000.0,1675144036.0,LECBBAS
6129226,40.998413,0.371949,35000.0,1675142655.0,LECBG23
6129227,41.058571,0.393617,37000.0,1675142675.0,LECBG23
6129233,38.116241,3.155555,30200.0,1675143186.0,LECBBAS
6129239,42.664883,0.750342,38000.0,1675143605.0,LECBG23
6129242,42.429581,1.493644,40000.0,1675143451.0,LECBG23
6129260,42.425785,1.512741,36000.0,1675143086.0,LECBG23
6129265,40.064178,4.666337,36000.0,1675143441.0,LECBBAS
6129272,39.198277,1.725081,41000.0,1675142821.0,LECBBAS
6129276,39.198853,1.723199,37000.0,1675142725.0,LECBBAS
6129289,39.670483,2.927399,24500.0,1675143021.0,LECBBAS
6129300,42.824291,0.736493,36000.0,1675143785.0,LECBG23
6129305,38.122265,3.151662,25300.0,1675143696.0,LECBBAS
6129309,40.00502,3.668946,36000.0,1675143611.0,LECBBAS
6129338,40.820908,1.393977,34700.0,1675143206.0,LECBG23
6129346,42.395241,1.439981,38000.0,1675144036.0,LECBG23
6129351,39.995155,4.246347,36000.0,1675142831.0,LECBBAS
6129358,38.538986,2.55625,37000.0,1675144036.0,LECBBAS
6129360,39.680496,4.665684,38000.0,1675143621.0,LECBBAS
6129361,40.064659,3.565601,36000.0,1675144036.0,LECBBAS
6129364,41.077301,0.406585,37000.0,1675143765.0,LECBG23
6129396,41.973404,1.586511,38000.0,1675144036.0,LECBG23
6129409,39.49004,3.286364,33100.0,1675144036.0,LECBBAS
6129416,39.516144,2.31375,35000.0,1675144036.0,LECBBAS
6129424,41.134285,1.173125,36500.0,1675144040.0,LECBG23
6129426,40.771008,1.321841,34500.0,1675143936.0,LECBG23
6129468,39.680569,2.051867,37000.0,1675144036.0,LECBBAS
6129478,39.398247,2.391759,37000.0,1675144036.0,LECBBAS
6129497,39.299885,3.35237,27500.0,1675144036.0,LECBBAS
6129513,38.781754,1.837154,35000.0,1675144030.0,LECBBAS
6129533,39.614082,4.167683,34000.0,1675144036.0,LECBBAS
6129542,39.863869,3.580719,37000.0,1675144036.0,LECBBAS
