RTKey,Lat,Lon,Alt,Unixtime,Sector
6126901,38.790302,1.400946,8700.0,1675133155.0,LECPIRE
6126911,39.954281,4.660526,38000.0,1675133961.0,LECBBAS
6126933,40.004585,3.668323,38000.0,1675132876.0,LECBBAS
6126940,38.762863,1.336247,8700.0,1675133711.0,LECPIRE
6126946,38.820206,0.486252,19700.0,1675133800.0,LECPIRE
6126971,39.197842,2.510086,12300.0,1675132921.0,LECPIRE
6127030,39.447216,2.0996,30000.0,1675134301.0,LECBBAS
6127031,39.096855,1.750106,35000.0,1675133236.0,LECBBAS
6127033,38.874859,1.704175,11000.0,1675134301.0,LECPIRE
6127057,38.118893,3.151846,33900.0,1675134276.0,LECBBAS
6127075,39.191441,1.732278,37000.0,1675133596.0,LECBBAS
6127078,38.775967,1.383667,8700.0,1675134131.0,LECPIRE
6127084,39.035679,1.436621,12800.0,1675134301.0,LECPIRE
6127085,40.006409,3.67034,32000.0,1675134296.0,LECBBAS
6127088,38.948708,2.05879,17900.0,1675134301.0,LECPIRE
6127114,38.820591,1.535289,8700.0,1675133796.0,LECPIRE
6127115,39.676163,1.945264,35000.0,1675133661.0,LECBBAS
6127124,40.080883,4.660485,38000.0,1675134161.0,LECBBAS
6127130,39.492973,3.395505,36000.0,1675134301.0,LECBBAS
6127139,39.341312,2.951487,36500.0,1675134301.0,LECBBAS
6127157,39.869938,3.640199,25400.0,1675133681.0,LECBBAS
6127159,39.889931,3.0864,24500.0,1675134091.0,LECBBAS
6127164,38.992073,0.595538,8600.0,1675133900.0,LECPIRE
6127172,39.746861,3.614577,28300.0,1675133796.0,LECBBAS
6127175,39.184101,1.688154,15100.0,1675134301.0,LECPIRE
6127188,39.465195,3.776391,34400.0,1675134301.0,LECBBAS
6127205,40.335155,3.133414,35000.0,1675134301.0,LECBBAS
6127226,39.88979,2.673638,28700.0,1675134301.0,LECBBAS
6127229,38.26144,1.978754,35800.0,1675133721.0,LECBBAS
6127268,38.795666,2.06007,14100.0,1675134301.0,LECPIRE
6127285,39.168613,1.519843,10000.0,1675134301.0,LECPIRE
6127314,39.943729,4.527598,41000.0,1675134301.0,LECBBAS
