RTKey	Lat	Lon	Alt	Unixtime	Sector
6126842.0	41.4602268	2.9868322000000007	38000.0	1675140330.0	LECBVNI
6126842.0	41.4755724	3.076647199999999	38000.0	1675140360.0	LECBVNI
6126842.0	41.49074480000001	3.166396	38000.0	1675140390.0	LECBVNI
6126842.0	41.5059878	3.2561676	38000.0	1675140420.0	LECBVNI
6126842.0	41.52116079999999	3.3465374000000003	38000.0	1675140450.0	LECBVNI
6126842.0	41.5362632	3.437142	38000.0	1675140480.0	LECBVNI
6126842.0	41.551222400000015	3.5278816	38000.0	1675140510.0	LECBVNI
6126842.0	41.56605980000001	3.6185832	38000.0	1675140540.0	LECBVNI
6126842.0	41.58087719999999	3.7094538	38000.0	1675140570.0	LECBVNI
6126842.0	41.59552140000001	3.8002842	38000.0	1675140600.0	LECBVNI
6126842.0	41.6101528	3.8908218	38000.0	1675140630.0	LECBVNI
6126842.0	41.6249742	3.9815098	38000.0	1675140660.0	LECBVNI
6127512.0	41.905891800000006	3.880991399999999	35320.0	1675140180.0	LECBVNI
6127512.0	41.93354220000001	3.965566199999999	34540.0	1675140210.0	LECBVNI
6127512.0	41.9610406	4.050006600000001	34000.0	1675140240.0	LECBVNI
6127512.0	41.98840800000001	4.134387999999999	34000.0	1675140270.0	LECBVNI
6127512.0	42.01560619999999	4.218560399999999	34000.0	1675140300.0	LECBVNI
6127512.0	42.042869800000005	4.302981400000001	34000.0	1675140330.0	LECBVNI
6127512.0	42.07544780000001	4.3814410000000015	34000.0	1675140360.0	LECBVNI
6128774.0	41.16374920000001	2.9589841999999997	34000.0	1675140630.0	LECBVNI
6128774.0	41.14834839999999	3.048295	34000.0	1675140660.0	LECBVNI
6128774.0	41.132870200000006	3.1380872000000006	34000.0	1675140690.0	LECBVNI
6128774.0	41.117376400000005	3.2273626	34000.0	1675140720.0	LECBVNI
6128774.0	41.1018234	3.3166	34000.0	1675140750.0	LECBVNI
6128774.0	41.085970800000005	3.406029	34000.0	1675140780.0	LECBVNI
6128774.0	41.0701912	3.4949566	34000.0	1675140810.0	LECBVNI
6128774.0	41.0545758	3.583478999999999	34000.0	1675140840.0	LECBVNI
6128774.0	41.03886759999999	3.6720726	34000.0	1675140870.0	LECBVNI
6128774.0	41.022926200000015	3.760779400000001	34000.0	1675140900.0	LECBVNI
6128774.0	41.00681500000001	3.849628	34000.0	1675140930.0	LECBVNI
6128787.0	39.21086040000001	2.5626604	12020.0	1675139790.0	LECPL2W
6128787.0	39.24613459999999	2.592019	11420.0	1675139820.0	LECPL2W
6128787.0	39.28122019999999	2.6221898	10820.0	1675139850.0	LECPL2W
6128787.0	39.3160028	2.652418199999999	10220.0	1675139880.0	LECPL2W
6128787.0	39.3501102	2.6823108	9620.0	1675139910.0	LECPL2W
6128787.0	39.378408118181845	2.7143219000000007	9072.727272727278	1675139940.0	LECPL2W
6128787.0	39.40658548181823	2.7464849000000013	8527.272727272737	1675139970.0	LECPL2W
6128787.0	39.43476284545462	2.778647900000002	7981.818181818196	1675140000.0	LECPL2W
6128787.0	39.45962940000001	2.813966599999999	7420.0	1675140030.0	LECPL2W
6128787.0	39.47635639999999	2.8555824	7100.0	1675140060.0	LECPL2W
6128787.0	39.4937534	2.8960022000000003	6620.0	1675140090.0	LECPL2W
6128787.0	39.51058239999999	2.936040600000001	6220.0	1675140120.0	LECPL2W
6128787.0	39.526588	2.9752725999999994	5920.0	1675140150.0	LECPL2W
6128787.0	39.54590800000001	3.0095051999999995	5520.0	1675140180.0	LECPL2W
6128787.0	39.576044200000005	3.0046648	5120.0	1675140210.0	LECPL2W
6128787.0	39.6032792	2.9832719999999995	4420.0	1675140240.0	LECPL2W
6128787.0	39.62871860000001	2.9622404	3720.0	1675140270.0	LECPL2W
6128801.0	41.4702864	3.046609	38000.0	1675140780.0	LECBVNI
6128801.0	41.4859146	3.1386992	38000.0	1675140810.0	LECBVNI
6128801.0	41.50143279999999	3.231254399999999	38000.0	1675140840.0	LECBVNI
6128801.0	41.51695219999999	3.3238370000000006	38000.0	1675140870.0	LECBVNI
6128801.0	41.5324384	3.4166926000000006	38000.0	1675140900.0	LECBVNI
6128801.0	41.54763060000001	3.508269	38000.0	1675140930.0	LECBVNI
6128801.0	41.56274599999999	3.5999651999999998	38000.0	1675140960.0	LECBVNI
6128801.0	41.57774399999999	3.691535799999999	38000.0	1675140990.0	LECBVNI
6128804.0	41.46414580000001	3.0086154	36000.0	1675140240.0	LECBVNI
6128804.0	41.47876239999999	3.0952852	36000.0	1675140270.0	LECBVNI
6128804.0	41.4933998	3.1821764000000003	36000.0	1675140300.0	LECBVNI
6128804.0	41.50815480000001	3.2695844000000003	36000.0	1675140330.0	LECBVNI
6128804.0	41.5228442	3.3572076	36000.0	1675140360.0	LECBVNI
6128804.0	41.5373676	3.4446249999999994	36000.0	1675140390.0	LECBVNI
6128804.0	41.5517692	3.531926200000001	36100.0	1675140420.0	LECBVNI
6128804.0	41.566039200000006	3.6191644	36000.0	1675140450.0	LECBVNI
6128804.0	41.58031939999999	3.706231399999999	36000.0	1675140480.0	LECBVNI
6128804.0	41.59458439999999	3.792742000000001	36000.0	1675140510.0	LECBVNI
6128804.0	41.6086566	3.8793402	36000.0	1675140540.0	LECBVNI
6128804.0	41.6224726	3.9660366	36000.0	1675140570.0	LECBVNI
6128807.0	39.6714064	3.008182000000001	4220.0	1675139220.0	LECPL2W
6128807.0	39.65491000000001	2.973190600000001	3640.0	1675139250.0	LECPL2W
6128815.0	39.724783400000014	3.1224624000000003	6220.0	1675139220.0	LECPL2W
6128815.0	39.70577939999999	3.0822654000000007	5420.0	1675139250.0	LECPL2W
6128815.0	39.68874920000001	3.04573	4900.0	1675139280.0	LECPL2W
6128815.0	39.67317939999999	3.0125574000000004	4400.0	1675139310.0	LECPL2W
6128815.0	39.6595804	2.9834986	3900.0	1675139340.0	LECPL2W
6128827.0	41.46072580000001	2.9879756	36000.0	1675140360.0	LECBVNI
6128827.0	41.4763962	3.0805663999999995	36000.0	1675140390.0	LECBVNI
6128827.0	41.49205499999999	3.1736184	36000.0	1675140420.0	LECBVNI
6128827.0	41.50773239999999	3.2667946000000008	36000.0	1675140450.0	LECBVNI
6128827.0	41.52338960000001	3.3605082000000004	36000.0	1675140480.0	LECBVNI
6128827.0	41.538903	3.4537112000000008	36000.0	1675140510.0	LECBVNI
6128827.0	41.5543042	3.5468444000000003	36080.0	1675140540.0	LECBVNI
6128827.0	41.5696154	3.6397734	36000.0	1675140570.0	LECBVNI
6128827.0	41.58468979999999	3.732097799999999	36000.0	1675140600.0	LECBVNI
6128827.0	41.59996659999999	3.8247272	36000.0	1675140630.0	LECBVNI
6128827.0	41.61496720000001	3.918059000000001	36000.0	1675140660.0	LECBVNI
6128827.0	41.6298904	4.011137999999999	36000.0	1675140690.0	LECBVNI
6128886.0	40.541390000000014	3.4325297999999997	21540.0	1675139220.0	LECBVNI
6128886.0	40.49214899999999	3.4130836000000007	20620.0	1675139250.0	LECPL2W
6128886.0	40.4447872	3.3930356	19660.0	1675139280.0	LECPL2W
6128886.0	40.398032400000005	3.3731360000000006	18460.0	1675139310.0	LECPL2W
6128886.0	40.35013	3.3531412	16840.0	1675139340.0	LECPL2W
6128886.0	40.30183639999999	3.3330326	15640.0	1675139370.0	LECPL2W
6128886.0	40.254488400000014	3.3132262	14440.0	1675139400.0	LECPL2W
6128886.0	40.20797360000001	3.2935680000000005	13340.0	1675139430.0	LECPL2W
6128886.0	40.1617468	3.2741326000000006	12240.0	1675139460.0	LECPL2W
6128886.0	40.1170646	3.2558259999999994	11040.0	1675139490.0	LECPL2W
6128886.0	40.0722428	3.2375788000000005	9740.0	1675139520.0	LECPL2W
6128886.0	40.029331000000006	3.2147294	8740.0	1675139550.0	LECPL2W
6128898.0	40.70725359999999	3.1529404000000008	35000.0	1675139220.0	LECBVNI
6128898.0	40.6410356	3.1483035999999998	35000.0	1675139250.0	LECBVNI
6128898.0	40.5752176	3.1437892	35000.0	1675139280.0	LECBVNI
6128898.0	40.50942399999999	3.1408194	35000.0	1675139310.0	LECBVNI
6128898.0	40.4436566	3.1384206000000003	35000.0	1675139340.0	LECBVNI
6128898.0	40.3779376	3.135755	35000.0	1675139370.0	LECBVNI
6128906.0	40.771614	3.5610534	25740.0	1675139220.0	LECBVNI
6128906.0	40.7174588	3.5334194	24720.0	1675139250.0	LECBVNI
6128906.0	40.66496980000001	3.5067538	23920.0	1675139280.0	LECBVNI
6128906.0	40.61300919999999	3.4806216000000005	23420.0	1675139310.0	LECBVNI
6128906.0	40.55992159999999	3.456561	21800.0	1675139340.0	LECBVNI
6128906.0	40.50405460000001	3.4320382000000005	20240.0	1675139370.0	LECBVNI
6128906.0	40.4504872	3.4080232	19160.0	1675139400.0	LECPL2W
6128906.0	40.397771	3.3850782000000006	17740.0	1675139430.0	LECPL2W
6128906.0	40.34577379999999	3.3628450000000005	16640.0	1675139460.0	LECPL2W
6128906.0	40.295316600000014	3.3407858	15540.0	1675139490.0	LECPL2W
6128906.0	40.24608660000001	3.3193855999999995	14440.0	1675139520.0	LECPL2W
6128906.0	40.19785940000001	3.2979996	13520.0	1675139550.0	LECPL2W
6128906.0	40.15083420000001	3.2773672000000005	12460.0	1675139580.0	LECPL2W
6128906.0	40.1048976	3.2578468	11540.0	1675139610.0	LECPL2W
6128906.0	40.06212019999999	3.234582	10800.0	1675139640.0	LECPL2W
6128906.0	40.02329640000001	3.2086879999999995	10420.0	1675139670.0	LECPL2W
6128911.0	40.88819460000001	3.5221928000000005	28140.0	1675139220.0	LECBVNI
6128911.0	40.83521399999999	3.5066770000000007	27420.0	1675139250.0	LECBVNI
6128911.0	40.784121600000006	3.4920054	26720.0	1675139280.0	LECBVNI
6128911.0	40.7338026	3.4774652	25940.0	1675139310.0	LECBVNI
6128911.0	40.68478520000001	3.4633190000000007	25220.0	1675139340.0	LECBVNI
6128911.0	40.636180200000005	3.4494234	24440.0	1675139370.0	LECBVNI
6128911.0	40.58837860000001	3.4320606	23640.0	1675139400.0	LECBVNI
6128911.0	40.5382566	3.4109533999999995	21580.0	1675139430.0	LECBVNI
6128911.0	40.48696800000001	3.3898983999999994	20040.0	1675139460.0	LECPL2W
6128911.0	40.43604	3.3695379999999995	19040.0	1675139490.0	LECPL2W
6128911.0	40.38632479999999	3.3508773999999995	17840.0	1675139520.0	LECPL2W
6128911.0	40.3368188	3.3316198000000004	16920.0	1675139550.0	LECPL2W
6128911.0	40.28830220000001	3.3126522	15920.0	1675139580.0	LECPL2W
6128911.0	40.24190059999999	3.294354399999999	15420.0	1675139610.0	LECPL2W
6128911.0	40.197812	3.2772959999999998	14640.0	1675139640.0	LECPL2W
6128911.0	40.15406319999999	3.260139	13840.0	1675139670.0	LECPL2W
6128911.0	40.110393	3.248707600000001	13200.0	1675139700.0	LECPL2W
6128911.0	40.06623160000001	3.2499856	12820.0	1675139730.0	LECPL2W
6128911.0	40.02442040000001	3.2546512000000005	12140.0	1675139760.0	LECPL2W
6128911.0	39.982415800000005	3.2559666000000003	11520.0	1675139790.0	LECPL2W
6128911.0	39.9411676	3.2573640000000004	10540.0	1675139820.0	LECPL2W
6128911.0	39.90003320000001	3.2572346000000008	9420.0	1675139850.0	LECPL2W
6128911.0	39.861479200000005	3.2563983999999992	9020.0	1675139880.0	LECPL2W
6128911.0	39.82645400000001	3.2479219999999995	8520.0	1675139910.0	LECPL2W
6128911.0	39.793156	3.2380477999999995	7640.0	1675139940.0	LECPL2W
6128911.0	39.7672164	3.2103128000000005	6720.0	1675139970.0	LECPL2W
6128911.0	39.749011400000015	3.1746230000000004	6120.0	1675140000.0	LECPL2W
6128911.0	39.73186379999999	3.1379302000000004	5420.0	1675140030.0	LECPL2W
6128911.0	39.7151484	3.1020724	4640.0	1675140060.0	LECPL2W
6128911.0	39.69837160000001	3.066224799999999	4120.0	1675140090.0	LECPL2W
6128911.0	39.68163879999999	3.0304396	3920.0	1675140120.0	LECPL2W
6128911.0	39.66537099999999	2.9958148	3620.0	1675140150.0	LECPL2W
6128926.0	41.1915168	3.4461501999999995	37000.0	1675139220.0	LECBVNI
6128926.0	41.13644460000001	3.4168275999999995	37000.0	1675139250.0	LECBVNI
6128926.0	41.08112719999999	3.3881551999999995	37000.0	1675139280.0	LECBVNI
6128926.0	41.02600620000001	3.3595935999999997	37000.0	1675139310.0	LECBVNI
6128926.0	40.97097320000001	3.3312018	37000.0	1675139340.0	LECBVNI
6128926.0	40.91609020000001	3.302946000000001	37000.0	1675139370.0	LECBVNI
6128926.0	40.86093020000001	3.2746278	37000.0	1675139400.0	LECBVNI
6128926.0	40.8056668	3.2463668	37000.0	1675139430.0	LECBVNI
6128926.0	40.750434000000006	3.2181406000000004	37000.0	1675139460.0	LECBVNI
6128926.0	40.69517059999999	3.1898637999999995	37000.0	1675139490.0	LECBVNI
6128926.0	40.63983040000001	3.161636400000001	37000.0	1675139520.0	LECBVNI
6128926.0	40.5859528	3.1290917999999994	37000.0	1675139550.0	LECBVNI
6128926.0	40.5342576	3.0921174000000007	37000.0	1675139580.0	LECBVNI
6128926.0	40.482537	3.055069	37000.0	1675139610.0	LECBVNI
6128926.0	40.43084479999999	3.0180558000000004	37000.0	1675139640.0	LECBVNI
6128945.0	41.520366200000005	3.7459392	33000.0	1675139220.0	LECBVNI
6128945.0	41.473743	3.723839200000001	33000.0	1675139250.0	LECBVNI
6128945.0	41.42722259999999	3.7019084000000007	33000.0	1675139280.0	LECBVNI
6128945.0	41.3805868	3.6800273999999993	33000.0	1675139310.0	LECBVNI
6128945.0	41.3359626	3.652938	33000.0	1675139340.0	LECBVNI
6128945.0	41.29414439999999	3.6212734	33000.0	1675139370.0	LECBVNI
6128945.0	41.25201179999999	3.5903584000000004	33000.0	1675139400.0	LECBVNI
6128945.0	41.20892300000001	3.5616888	33000.0	1675139430.0	LECBVNI
6128945.0	41.16598240000001	3.5325808000000003	33000.0	1675139460.0	LECBVNI
6128945.0	41.123243200000005	3.503288199999999	33000.0	1675139490.0	LECBVNI
6128945.0	41.08050399999999	3.474306800000001	33000.0	1675139520.0	LECBVNI
6128945.0	41.037864000000006	3.4454584000000006	33000.0	1675139550.0	LECBVNI
6128945.0	40.995321800000006	3.4167484000000004	33000.0	1675139580.0	LECBVNI
6128945.0	40.9529428	3.3882773999999998	33000.0	1675139610.0	LECBVNI
6128945.0	40.910533	3.3598646	33000.0	1675139640.0	LECBVNI
6128945.0	40.86804779999999	3.3314589999999997	33000.0	1675139670.0	LECBVNI
6128945.0	40.8257538	3.303166600000001	32820.0	1675139700.0	LECBVNI
6128945.0	40.782323	3.2740241999999995	32500.0	1675139730.0	LECBVNI
6128945.0	40.7388892	3.24509	31920.0	1675139760.0	LECBVNI
6128945.0	40.69425560000001	3.2152874	31320.0	1675139790.0	LECBVNI
6128945.0	40.6490784	3.185372600000001	30640.0	1675139820.0	LECBVNI
6128945.0	40.603878400000006	3.1552784000000007	30020.0	1675139850.0	LECBVNI
6128945.0	40.55859059999999	3.1252976	29420.0	1675139880.0	LECBVNI
6128945.0	40.513283400000006	3.0952820000000005	28820.0	1675139910.0	LECBVNI
6128945.0	40.46836560000001	3.0656058	28120.0	1675139940.0	LECBVNI
6128945.0	40.42385020000001	3.0361502	27140.0	1675139970.0	LECBVNI
6128945.0	40.38489015862071	3.016773026206895	25934.3448275862	1675140000.0	LECBVNI
6128945.0	40.357304020689725	3.0204864468965456	25048.827586206848	1675140030.0	LECBVNI
6128945.0	40.32971788275874	3.024199867586196	24163.3103448275	1675140060.0	LECBVNI
6128945.0	40.30213174482776	3.0279132882758466	23277.79310344815	1675140090.0	LECBVNI
6128945.0	40.27454560689678	3.031626708965497	22392.275862068804	1675140120.0	LECBVNI
6128945.0	40.2469594689658	3.035340129655148	21506.758620689456	1675140150.0	LECBVNI
6128945.0	40.21937333103482	3.039053550344798	20621.241379310108	1675140180.0	LECBVNI
6128945.0	40.19178719310384	3.0427669710344487	19735.72413793076	1675140210.0	LECBVNI
6128945.0	40.16420105517285	3.0464803917240992	18850.20689655141	1675140240.0	LECBVNI
6128945.0	40.13661491724187	3.0501938124137498	17964.689655172064	1675140270.0	LECBVNI
6128945.0	40.10902877931089	3.0539072331034003	17079.172413792716	1675140300.0	LECBVNI
6128945.0	40.08144264137991	3.057620653793051	16193.65517241338	1675140330.0	LECBVNI
6128945.0	40.05385650344893	3.0613340744827013	15308.137931034087	1675140360.0	LECBVNI
6128945.0	40.026270365517945	3.065047495172352	14422.620689654794	1675140390.0	LECBVNI
6128945.0	39.99868422758696	3.0687609158620024	13537.1034482755	1675140420.0	LECBVNI
6128945.0	39.97109808965598	3.072474336551653	12651.586206896209	1675140450.0	LECBVNI
6128945.0	39.943511951725	3.0761877572413034	11766.068965516914	1675140480.0	LECBVNI
6128945.0	39.91592581379402	3.079901177930954	10880.55172413762	1675140510.0	LECBVNI
6128945.0	39.88833967586304	3.0836145986206045	9995.034482758329	1675140540.0	LECBVNI
6128945.0	39.860753537932055	3.087328019310255	9109.517241379031	1675140570.0	LECBVNI
6128945.0	39.833167400001074	3.091041439999905	8223.99999999974	1675140600.0	LECBVNI
6128945.0	39.80558126207009	3.094754860689556	7338.48275862042	1675140630.0	LECBVNI
6128945.0	39.77799512413911	3.0984682813792066	6452.965517241099	1675140660.0	LECBVNI
6128945.0	39.75040898620813	3.102181702068857	5567.448275861779	1675140690.0	LECBVNI
6128945.0	39.72300739999999	3.1028336000000007	4720.0	1675140720.0	LECPL2W
6128945.0	39.69912219999999	3.0716352	4220.0	1675140750.0	LECPL2W
6128945.0	39.6826074	3.0327191999999994	3720.0	1675140780.0	LECPL2W
6128947.0	41.37859240000001	3.8091922	33520.0	1675139220.0	LECBVNI
6128947.0	41.32218839999999	3.783599	33020.0	1675139250.0	LECBVNI
6128947.0	41.2655	3.758393	32520.0	1675139280.0	LECBVNI
6128947.0	41.2088128	3.7331476	32020.0	1675139310.0	LECBVNI
6128947.0	41.15240799999999	3.7079344	31520.0	1675139340.0	LECBVNI
6128947.0	41.09576559999999	3.682673	31100.0	1675139370.0	LECBVNI
6128947.0	41.0384056	3.657023599999999	31000.0	1675139400.0	LECBVNI
6128947.0	40.98112855	3.631473900000002	30185.0	1675139430.0	LECBVNI
6128947.0	40.9238794	3.605942	29240.0	1675139460.0	LECBVNI
6128947.0	40.86710360000001	3.5807332	28220.0	1675139490.0	LECBVNI
6128947.0	40.8118958	3.556324799999999	27240.0	1675139520.0	LECBVNI
6128947.0	40.7563538	3.5317094000000004	26220.0	1675139550.0	LECBVNI
6128947.0	40.70118619999999	3.5075026000000005	25140.0	1675139580.0	LECBVNI
6128947.0	40.6465588	3.483499400000001	24220.0	1675139610.0	LECBVNI
6128947.0	40.59356939999999	3.4602240000000006	23140.0	1675139640.0	LECBVNI
6128947.0	40.541334600000006	3.4372508000000006	22220.0	1675139670.0	LECBVNI
6128947.0	40.48902120000001	3.4151146000000008	21140.0	1675139700.0	LECPL2W
6128947.0	40.43726680000001	3.393259	20040.0	1675139730.0	LECPL2W
6128947.0	40.38819620000001	3.3725899999999998	18840.0	1675139760.0	LECPL2W
6128947.0	40.339436000000006	3.351417600000001	17640.0	1675139790.0	LECPL2W
6128947.0	40.2911504	3.3315356000000005	16460.0	1675139820.0	LECPL2W
6128947.0	40.24364040000001	3.3115276	15440.0	1675139850.0	LECPL2W
6128947.0	40.197246600000014	3.291190399999999	14440.0	1675139880.0	LECPL2W
6128947.0	40.1513468	3.271944	13520.0	1675139910.0	LECPL2W
6128947.0	40.1059878	3.2529220000000003	12460.0	1675139940.0	LECPL2W
6128947.0	40.06124299999999	3.234130800000001	11520.0	1675139970.0	LECPL2W
6128947.0	40.01951760000001	3.216658	10460.0	1675140000.0	LECPL2W
6128947.0	39.9818731148936	3.200995842553191	9748.510638297856	1675140030.0	LECPL2W
6128947.0	39.94445200851061	3.18537439574468	9059.148936170175	1675140060.0	LECPL2W
6128947.0	39.907030902127616	3.169752948936168	8369.787234042495	1675140090.0	LECPL2W
6128947.0	39.86960979574462	3.154131502127657	7680.425531914835	1675140120.0	LECPL2W
6128947.0	39.83218868936163	3.1385100553191454	6991.063829787182	1675140150.0	LECPL2W
6128947.0	39.79476758297864	3.122888608510634	6301.702127659529	1675140180.0	LECPL2W
6128947.0	39.75734647659564	3.1072671617021226	5612.340425531876	1675140210.0	LECPL2W
6128947.0	39.71992537021265	3.091645714893611	4922.978723404222	1675140240.0	LECPL2W
6128947.0	39.69639639999999	3.0617248000000004	4600.0	1675140270.0	LECPL2W
6128947.0	39.6801762	3.025790400000001	4020.0	1675140300.0	LECPL2W
6128947.0	39.663344400000014	2.991110000000001	3600.0	1675140330.0	LECPL2W
6128964.0	41.5186602	3.888841	37000.0	1675139220.0	LECBVNI
6128964.0	41.4612952	3.8679868000000006	37000.0	1675139250.0	LECBVNI
6128964.0	41.40414179999999	3.8472494	36620.0	1675139280.0	LECBVNI
6128964.0	41.346568	3.8263956	36220.0	1675139310.0	LECBVNI
6128964.0	41.28842239999999	3.8053528	35720.0	1675139340.0	LECBVNI
6128964.0	41.229434600000005	3.7839411999999992	35220.0	1675139370.0	LECBVNI
6128964.0	41.1725886	3.7570184	34720.0	1675139400.0	LECBVNI
6128964.0	41.11637580000001	3.7281870000000006	34140.0	1675139430.0	LECBVNI
6128964.0	41.05980339999999	3.6996113999999993	33140.0	1675139460.0	LECBVNI
6128964.0	41.0027912	3.671056599999999	32220.0	1675139490.0	LECBVNI
6128964.0	40.9463724	3.6431578	31160.0	1675139520.0	LECBVNI
6128964.0	40.89164379999999	3.615907000000001	30220.0	1675139550.0	LECBVNI
6128964.0	40.8374572	3.5890676000000004	29240.0	1675139580.0	LECBVNI
6128964.0	40.785194800000006	3.5630503999999994	28220.0	1675139610.0	LECBVNI
6128964.0	40.73411139999999	3.5376146	27140.0	1675139640.0	LECBVNI
6128964.0	40.6836536	3.5128740000000005	26140.0	1675139670.0	LECBVNI
6128964.0	40.63317760000001	3.4878382	25140.0	1675139700.0	LECBVNI
6128964.0	40.58256760000001	3.4626605999999995	24140.0	1675139730.0	LECBVNI
6128964.0	40.533797	3.4386968	23340.0	1675139760.0	LECBVNI
6128964.0	40.4854396	3.4149556	21840.0	1675139790.0	LECPL2W
6128964.0	40.4354036	3.393863600000001	20740.0	1675139820.0	LECPL2W
6128964.0	40.3820506	3.3938616	19740.0	1675139850.0	LECPL2W
6128964.0	40.3298048	3.3991270000000005	18540.0	1675139880.0	LECPL2W
6128964.0	40.27815519999999	3.4015772	17820.0	1675139910.0	LECPL2W
6128964.0	40.23000200000001	3.3936084000000006	16940.0	1675139940.0	LECPL2W
6128964.0	40.18312660000001	3.3820594	16120.0	1675139970.0	LECPL2W
6128964.0	40.139066600000014	3.3657522	15060.0	1675140000.0	LECPL2W
6128964.0	40.09870539999999	3.339293799999999	14240.0	1675140030.0	LECPL2W
6128964.0	40.05943480000001	3.312892400000001	13520.0	1675140060.0	LECPL2W
6128964.0	40.0214972	3.2887826	12820.0	1675140090.0	LECPL2W
6128964.0	39.98513400000001	3.2652582	12240.0	1675140120.0	LECPL2W
6128964.0	39.949437	3.242199	11520.0	1675140150.0	LECPL2W
6128964.0	39.91480658461538	3.219690153846152	10647.692307692329	1675140180.0	LECPL2W
6128964.0	39.88036981538462	3.1972478461538425	9832.307692307735	1675140210.0	LECPL2W
6128964.0	39.84593304615385	3.174805538461533	9016.923076923144	1675140240.0	LECPL2W
6128964.0	39.81149627692309	3.152363230769223	8201.538461538552	1675140270.0	LECPL2W
6128964.0	39.77705950769232	3.1299209230769134	7386.153846153933	1675140300.0	LECPL2W
6128964.0	39.74262273846156	3.107478615384604	6570.769230769314	1675140330.0	LECPL2W
6128964.0	39.70925300000001	3.0856749999999997	5640.0	1675140360.0	LECPL2W
6128964.0	39.69035979999999	3.0484846	4620.0	1675140390.0	LECPL2W
6128964.0	39.6721452	3.0096258	4120.0	1675140420.0	LECPL2W
6128964.0	39.65477939999999	2.9737264000000008	3620.0	1675140450.0	LECPL2W
6128967.0	39.20075379999999	2.552827400000001	10000.0	1675139550.0	LECPL2W
6128967.0	39.244532000000014	2.5914984000000003	10000.0	1675139580.0	LECPL2W
6128967.0	39.288288400000006	2.6299818000000004	10000.0	1675139610.0	LECPL2W
6128967.0	39.32973199999999	2.666080799999999	10000.0	1675139640.0	LECPL2W
6128967.0	39.36940700000001	2.7005141999999998	10000.0	1675139670.0	LECPL2W
6128967.0	39.40538943636364	2.734199654545454	9549.090909090912	1675139700.0	LECPL2W
6128967.0	39.43269270909094	2.77422456363636	9167.27272727275	1675139730.0	LECPL2W
6128967.0	39.45685620000001	2.8148594	8820.0	1675139760.0	LECPL2W
6128967.0	39.47364640000001	2.856677	8220.0	1675139790.0	LECPL2W
6128967.0	39.4902942	2.8980418	7520.0	1675139820.0	LECPL2W
6128967.0	39.5065662	2.9389698000000006	6720.0	1675139850.0	LECPL2W
6128967.0	39.52983340000001	2.9721353999999995	6120.0	1675139880.0	LECPL2W
6128967.0	39.555601800000005	3.0013491999999995	5340.0	1675139910.0	LECPL2W
6128967.0	39.58062500000001	3.0299656	4720.0	1675139940.0	LECPL2W
6128967.0	39.60534580000001	3.0575132	3920.0	1675139970.0	LECPL2W
6128967.0	39.63631699999999	3.065411599999999	3220.0	1675140000.0	LECPL2W
6128981.0	41.8104902	3.9052778	31000.0	1675139220.0	LECBVNI
6128981.0	41.7444484	3.890561000000001	31000.0	1675139250.0	LECBVNI
6128981.0	41.67839559999999	3.8762488	31000.0	1675139280.0	LECBVNI
6128981.0	41.61235660000001	3.8617412	31000.0	1675139310.0	LECBVNI
6128981.0	41.5465006	3.846893600000001	31000.0	1675139340.0	LECBVNI
6128981.0	41.48071979999999	3.8318678	31000.0	1675139370.0	LECBVNI
6128981.0	41.41490779999999	3.8167796	31000.0	1675139400.0	LECBVNI
6128981.0	41.34916279999999	3.8015842	31000.0	1675139430.0	LECBVNI
6128981.0	41.2834396	3.7864432	31000.0	1675139460.0	LECBVNI
6128981.0	41.2177276	3.771439800000001	31000.0	1675139490.0	LECBVNI
6128981.0	41.153211000000006	3.75257	31000.0	1675139520.0	LECBVNI
6128981.0	41.09147379999999	3.7253202	31000.0	1675139550.0	LECBVNI
6128981.0	41.0311128	3.6947563999999993	31000.0	1675139580.0	LECBVNI
6128981.0	40.972071000000014	3.6641294000000006	31000.0	1675139610.0	LECBVNI
6128981.0	40.913233	3.6332788000000007	30620.0	1675139640.0	LECBVNI
6128981.0	40.85458879999999	3.6029826	29640.0	1675139670.0	LECBVNI
6128981.0	40.796534	3.5731594	28640.0	1675139700.0	LECBVNI
6128981.0	40.73936279999999	3.5440862000000006	27640.0	1675139730.0	LECBVNI
6128981.0	40.6836868	3.5159200000000004	26620.0	1675139760.0	LECBVNI
6128981.0	40.62834740000001	3.4879042	25640.0	1675139790.0	LECBVNI
6128981.0	40.57436360000001	3.4605092000000006	24720.0	1675139820.0	LECBVNI
6128981.0	40.521297	3.4335209999999994	24100.0	1675139850.0	LECBVNI
6128981.0	40.47167199999999	3.4086770000000004	23720.0	1675139880.0	LECPL2W
6128981.0	40.42088939999999	3.3933744	23040.0	1675139910.0	LECPL2W
6128981.0	40.36703859999999	3.3955388	21940.0	1675139940.0	LECPL2W
6128981.0	40.31312180000001	3.398625600000001	21200.0	1675139970.0	LECPL2W
6128981.0	40.26102879999999	3.4020072	20540.0	1675140000.0	LECPL2W
6128981.0	40.210244	3.4052782	19740.0	1675140030.0	LECPL2W
6128981.0	40.15962479999999	3.4085418	18840.0	1675140060.0	LECPL2W
6128981.0	40.109214400000006	3.411308	18020.0	1675140090.0	LECPL2W
6128981.0	40.06073460000001	3.4138944	17620.0	1675140120.0	LECPL2W
6128981.0	40.01476279999999	3.4162064000000005	17220.0	1675140150.0	LECPL2W
6128981.0	39.9695	3.4184862000000007	16420.0	1675140180.0	LECPL2W
6128981.0	39.92492219999999	3.4210107999999995	15740.0	1675140210.0	LECPL2W
6128981.0	39.88150459999999	3.4368726	15020.0	1675140240.0	LECPL2W
6128981.0	39.838230800000005	3.4553814000000003	14220.0	1675140270.0	LECPL2W
6128981.0	39.79493479999999	3.4735952	13540.0	1675140300.0	LECPL2W
6128981.0	39.75439200000001	3.4631928000000007	12920.0	1675140330.0	LECPL2W
6128981.0	39.72944300000001	3.4271585999999994	12140.0	1675140360.0	LECPL2W
6128981.0	39.717018800000005	3.3836193999999997	11020.0	1675140390.0	LECPL2W
6128981.0	39.70929659999999	3.3367149999999994	9560.0	1675140420.0	LECPL2W
6128981.0	39.70165259999999	3.2889632000000004	8140.0	1675140450.0	LECPL2W
6128981.0	39.6932616	3.2386272000000007	6760.0	1675140480.0	LECPL2W
6128981.0	39.6850144	3.1891924	6040.0	1675140510.0	LECPL2W
6128981.0	39.6767782	3.140223600000001	5220.0	1675140540.0	LECPL2W
6128981.0	39.66899960000001	3.0936484000000006	4620.0	1675140570.0	LECPL2W
6128981.0	39.6617432	3.0490007999999995	4220.0	1675140600.0	LECPL2W
6128981.0	39.65435460000001	3.0066776	3620.0	1675140630.0	LECPL2W
6129012.0	39.39306439999999	2.772702200000001	10180.0	1675139520.0	LECPL2W
6129012.0	39.40346769090906	2.837927181818183	10716.363636363643	1675139550.0	LECPL2W
6129012.0	39.42050059999991	2.9066640000000032	11180.000000000022	1675139580.0	LECPL2W
6129012.0	39.43753350909075	2.975400818181824	11643.6363636364	1675139610.0	LECPL2W
6129012.0	39.45456641818159	3.044137636363644	12107.27272727278	1675139640.0	LECPL2W
6129012.0	39.48031579999999	3.1151005999999994	12960.0	1675139670.0	LECPL2W
6129012.0	39.508494000000006	3.1879659999999994	13660.0	1675139700.0	LECPL2W
6129012.0	39.53717259999999	3.2627282000000006	14380.0	1675139730.0	LECPL2W
6129012.0	39.566345000000005	3.3386066000000008	15260.0	1675139760.0	LECPL2W
6129012.0	39.59509343999999	3.4140544	16480.0	1675139790.0	LECPL2W
6129012.0	39.62413860000001	3.4900838000000003	17160.0	1675139820.0	LECPL2W
6129012.0	39.6536626	3.5673782	17960.0	1675139850.0	LECPL2W
6129019.0	39.388701	2.6727332000000006	9680.0	1675139550.0	LECPL2W
6129019.0	39.39266919999999	2.7338010000000006	10480.0	1675139580.0	LECPL2W
6129019.0	39.397240800000006	2.7991075999999997	11480.0	1675139610.0	LECPL2W
6129019.0	39.40185390000009	2.8673452666666708	12563.333333333316	1675139640.0	LECPL2W
6129020.0	39.21200460000001	2.562296	10000.0	1675140270.0	LECPL2W
6129020.0	39.24315740000001	2.5892576000000003	10000.0	1675140300.0	LECPL2W
6129020.0	39.2741772	2.6163136	10000.0	1675140330.0	LECPL2W
6129020.0	39.305223	2.6433646000000004	9820.0	1675140360.0	LECPL2W
6129020.0	39.33511600000001	2.6726181000000024	9409.999999999987	1675140390.0	LECPL2W
6129020.0	39.36179457142862	2.7026054571428646	9002.857142857109	1675140420.0	LECPL2W
6129020.0	39.38847314285722	2.7325928142857268	8595.714285714228	1675140450.0	LECPL2W
6129020.0	39.41515171428583	2.762580171428589	8188.571428571348	1675140480.0	LECPL2W
6129020.0	39.44183028571443	2.792567528571451	7781.428571428495	1675140510.0	LECPL2W
6129020.0	39.459011	2.8293483999999998	7340.0	1675140540.0	LECPL2W
6129020.0	39.47380719999999	2.8684625999999995	7020.0	1675140570.0	LECPL2W
6129020.0	39.4894324	2.907213799999999	6620.0	1675140600.0	LECPL2W
6129020.0	39.50499099999999	2.9447404	6220.0	1675140630.0	LECPL2W
6129020.0	39.5196934	2.9819955999999994	5820.0	1675140660.0	LECPL2W
6129020.0	39.53418340000001	3.018886	5420.0	1675140690.0	LECPL2W
6129020.0	39.54835140000001	3.0554900000000007	5020.0	1675140720.0	LECPL2W
6129020.0	39.56221739999999	3.0913683999999995	4600.0	1675140750.0	LECPL2W
6129020.0	39.586098000000014	3.1111149999999994	4220.0	1675140780.0	LECPL2W
6129020.0	39.60853319999999	3.087932400000001	3920.0	1675140810.0	LECPL2W
6129020.0	39.62689379999999	3.0573178000000008	3620.0	1675140840.0	LECPL2W
6129022.0	39.70330940000001	3.0742297999999995	4840.0	1675140660.0	LECPL2W
6129022.0	39.68476800000001	3.0371930000000003	4320.0	1675140690.0	LECPL2W
6129022.0	39.66721639999999	3.000157400000001	3720.0	1675140720.0	LECPL2W
6129028.0	42.0764128	4.174373400000001	35000.0	1675139400.0	LECBVNI
6129028.0	42.01775460000001	4.135250999999999	35000.0	1675139430.0	LECBVNI
6129028.0	41.95920460000001	4.096200799999999	35000.0	1675139460.0	LECBVNI
6129028.0	41.90141980000001	4.0577766	35000.0	1675139490.0	LECBVNI
6129028.0	41.84376060000001	4.019431600000002	35000.0	1675139520.0	LECBVNI
6129028.0	41.78569139999999	3.9808804000000007	35000.0	1675139550.0	LECBVNI
6129028.0	41.727926	3.9427044	35000.0	1675139580.0	LECBVNI
6129028.0	41.669965600000005	3.9044826000000006	35000.0	1675139610.0	LECBVNI
6129028.0	41.6110454	3.8686496	35000.0	1675139640.0	LECBVNI
6129028.0	41.5466064	3.847758400000001	35000.0	1675139670.0	LECBVNI
6129028.0	41.48083360000001	3.8323158	35000.0	1675139700.0	LECBVNI
6129028.0	41.41496179999999	3.8172024	35000.0	1675139730.0	LECBVNI
6129028.0	41.3489134	3.8021629999999993	35000.0	1675139760.0	LECBVNI
6129028.0	41.282598600000014	3.7872858	35000.0	1675139790.0	LECBVNI
6129028.0	41.2160838	3.7724466	35000.0	1675139820.0	LECBVNI
6129028.0	41.1509648	3.7530446	35000.0	1675139850.0	LECBVNI
6129028.0	41.08939479999999	3.7235858	35000.0	1675139880.0	LECBVNI
6129028.0	41.0283576	3.692493	34820.0	1675139910.0	LECBVNI
6129028.0	40.96930839999999	3.6626296	34320.0	1675139940.0	LECBVNI
6129028.0	40.9104516	3.6326256	33240.0	1675139970.0	LECBVNI
6129028.0	40.85047120000001	3.6021514000000003	31960.0	1675140000.0	LECBVNI
6129028.0	40.7900392	3.5713496000000005	30740.0	1675140030.0	LECBVNI
6129028.0	40.73009839999999	3.5409796	29540.0	1675140060.0	LECBVNI
6129028.0	40.67133759999999	3.5111696	28340.0	1675140090.0	LECBVNI
6129028.0	40.61367080000001	3.4819694	27140.0	1675140120.0	LECBVNI
6129028.0	40.55673199999999	3.4530278000000005	25940.0	1675140150.0	LECBVNI
6129028.0	40.50058500000001	3.4244274000000003	24760.0	1675140180.0	LECBVNI
6129028.0	40.44695980000001	3.401156200000001	23720.0	1675140210.0	LECPL2W
6129028.0	40.3911674	3.395892999999999	22640.0	1675140240.0	LECPL2W
6129028.0	40.3359506	3.3988475999999994	21540.0	1675140270.0	LECPL2W
6129028.0	40.28291840000001	3.401829	20540.0	1675140300.0	LECPL2W
6129028.0	40.23161899999999	3.4046748	19540.0	1675140330.0	LECPL2W
6129028.0	40.1829232	3.4242065999999998	18640.0	1675140360.0	LECPL2W
6129028.0	40.13589759999999	3.4477069999999994	18000.0	1675140390.0	LECPL2W
6129028.0	40.09168300000001	3.4709292000000005	17440.0	1675140420.0	LECPL2W
6129028.0	40.04842859999999	3.4939336000000005	16340.0	1675140450.0	LECPL2W
6129028.0	40.00537679999999	3.5170328	15440.0	1675140480.0	LECPL2W
6129028.0	39.961693	3.5287975999999994	14340.0	1675140510.0	LECPL2W
6129028.0	39.91820639999999	3.5383064	13340.0	1675140540.0	LECPL2W
6129028.0	39.875407200000005	3.5467798000000004	12520.0	1675140570.0	LECPL2W
6129028.0	39.8344414	3.5546386	11920.0	1675140600.0	LECPL2W
6129028.0	39.7972906	3.5520508000000004	11420.0	1675140630.0	LECPL2W
6129028.0	39.76120680000001	3.5472714	10920.0	1675140660.0	LECPL2W
6129028.0	39.7308454	3.5258898000000003	10220.0	1675140690.0	LECPL2W
6129028.0	39.70226079999999	3.5013716	9340.0	1675140720.0	LECPL2W
6129028.0	39.68105880000001	3.468162199999999	8440.0	1675140750.0	LECPL2W
6129028.0	39.69148399999999	3.4285018000000003	8000.0	1675140780.0	LECPL2W
6129028.0	39.70895280000001	3.389416	7820.0	1675140810.0	LECPL2W
6129028.0	39.7274366	3.349326600000001	7220.0	1675140840.0	LECPL2W
6129028.0	39.7444368	3.3109438000000004	6640.0	1675140870.0	LECPL2W
6129028.0	39.7479438	3.2704614000000007	6020.0	1675140900.0	LECPL2W
6129028.0	39.7357882	3.2309444	5420.0	1675140930.0	LECPL2W
6129028.0	39.72315220000001	3.1909386	4820.0	1675140960.0	LECPL2W
6129028.0	39.7099942	3.1493008	4200.0	1675140990.0	LECPL2W
6129029.0	41.53317479999999	3.189014399999999	37000.0	1675139850.0	LECBVNI
6129029.0	41.470108	3.1857304000000006	37000.0	1675139880.0	LECBVNI
6129029.0	41.406898	3.182675	37000.0	1675139910.0	LECBVNI
6129029.0	41.34366639999999	3.1797014	37000.0	1675139940.0	LECBVNI
6129029.0	41.28042579999999	3.176805999999999	37000.0	1675139970.0	LECBVNI
6129029.0	41.217174600000014	3.1738940000000007	37000.0	1675140000.0	LECBVNI
6129029.0	41.15395360000001	3.1708006	37000.0	1675140030.0	LECBVNI
6129029.0	41.090629600000014	3.1678696	37000.0	1675140060.0	LECBVNI
6129029.0	41.02687340000001	3.1650032	37000.0	1675140090.0	LECBVNI
6129029.0	40.963064	3.1620852000000004	37000.0	1675140120.0	LECBVNI
6129029.0	40.89911940000001	3.1591612	36220.0	1675140150.0	LECBVNI
6129029.0	40.834758400000005	3.1559506000000006	35140.0	1675140180.0	LECBVNI
6129029.0	40.7690594	3.1528462	34120.0	1675140210.0	LECBVNI
6129029.0	40.7027332	3.1496862000000005	32960.0	1675140240.0	LECBVNI
6129029.0	40.63634739999999	3.1465552000000008	31940.0	1675140270.0	LECBVNI
6129029.0	40.57003039999999	3.1433624	31400.0	1675140300.0	LECBVNI
6129029.0	40.50358239999999	3.1403228000000003	31020.0	1675140330.0	LECBVNI
6129029.0	40.4368984	3.137371000000001	31000.0	1675140360.0	LECBVNI
6129029.0	40.37063740000001	3.1343856000000003	31000.0	1675140390.0	LECBVNI
6129034.0	39.7946296	3.6043886	10020.0	1675140090.0	LECPL2W
6129034.0	39.77168360000001	3.564338	8940.0	1675140120.0	LECPL2W
6129034.0	39.74818059999999	3.5232496	8300.0	1675140150.0	LECPL2W
6129034.0	39.72733119999999	3.483416799999999	7820.0	1675140180.0	LECPL2W
6129034.0	39.7309228	3.438802999999999	7420.0	1675140210.0	LECPL2W
6129034.0	39.74349459999999	3.397863799999999	6820.0	1675140240.0	LECPL2W
6129034.0	39.755405	3.3559982	6220.0	1675140270.0	LECPL2W
6129034.0	39.7487932	3.3124105999999998	5620.0	1675140300.0	LECPL2W
6129034.0	39.73712480000001	3.2709198000000006	5000.0	1675140330.0	LECPL2W
6129034.0	39.72512699999999	3.2298188	4420.0	1675140360.0	LECPL2W
6129034.0	39.7133618	3.1881775999999995	3820.0	1675140390.0	LECPL2W
6129066.0	42.134299	4.088187199999999	35000.0	1675139760.0	LECBVNI
6129066.0	42.0820146	4.049014399999999	35000.0	1675139790.0	LECBVNI
6129066.0	42.02840919999999	4.009904000000001	35000.0	1675139820.0	LECBVNI
6129066.0	41.97499219999999	3.971742199999999	35000.0	1675139850.0	LECBVNI
6129066.0	41.9185962	3.9412642	35020.0	1675139880.0	LECBVNI
6129066.0	41.85970840000001	3.919166	35000.0	1675139910.0	LECBVNI
6129066.0	41.7988774	3.9048136	35000.0	1675139940.0	LECBVNI
6129066.0	41.73780440000001	3.8907194	35000.0	1675139970.0	LECBVNI
6129066.0	41.677091200000014	3.876551800000001	35000.0	1675140000.0	LECBVNI
6129066.0	41.6163184	3.8624896	35000.0	1675140030.0	LECBVNI
6129066.0	41.5554862	3.848417	35000.0	1675140060.0	LECBVNI
6129066.0	41.4942902	3.8343268	35000.0	1675140090.0	LECBVNI
6129066.0	41.43319900000001	3.8203604	35000.0	1675140120.0	LECBVNI
6129066.0	41.3717108	3.806322	35000.0	1675140150.0	LECBVNI
6129066.0	41.31009800000001	3.7923505999999993	35000.0	1675140180.0	LECBVNI
6129066.0	41.2486018	3.7783760000000006	35000.0	1675140210.0	LECBVNI
6129066.0	41.187140000000014	3.76435	35000.0	1675140240.0	LECBVNI
6129066.0	41.1278118	3.7428734	35000.0	1675140270.0	LECBVNI
6129066.0	41.0708638	3.7144336	35000.0	1675140300.0	LECBVNI
6129066.0	41.0140248	3.68515	34360.0	1675140330.0	LECBVNI
6129066.0	40.9574234	3.655996	32840.0	1675140360.0	LECBVNI
6129066.0	40.9006954	3.626966200000001	31740.0	1675140390.0	LECBVNI
6129066.0	40.8434242	3.6057896	30640.0	1675140420.0	LECBVNI
6129066.0	40.7843924	3.5964314	29520.0	1675140450.0	LECBVNI
6129066.0	40.726284000000014	3.5875176	28180.0	1675140480.0	LECBVNI
6129066.0	40.66774919999999	3.5784038	26460.0	1675140510.0	LECBVNI
6129066.0	40.60887220000001	3.5697728	24960.0	1675140540.0	LECBVNI
6129066.0	40.55035420000001	3.5612048000000005	23820.0	1675140570.0	LECBVNI
6129066.0	40.4940142	3.5524956000000008	22480.0	1675140600.0	LECBVNI
6129066.0	40.43751039999999	3.5440941999999995	21220.0	1675140630.0	LECPL2W
6129066.0	40.38236439999999	3.5357574000000005	20440.0	1675140660.0	LECPL2W
6129066.0	40.3286454	3.5277582	19320.0	1675140690.0	LECPL2W
6129066.0	40.27573280000001	3.5194208	18420.0	1675140720.0	LECPL2W
6129066.0	40.2260202	3.5122089999999995	17740.0	1675140750.0	LECPL2W
6129066.0	40.17720099999999	3.5052388000000003	16940.0	1675140780.0	LECPL2W
6129066.0	40.12982940000001	3.4981316	16120.0	1675140810.0	LECPL2W
6129066.0	40.08288500000001	3.4908234	15420.0	1675140840.0	LECPL2W
6129066.0	40.03908679999999	3.484488399999999	14820.0	1675140870.0	LECPL2W
6129066.0	39.99724499999999	3.4783394000000003	13740.0	1675140900.0	LECPL2W
6129066.0	39.955482	3.47204	12460.0	1675140930.0	LECPL2W
6129066.0	39.92384280000001	3.4431094000000004	11340.0	1675140960.0	LECPL2W
6129066.0	39.8999634	3.4046402	10040.0	1675140990.0	LECPL2W
6129079.0	42.1443396	4.092322600000001	31100.0	1675139910.0	LECBVNI
6129079.0	42.0942026	4.055574999999998	31100.0	1675139940.0	LECBVNI
6129079.0	42.0435384	4.019613	31100.0	1675139970.0	LECBVNI
6129079.0	41.99312259999999	3.9835216	31100.0	1675140000.0	LECBVNI
6129079.0	41.94316740000001	3.947582600000001	31100.0	1675140030.0	LECBVNI
6129079.0	41.88787040000001	3.925252	31100.0	1675140060.0	LECBVNI
6129079.0	41.8297822	3.9109586	31100.0	1675140090.0	LECBVNI
6129079.0	41.771455	3.8976044	31100.0	1675140120.0	LECBVNI
6129079.0	41.71308279999999	3.884229	31100.0	1675140150.0	LECBVNI
6129079.0	41.6547832	3.870854799999999	31100.0	1675140180.0	LECBVNI
6129079.0	41.59656	3.85742	31100.0	1675140210.0	LECBVNI
6129079.0	41.5383448	3.8439926	31100.0	1675140240.0	LECBVNI
6129079.0	41.4801288	3.8306078	31100.0	1675140270.0	LECBVNI
6129079.0	41.421812	3.8172836	31100.0	1675140300.0	LECBVNI
6129079.0	41.363005	3.8038818	31100.0	1675140330.0	LECBVNI
6129079.0	41.30413979999999	3.790335	31100.0	1675140360.0	LECBVNI
6129079.0	41.2454038	3.7768482000000008	31100.0	1675140390.0	LECBVNI
6129079.0	41.18695759999999	3.7634424	31100.0	1675140420.0	LECBVNI
6129079.0	41.12848060000001	3.750196999999999	31100.0	1675140450.0	LECBVNI
6129079.0	41.069967600000005	3.737085	31100.0	1675140480.0	LECBVNI
6129079.0	41.011472600000005	3.7238706	31100.0	1675140510.0	LECBVNI
6129079.0	40.95299379999999	3.7104248	31100.0	1675140540.0	LECBVNI
6129079.0	40.89448360000001	3.6970254000000007	31100.0	1675140570.0	LECBVNI
6129079.0	40.8359364	3.683697200000001	31100.0	1675140600.0	LECBVNI
6129079.0	40.7774114	3.6705224	31100.0	1675140630.0	LECBVNI
6129079.0	40.7188756	3.657453399999999	31100.0	1675140660.0	LECBVNI
6129079.0	40.66011760000001	3.644339800000001	31100.0	1675140690.0	LECBVNI
6129079.0	40.60161239999999	3.6314032	31100.0	1675140720.0	LECBVNI
6129079.0	40.54321440000001	3.6185378	31100.0	1675140750.0	LECBVNI
6129079.0	40.48487140000001	3.6058768000000008	31100.0	1675140780.0	LECBVNI
6129079.0	40.4265222	3.5934614	31100.0	1675140810.0	LECBVNI
6129079.0	40.368180400000014	3.580942	31100.0	1675140840.0	LECBVNI
6129079.0	40.309862200000005	3.5681672	31100.0	1675140870.0	LECBVNI
6129079.0	40.25156140000001	3.5550806	31100.0	1675140900.0	LECBVNI
6129087.0	40.3503792	3.5372154000000005	18000.0	1675140540.0	LECPL2W
6129087.0	40.378052800000006	3.4919548000000007	18000.0	1675140570.0	LECPL2W
6129087.0	40.4057158	3.446771	18000.0	1675140600.0	LECPL2W
6129087.0	40.43355039999999	3.4022028	18000.0	1675140630.0	LECPL2W
6129087.0	40.462625800000005	3.3585973999999994	18000.0	1675140660.0	LECPL2W
6129087.0	40.49294760000001	3.3152304	18000.0	1675140690.0	LECPL2W
6129122.0	42.13950499999999	4.072034	35000.0	1675140270.0	LECBVNI
6129122.0	42.07847979999999	4.052213	35000.0	1675140300.0	LECBVNI
6129122.0	42.0164776	4.0321884	35000.0	1675140330.0	LECBVNI
6129122.0	41.9551228	4.0123638	35000.0	1675140360.0	LECBVNI
6129122.0	41.89394899999999	3.9927834	35100.0	1675140390.0	LECBVNI
6129122.0	41.833344	3.9732684	35000.0	1675140420.0	LECBVNI
6129122.0	41.7727798	3.9537928	35000.0	1675140450.0	LECBVNI
6129122.0	41.71216660000001	3.934259799999999	35000.0	1675140480.0	LECBVNI
6129122.0	41.6515288	3.9149048	35000.0	1675140510.0	LECBVNI
6129122.0	41.5908786	3.895565000000001	35000.0	1675140540.0	LECBVNI
6129122.0	41.53012840000001	3.8762038	35000.0	1675140570.0	LECBVNI
6129122.0	41.4692526	3.8568402	35000.0	1675140600.0	LECBVNI
6129122.0	41.40806820000001	3.8373684	35000.0	1675140630.0	LECBVNI
6129122.0	41.34621080000001	3.8178634	35000.0	1675140660.0	LECBVNI
6129122.0	41.28471919999999	3.7985564	35000.0	1675140690.0	LECBVNI
6129122.0	41.22328800000001	3.779067799999999	35000.0	1675140720.0	LECBVNI
6129122.0	41.162018	3.759226199999999	35000.0	1675140750.0	LECBVNI
6129122.0	41.10323320000001	3.7317864	35000.0	1675140780.0	LECBVNI
6129122.0	41.04562820000001	3.7017442000000007	35000.0	1675140810.0	LECBVNI
6129122.0	40.98792179999999	3.6719976	35000.0	1675140840.0	LECBVNI
6129122.0	40.93018020000001	3.6424346	35000.0	1675140870.0	LECBVNI
6129122.0	40.87256840000001	3.612756	35000.0	1675140900.0	LECBVNI
6129122.0	40.814894	3.5831454	35000.0	1675140930.0	LECBVNI
6129122.0	40.757182	3.5536762000000004	35000.0	1675140960.0	LECBVNI
6129122.0	40.69975120000001	3.5245060000000006	35000.0	1675140990.0	LECBVNI
6129132.0	42.14727360000001	4.0955154	37000.0	1675140330.0	LECBVNI
6129132.0	42.0963296	4.059050399999999	37000.0	1675140360.0	LECBVNI
6129132.0	42.0450138	4.021563400000001	37000.0	1675140390.0	LECBVNI
6129132.0	41.99368840000001	3.984019199999999	37000.0	1675140420.0	LECBVNI
6129132.0	41.942354400000006	3.9466556000000006	37000.0	1675140450.0	LECBVNI
6129132.0	41.8910248	3.9095888	37000.0	1675140480.0	LECBVNI
6129132.0	41.838578000000005	3.8760666000000006	37000.0	1675140510.0	LECBVNI
6129132.0	41.786263000000005	3.841619000000001	37000.0	1675140540.0	LECBVNI
6129132.0	41.7340492	3.806787	37000.0	1675140570.0	LECBVNI
6129132.0	41.68192899999999	3.7716811999999993	37000.0	1675140600.0	LECBVNI
6129132.0	41.62989299999999	3.7366176000000006	37000.0	1675140630.0	LECBVNI
6129132.0	41.57762880000001	3.7012418	37000.0	1675140660.0	LECBVNI
6129132.0	41.5254402	3.6663208	37000.0	1675140690.0	LECBVNI
6129132.0	41.47312419999999	3.631567	37000.0	1675140720.0	LECBVNI
6129132.0	41.420353	3.5967762	37000.0	1675140750.0	LECBVNI
6129132.0	41.367551	3.5619974	37000.0	1675140780.0	LECBVNI
6129132.0	41.314811000000006	3.527131	37000.0	1675140810.0	LECBVNI
6129132.0	41.2619876	3.4922772	37000.0	1675140840.0	LECBVNI
6129132.0	41.2090938	3.4574738000000003	37000.0	1675140870.0	LECBVNI
6129132.0	41.154547	3.4262892000000003	37000.0	1675140900.0	LECBVNI
6129132.0	41.098903400000005	3.3971056	37000.0	1675140930.0	LECBVNI
6129132.0	41.0433262	3.368143999999999	37000.0	1675140960.0	LECBVNI
6129132.0	40.98790120000001	3.3396818000000006	37000.0	1675140990.0	LECBVNI
6129137.0	41.51162120000001	3.1881216	37000.0	1675140810.0	LECBVNI
6129137.0	41.44733120000001	3.1849766	37000.0	1675140840.0	LECBVNI
6129137.0	41.382901200000006	3.1819454	37000.0	1675140870.0	LECBVNI
6129137.0	41.31828120000001	3.178889399999999	37000.0	1675140900.0	LECBVNI
6129137.0	41.253434000000006	3.1759528	37000.0	1675140930.0	LECBVNI
6129137.0	41.18856199999999	3.1730013999999995	37000.0	1675140960.0	LECBVNI
6129137.0	41.12355900000001	3.1700344	37000.0	1675140990.0	LECBVNI
6129159.0	42.11855360000001	4.0752602000000016	35000.0	1675140540.0	LECBVNI
6129159.0	42.06489920000001	4.035991200000001	35000.0	1675140570.0	LECBVNI
6129159.0	42.01110899999999	3.9968668	35080.0	1675140600.0	LECBVNI
6129159.0	41.9561368	3.9612822	35100.0	1675140630.0	LECBVNI
6129159.0	41.898022000000005	3.933184	35080.0	1675140660.0	LECBVNI
6129159.0	41.83770320000001	3.9143896000000007	35000.0	1675140690.0	LECBVNI
6129159.0	41.77611120000001	3.899241199999999	35000.0	1675140720.0	LECBVNI
6129159.0	41.71457800000001	3.8852594	35000.0	1675140750.0	LECBVNI
6129159.0	41.65318300000001	3.8708664	35000.0	1675140780.0	LECBVNI
6129159.0	41.591814000000014	3.8565688	35000.0	1675140810.0	LECBVNI
6129159.0	41.53044199999999	3.8423886	35000.0	1675140840.0	LECBVNI
6129159.0	41.4689728	3.8282808	35000.0	1675140870.0	LECBVNI
6129159.0	41.40728580000001	3.814214600000001	34820.0	1675140900.0	LECBVNI
6129159.0	41.345280800000005	3.8000926	33740.0	1675140930.0	LECBVNI
6129159.0	41.2831366	3.7859852	32420.0	1675140960.0	LECBVNI
6129159.0	41.2218166	3.7721886000000007	31720.0	1675140990.0	LECBVNI
6129175.0	42.116302800000014	4.0757886	39000.0	1675140660.0	LECBVNI
6129175.0	42.06580319999999	4.037810599999999	39000.0	1675140690.0	LECBVNI
6129175.0	42.01514879999999	4.0000684	39000.0	1675140720.0	LECBVNI
6129175.0	41.96428280000001	3.9627306	39000.0	1675140750.0	LECBVNI
6129175.0	41.9103482	3.9326842	39000.0	1675140780.0	LECBVNI
6129175.0	41.85126680000001	3.9168664	39000.0	1675140810.0	LECBVNI
6129175.0	41.7917592	3.903057600000001	39000.0	1675140840.0	LECBVNI
6129175.0	41.7322064	3.8892558	39000.0	1675140870.0	LECBVNI
6129175.0	41.67242859999999	3.8754756	39000.0	1675140900.0	LECBVNI
6129175.0	41.6123864	3.861901600000001	39000.0	1675140930.0	LECBVNI
6129175.0	41.55253559999999	3.848224600000001	39000.0	1675140960.0	LECBVNI
6129175.0	41.4928086	3.8346362000000007	39000.0	1675140990.0	LECBVNI
6129191.0	42.12605420000001	4.0812838	37000.0	1675140840.0	LECBVNI
6129191.0	42.07422239999999	4.043492800000001	37000.0	1675140870.0	LECBVNI
6129191.0	42.02227140000001	4.005533799999999	37000.0	1675140900.0	LECBVNI
6129191.0	41.96950219999999	3.9698094	37000.0	1675140930.0	LECBVNI
6129191.0	41.91434580000001	3.9395662	37000.0	1675140960.0	LECBVNI
6129191.0	41.856481200000005	3.9172544	37000.0	1675140990.0	LECBVNI
6129195.0	42.034074800000006	4.0209296000000005	31060.0	1675140930.0	LECBVNI
6129195.0	41.971152800000006	4.003451799999999	31580.0	1675140960.0	LECBVNI
6129195.0	41.9079472	3.9877108	32180.0	1675140990.0	LECBVNI
6129208.0	42.1282028	4.083620399999999	35000.0	1675140960.0	LECBVNI
6129208.0	42.07434720000001	4.044696399999999	35000.0	1675140990.0	LECBVNI
