RTKey	Lat	Lon	Alt	Unixtime	Sector
6126842.0	41.4602268	2.9868322000000007	38000.0	1675140330.0	LECBVNI
6126842.0	41.4755724	3.076647199999999	38000.0	1675140360.0	LECBVNI
6126842.0	41.49074480000001	3.166396	38000.0	1675140390.0	LECBVNI
6126842.0	41.5059878	3.2561676	38000.0	1675140420.0	LECBVNI
6126842.0	41.52116079999999	3.3465374000000003	38000.0	1675140450.0	LECBVNI
6126842.0	41.5362632	3.437142	38000.0	1675140480.0	LECBVNI
6126842.0	41.551222400000015	3.5278816	38000.0	1675140510.0	LECBVNI
6126842.0	41.56605980000001	3.6185832	38000.0	1675140540.0	LECBVNI
6126842.0	41.58087719999999	3.7094538	38000.0	1675140570.0	LECBVNI
6126842.0	41.59552140000001	3.8002842	38000.0	1675140600.0	LECBVNI
6126842.0	41.6101528	3.8908218	38000.0	1675140630.0	LECBVNI
6126842.0	41.6249742	3.9815098	38000.0	1675140660.0	LECBVNI
6127000.0	41.47140059999999	3.0519236000000007	36100.0	1675141410.0	LECBVNI
6127000.0	41.4866528	3.14197	36380.0	1675141440.0	LECBVNI
6127000.0	41.50185099999999	3.2325447999999994	36700.0	1675141470.0	LECBVNI
6127000.0	41.5169582	3.323119	37000.0	1675141500.0	LECBVNI
6127000.0	41.5322074	3.4144664000000007	37480.0	1675141530.0	LECBVNI
6127000.0	41.54735780000001	3.5055260000000006	37880.0	1675141560.0	LECBVNI
6127000.0	41.56234099999999	3.596386399999999	38000.0	1675141590.0	LECBVNI
6127000.0	41.577331400000006	3.6873020000000007	38000.0	1675141620.0	LECBVNI
6127000.0	41.5923286	3.778339999999999	38000.0	1675141650.0	LECBVNI
6127000.0	41.6070618	3.8691698000000008	38000.0	1675141680.0	LECBVNI
6127000.0	41.62161439999999	3.9594514	38000.0	1675141710.0	LECBVNI
6127512.0	42.042869800000005	4.302981400000001	34000.0	1675140330.0	LECBVNI
6127512.0	42.07544780000001	4.3814410000000015	34000.0	1675140360.0	LECBVNI
6128719.0	39.59042439999999	3.5154109999999994	36000.0	1675140330.0	LECBBAS
6128719.0	39.61762879999999	3.5995194000000006	36000.0	1675140360.0	LECBBAS
6128719.0	39.6448012	3.6834514	36000.0	1675140390.0	LECBBAS
6128719.0	39.6719646	3.7676392	36000.0	1675140420.0	LECBBAS
6128719.0	39.69893079999999	3.8517174	36000.0	1675140450.0	LECBBAS
6128719.0	39.725824	3.935868	36000.0	1675140480.0	LECBBAS
6128719.0	39.75282960000001	4.020607199999999	36000.0	1675140510.0	LECBBAS
6128719.0	39.7795768	4.105117599999999	36000.0	1675140540.0	LECBBAS
6128719.0	39.8062812	4.189779199999999	36000.0	1675140570.0	LECBBAS
6128719.0	39.83305960000001	4.274578999999999	36000.0	1675140600.0	LECBBAS
6128719.0	39.859861	4.3593858	36000.0	1675140630.0	LECBBAS
6128719.0	39.8866232	4.4443312000000015	36000.0	1675140660.0	LECBBAS
6128719.0	39.91333260000001	4.529393000000002	36000.0	1675140690.0	LECBBAS
6128719.0	39.94006700000001	4.615082599999999	36000.0	1675140720.0	LECBBAS
6128774.0	41.16374920000001	2.9589841999999997	34000.0	1675140630.0	LECBVNI
6128774.0	41.14834839999999	3.048295	34000.0	1675140660.0	LECBVNI
6128774.0	41.132870200000006	3.1380872000000006	34000.0	1675140690.0	LECBVNI
6128774.0	41.117376400000005	3.2273626	34000.0	1675140720.0	LECBVNI
6128774.0	41.1018234	3.3166	34000.0	1675140750.0	LECBVNI
6128774.0	41.085970800000005	3.406029	34000.0	1675140780.0	LECBVNI
6128774.0	41.0701912	3.4949566	34000.0	1675140810.0	LECBVNI
6128774.0	41.0545758	3.583478999999999	34000.0	1675140840.0	LECBVNI
6128774.0	41.03886759999999	3.6720726	34000.0	1675140870.0	LECBVNI
6128774.0	41.022926200000015	3.760779400000001	34000.0	1675140900.0	LECBVNI
6128774.0	41.00681500000001	3.849628	34000.0	1675140930.0	LECBVNI
6128801.0	41.4702864	3.046609	38000.0	1675140780.0	LECBVNI
6128801.0	41.4859146	3.1386992	38000.0	1675140810.0	LECBVNI
6128801.0	41.50143279999999	3.231254399999999	38000.0	1675140840.0	LECBVNI
6128801.0	41.51695219999999	3.3238370000000006	38000.0	1675140870.0	LECBVNI
6128801.0	41.5324384	3.4166926000000006	38000.0	1675140900.0	LECBVNI
6128801.0	41.54763060000001	3.508269	38000.0	1675140930.0	LECBVNI
6128801.0	41.56274599999999	3.5999651999999998	38000.0	1675140960.0	LECBVNI
6128801.0	41.57774399999999	3.691535799999999	38000.0	1675140990.0	LECBVNI
6128801.0	41.5927346	3.7831172	38000.0	1675141020.0	LECBVNI
6128801.0	41.6075996	3.8748196	38000.0	1675141050.0	LECBVNI
6128801.0	41.62249939999999	3.967086	38000.0	1675141080.0	LECBVNI
6128804.0	41.50815480000001	3.2695844000000003	36000.0	1675140330.0	LECBVNI
6128804.0	41.5228442	3.3572076	36000.0	1675140360.0	LECBVNI
6128804.0	41.5373676	3.4446249999999994	36000.0	1675140390.0	LECBVNI
6128804.0	41.5517692	3.531926200000001	36100.0	1675140420.0	LECBVNI
6128804.0	41.566039200000006	3.6191644	36000.0	1675140450.0	LECBVNI
6128804.0	41.58031939999999	3.706231399999999	36000.0	1675140480.0	LECBVNI
6128804.0	41.59458439999999	3.792742000000001	36000.0	1675140510.0	LECBVNI
6128804.0	41.6086566	3.8793402	36000.0	1675140540.0	LECBVNI
6128804.0	41.6224726	3.9660366	36000.0	1675140570.0	LECBVNI
6128811.0	41.46318219999999	3.0543608000000004	36000.0	1675141800.0	LECBVNI
6128811.0	41.48313440000001	3.139221600000001	36000.0	1675141830.0	LECBVNI
6128811.0	41.50030460000001	3.2255088	36000.0	1675141860.0	LECBVNI
6128811.0	41.5152928	3.3127879999999994	36000.0	1675141890.0	LECBVNI
6128811.0	41.52991700000001	3.4006194	36000.0	1675141920.0	LECBVNI
6128811.0	41.54444619999999	3.4881265999999997	36000.0	1675141950.0	LECBVNI
6128811.0	41.5589428	3.5757704	36000.0	1675141980.0	LECBVNI
6128811.0	41.573338	3.663569399999999	36000.0	1675142010.0	LECBVNI
6128811.0	41.587791400000015	3.751524399999999	36000.0	1675142040.0	LECBVNI
6128811.0	41.60210179999999	3.8395268	36000.0	1675142070.0	LECBVNI
6128811.0	41.61625780000001	3.927543600000001	36000.0	1675142100.0	LECBVNI
6128827.0	41.46072580000001	2.9879756	36000.0	1675140360.0	LECBVNI
6128827.0	41.4763962	3.0805663999999995	36000.0	1675140390.0	LECBVNI
6128827.0	41.49205499999999	3.1736184	36000.0	1675140420.0	LECBVNI
6128827.0	41.50773239999999	3.2667946000000008	36000.0	1675140450.0	LECBVNI
6128827.0	41.52338960000001	3.3605082000000004	36000.0	1675140480.0	LECBVNI
6128827.0	41.538903	3.4537112000000008	36000.0	1675140510.0	LECBVNI
6128827.0	41.5543042	3.5468444000000003	36080.0	1675140540.0	LECBVNI
6128827.0	41.5696154	3.6397734	36000.0	1675140570.0	LECBVNI
6128827.0	41.58468979999999	3.732097799999999	36000.0	1675140600.0	LECBVNI
6128827.0	41.59996659999999	3.8247272	36000.0	1675140630.0	LECBVNI
6128827.0	41.61496720000001	3.918059000000001	36000.0	1675140660.0	LECBVNI
6128827.0	41.6298904	4.011137999999999	36000.0	1675140690.0	LECBVNI
6128898.0	38.30406320000001	3.1480510000000006	32340.0	1675140330.0	LECBBAS
6128898.0	38.23851840000001	3.149224200000001	31340.0	1675140360.0	LECBBAS
6128898.0	38.1724764	3.1510645999999998	30440.0	1675140390.0	LECBBAS
6128926.0	39.38231480000001	2.026080400000001	37000.0	1675140330.0	LECBBAS
6128926.0	39.353418600000005	1.9624554000000003	37000.0	1675140360.0	LECBBAS
6128926.0	39.32452939999999	1.8991452	37000.0	1675140390.0	LECBBAS
6128926.0	39.29565179999999	1.8358786	37000.0	1675140420.0	LECBBAS
6128926.0	39.26677640000001	1.7725737999999998	37000.0	1675140450.0	LECBBAS
6128960.0	41.10213859999999	2.9683886	36000.0	1675141440.0	LECBVNI
6128960.0	41.09003939999999	3.0562381999999992	36000.0	1675141470.0	LECBVNI
6128960.0	41.077874	3.1444248000000004	36000.0	1675141500.0	LECBVNI
6128960.0	41.0656994	3.2322982	36000.0	1675141530.0	LECBVNI
6128960.0	41.05340760000001	3.3204972	36000.0	1675141560.0	LECBVNI
6128960.0	41.040979	3.4090974000000007	36000.0	1675141590.0	LECBVNI
6128960.0	41.0284022	3.497267200000001	36000.0	1675141620.0	LECBVNI
6128960.0	41.01585860000001	3.5854158	36000.0	1675141650.0	LECBVNI
6128960.0	41.0033292	3.673369000000001	36000.0	1675141680.0	LECBVNI
6128960.0	40.9907576	3.7609196	36000.0	1675141710.0	LECBVNI
6128960.0	40.9779986	3.8484446	36000.0	1675141740.0	LECBVNI
6128989.0	41.16322239999999	2.9628842	34000.0	1675141770.0	LECBVNI
6128989.0	41.1479628	3.0513764000000005	34000.0	1675141800.0	LECBVNI
6128989.0	41.1327362	3.1393800000000005	34000.0	1675141830.0	LECBVNI
6128989.0	41.1173574	3.2274102	34000.0	1675141860.0	LECBVNI
6128989.0	41.10191379999999	3.315385799999999	34000.0	1675141890.0	LECBVNI
6128989.0	41.08637519999999	3.403755199999999	34000.0	1675141920.0	LECBVNI
6128989.0	41.0707864	3.4916452	34000.0	1675141950.0	LECBVNI
6128989.0	41.05531080000001	3.5793904	34000.0	1675141980.0	LECBVNI
6128989.0	41.039686	3.6671874	34000.0	1675142010.0	LECBVNI
6128989.0	41.023916400000005	3.7551542	34000.0	1675142040.0	LECBVNI
6128989.0	41.00791840000001	3.8437054	34000.0	1675142070.0	LECBVNI
6129026.0	41.893936	3.8409738	38000.0	1675141470.0	LECBVNI
6129026.0	41.92235319999999	3.9274758	38000.0	1675141500.0	LECBVNI
6129026.0	41.95036480000001	4.013617800000001	38000.0	1675141530.0	LECBVNI
6129026.0	41.97798259999999	4.099172800000001	38000.0	1675141560.0	LECBVNI
6129026.0	42.005645400000006	4.184674799999999	38000.0	1675141590.0	LECBVNI
6129026.0	42.03370360000001	4.270415200000001	38000.0	1675141620.0	LECBVNI
6129026.0	42.06799080000001	4.351899199999999	38000.0	1675141650.0	LECBVNI
6129029.0	40.50358239999999	3.1403228000000003	31020.0	1675140330.0	LECBVNI
6129029.0	40.4368984	3.137371000000001	31000.0	1675140360.0	LECBVNI
6129029.0	40.37063740000001	3.1343856000000003	31000.0	1675140390.0	LECBVNI
6129029.0	40.3044714	3.1316711999999995	31000.0	1675140420.0	LECBBAS
6129029.0	40.23817519999999	3.129034800000001	30700.0	1675140450.0	LECBBAS
6129029.0	40.1717472	3.1263826	30220.0	1675140480.0	LECBBAS
6129029.0	40.1054062	3.123535999999999	29720.0	1675140510.0	LECBBAS
6129029.0	40.04009480000001	3.1202072000000007	29220.0	1675140540.0	LECBBAS
6129029.0	39.975343200000005	3.116780800000001	28720.0	1675140570.0	LECBBAS
6129029.0	39.9140096	3.0990978	28220.0	1675140600.0	LECBBAS
6129029.0	39.86123099999999	3.0607128	27800.0	1675140630.0	LECBBAS
6129029.0	39.81715199999999	3.0094271999999997	27240.0	1675140660.0	LECBBAS
6129029.0	39.77413219999999	2.9576842	26820.0	1675140690.0	LECBBAS
6129029.0	39.7313482	2.9062024	26320.0	1675140720.0	LECBBAS
6129029.0	39.689439600000014	2.855059	25820.0	1675140750.0	LECBBAS
6129029.0	39.6472152	2.8047958	25320.0	1675140780.0	LECBBAS
6129029.0	39.60534840000001	2.7545801999999995	24820.0	1675140810.0	LECBBAS
6129057.0	39.67712759999999	3.5717882000000007	37000.0	1675140330.0	LECBBAS
6129057.0	39.66316699999999	3.5242242	37000.0	1675140360.0	LECBBAS
6129057.0	39.64927500000001	3.4768722000000007	37000.0	1675140390.0	LECBBAS
6129057.0	39.63534	3.4295598	37000.0	1675140420.0	LECBBAS
6129057.0	39.62136979999999	3.3822476	37000.0	1675140450.0	LECBBAS
6129057.0	39.6071456	3.3341188000000006	36720.0	1675140480.0	LECBBAS
6129057.0	39.5925214	3.284246799999999	36320.0	1675140510.0	LECBBAS
6129057.0	39.577348400000005	3.2332600000000005	36020.0	1675140540.0	LECBBAS
6129057.0	39.56169420000001	3.1809752000000007	35700.0	1675140570.0	LECBBAS
6129057.0	39.546158	3.1287135999999998	35320.0	1675140600.0	LECBBAS
6129057.0	39.5300488	3.0749952	34900.0	1675140630.0	LECBBAS
6129057.0	39.5140844	3.0219774	34420.0	1675140660.0	LECBBAS
6129057.0	39.49826199999999	2.9691768	33900.0	1675140690.0	LECBBAS
6129057.0	39.4821552	2.915262	33340.0	1675140720.0	LECBBAS
6129057.0	39.4658088	2.8606166	32920.0	1675140750.0	LECBBAS
6129057.0	39.4494984	2.806132	32420.0	1675140780.0	LECBBAS
6129057.0	39.4301596	2.751494400000001	31920.0	1675140810.0	LECBBAS
6129057.0	39.40122819999999	2.705035600000001	31420.0	1675140840.0	LECBBAS
6129057.0	39.37197000000001	2.6588970000000005	30920.0	1675140870.0	LECBBAS
6129057.0	39.343258000000006	2.6126326	30420.0	1675140900.0	LECBBAS
6129057.0	39.31438460000001	2.566655999999999	29920.0	1675140930.0	LECBBAS
6129057.0	39.289082	2.5157812	29420.0	1675140960.0	LECBBAS
6129057.0	39.26455559999999	2.4644725999999992	28920.0	1675140990.0	LECBBAS
6129057.0	39.239714	2.4129544000000003	28420.0	1675141020.0	LECBBAS
6129057.0	39.21474679999999	2.3614484000000004	27920.0	1675141050.0	LECBBAS
6129057.0	39.1896878	2.3098544000000008	27420.0	1675141080.0	LECBBAS
6129057.0	39.1646504	2.2584168	26720.0	1675141110.0	LECBBAS
6129057.0	39.13945819999999	2.2066588	26020.0	1675141140.0	LECBBAS
6129057.0	39.114445	2.1554230000000003	25220.0	1675141170.0	LECBBAS
6129066.0	41.0140248	3.68515	34360.0	1675140330.0	LECBVNI
6129066.0	40.9574234	3.655996	32840.0	1675140360.0	LECBVNI
6129066.0	40.9006954	3.626966200000001	31740.0	1675140390.0	LECBVNI
6129066.0	40.8434242	3.6057896	30640.0	1675140420.0	LECBVNI
6129066.0	40.7843924	3.5964314	29520.0	1675140450.0	LECBVNI
6129066.0	40.726284000000014	3.5875176	28180.0	1675140480.0	LECBVNI
6129066.0	40.66774919999999	3.5784038	26460.0	1675140510.0	LECBVNI
6129066.0	40.60887220000001	3.5697728	24960.0	1675140540.0	LECBVNI
6129066.0	40.55035420000001	3.5612048000000005	23820.0	1675140570.0	LECBVNI
6129068.0	39.61434739999999	3.3436852000000004	39000.0	1675140330.0	LECBBAS
6129068.0	39.5967456	3.2740396	39000.0	1675140360.0	LECBBAS
6129068.0	39.5792544	3.2045746000000004	39000.0	1675140390.0	LECBBAS
6129068.0	39.56098680000001	3.134413	39000.0	1675140420.0	LECBBAS
6129068.0	39.5432636	3.065258600000001	39000.0	1675140450.0	LECBBAS
6129068.0	39.5257482	2.9964346000000006	39000.0	1675140480.0	LECBBAS
6129068.0	39.508174	2.9268378	39000.0	1675140510.0	LECBBAS
6129068.0	39.4897764	2.8557974	39000.0	1675140540.0	LECBBAS
6129068.0	39.4720886	2.7872466000000005	39000.0	1675140570.0	LECBBAS
6129068.0	39.4542114	2.7176608	39000.0	1675140600.0	LECBBAS
6129068.0	39.436297	2.6484011999999995	39000.0	1675140630.0	LECBBAS
6129068.0	39.41818040000001	2.579286	39000.0	1675140660.0	LECBBAS
6129068.0	39.39987779999999	2.510031000000001	39000.0	1675140690.0	LECBBAS
6129068.0	39.3817006	2.4405092	39000.0	1675140720.0	LECBBAS
6129068.0	39.36370340000001	2.3715775999999997	39000.0	1675140750.0	LECBBAS
6129068.0	39.34562179999999	2.302717800000001	39000.0	1675140780.0	LECBBAS
6129068.0	39.32744320000001	2.2338284000000006	39000.0	1675140810.0	LECBBAS
6129068.0	39.309237	2.1647770000000004	39000.0	1675140840.0	LECBBAS
6129068.0	39.29103360000001	2.0956198	39000.0	1675140870.0	LECBBAS
6129068.0	39.272668	2.0262050000000005	39000.0	1675140900.0	LECBBAS
6129068.0	39.25428679999999	1.9570916	39000.0	1675140930.0	LECBBAS
6129068.0	39.23594939999999	1.8881142	39000.0	1675140960.0	LECBBAS
6129068.0	39.2173466	1.8187548	39000.0	1675140990.0	LECBBAS
6129068.0	39.19863620000001	1.7494948	39000.0	1675141020.0	LECBBAS
6129079.0	41.363005	3.8038818	31100.0	1675140330.0	LECBVNI
6129079.0	41.30413979999999	3.790335	31100.0	1675140360.0	LECBVNI
6129079.0	41.2454038	3.7768482000000008	31100.0	1675140390.0	LECBVNI
6129079.0	41.18695759999999	3.7634424	31100.0	1675140420.0	LECBVNI
6129079.0	41.12848060000001	3.750196999999999	31100.0	1675140450.0	LECBVNI
6129079.0	41.069967600000005	3.737085	31100.0	1675140480.0	LECBVNI
6129079.0	41.011472600000005	3.7238706	31100.0	1675140510.0	LECBVNI
6129079.0	40.95299379999999	3.7104248	31100.0	1675140540.0	LECBVNI
6129079.0	40.89448360000001	3.6970254000000007	31100.0	1675140570.0	LECBVNI
6129079.0	40.8359364	3.683697200000001	31100.0	1675140600.0	LECBVNI
6129079.0	40.7774114	3.6705224	31100.0	1675140630.0	LECBVNI
6129079.0	40.7188756	3.657453399999999	31100.0	1675140660.0	LECBVNI
6129079.0	40.66011760000001	3.644339800000001	31100.0	1675140690.0	LECBVNI
6129079.0	40.60161239999999	3.6314032	31100.0	1675140720.0	LECBVNI
6129079.0	40.54321440000001	3.6185378	31100.0	1675140750.0	LECBVNI
6129079.0	40.48487140000001	3.6058768000000008	31100.0	1675140780.0	LECBVNI
6129079.0	40.4265222	3.5934614	31100.0	1675140810.0	LECBVNI
6129079.0	40.368180400000014	3.580942	31100.0	1675140840.0	LECBVNI
6129079.0	40.309862200000005	3.5681672	31100.0	1675140870.0	LECBVNI
6129079.0	40.25156140000001	3.5550806	31100.0	1675140900.0	LECBVNI
6129079.0	40.19323040000001	3.5420558	31100.0	1675140930.0	LECBBAS
6129079.0	40.1348392	3.529261	31100.0	1675140960.0	LECBBAS
6129079.0	40.076345	3.5166288	31100.0	1675140990.0	LECBBAS
6129079.0	40.01775079999999	3.5040118000000007	31100.0	1675141020.0	LECBBAS
6129079.0	39.95910279999999	3.4913158	31100.0	1675141050.0	LECBBAS
6129079.0	39.90037799999999	3.4784456	31100.0	1675141080.0	LECBBAS
6129079.0	39.84152899999999	3.4653079999999994	31100.0	1675141110.0	LECBBAS
6129079.0	39.78250900000001	3.4521671999999994	31100.0	1675141140.0	LECBBAS
6129079.0	39.7237738	3.4392014	31100.0	1675141170.0	LECBBAS
6129079.0	39.6650428	3.4266602	31100.0	1675141200.0	LECBBAS
6129079.0	39.606272800000006	3.4145804	31100.0	1675141230.0	LECBBAS
6129079.0	39.5474316	3.4031319999999994	31100.0	1675141260.0	LECBBAS
6129079.0	39.4887354	3.3912131999999997	31100.0	1675141290.0	LECBBAS
6129079.0	39.4300268	3.3795342	31100.0	1675141320.0	LECBBAS
6129079.0	39.3714338	3.3677774000000005	31100.0	1675141350.0	LECBBAS
6129079.0	39.313123	3.3558214	31100.0	1675141380.0	LECBBAS
6129079.0	39.25498580000001	3.3433378	31100.0	1675141410.0	LECBBAS
6129079.0	39.19672299999999	3.3308768000000004	31100.0	1675141440.0	LECBBAS
6129079.0	39.13846959999999	3.318669399999999	31100.0	1675141470.0	LECBBAS
6129079.0	39.080025	3.3069312	31100.0	1675141500.0	LECBBAS
6129079.0	39.02184459999999	3.295469	31100.0	1675141530.0	LECBBAS
6129079.0	38.9637388	3.283884	31100.0	1675141560.0	LECBBAS
6129079.0	38.9057036	3.2722008	31100.0	1675141590.0	LECBBAS
6129079.0	38.8479668	3.2605214000000005	31100.0	1675141620.0	LECBBAS
6129079.0	38.78987099999999	3.248681000000001	31100.0	1675141650.0	LECBBAS
6129079.0	38.7318318	3.2367728	31100.0	1675141680.0	LECBBAS
6129079.0	38.67366780000001	3.2248524	31100.0	1675141710.0	LECBBAS
6129079.0	38.61544739999999	3.2132268	31100.0	1675141740.0	LECBBAS
6129079.0	38.55674160000001	3.2013058	31100.0	1675141770.0	LECBBAS
6129079.0	38.4982892	3.1904787999999997	31100.0	1675141800.0	LECBBAS
6129079.0	38.43941400000001	3.1790768000000007	31100.0	1675141830.0	LECBBAS
6129079.0	38.38048139999999	3.1662737999999995	31100.0	1675141860.0	LECBBAS
6129079.0	38.32162139999999	3.1541802	31100.0	1675141890.0	LECBBAS
6129079.0	38.2612776	3.1487376000000005	31100.0	1675141920.0	LECBBAS
6129079.0	38.20026640000001	3.1495502000000006	31100.0	1675141950.0	LECBBAS
6129079.0	38.13910419999999	3.1509206	31100.0	1675141980.0	LECBBAS
6129081.0	38.936228000000014	2.3264971999999995	24760.0	1675140390.0	LECBBAS
6129081.0	38.9591304	2.3955098	26060.0	1675140420.0	LECBBAS
6129081.0	38.98225599999999	2.465545	27460.0	1675140450.0	LECBBAS
6129081.0	39.0057126	2.5368079999999997	28660.0	1675140480.0	LECBBAS
6129081.0	39.02976600000001	2.6099147999999994	29780.0	1675140510.0	LECBBAS
6129081.0	39.05402280000001	2.6836832	30960.0	1675140540.0	LECBBAS
6129081.0	39.078653200000005	2.759004	32060.0	1675140570.0	LECBBAS
6129081.0	39.1034274	2.8347800000000007	33060.0	1675140600.0	LECBBAS
6129081.0	39.128599	2.9121140000000003	33980.0	1675140630.0	LECBBAS
6129081.0	39.1564186	2.9883661999999998	35160.0	1675140660.0	LECBBAS
6129081.0	39.185948800000006	3.0634892	36260.0	1675140690.0	LECBBAS
6129081.0	39.21537659999999	3.1388093999999995	36980.0	1675140720.0	LECBBAS
6129081.0	39.24579600000001	3.2160839999999995	37580.0	1675140750.0	LECBBAS
6129081.0	39.2772044	3.2951597999999995	38000.0	1675140780.0	LECBBAS
6129081.0	39.3093554	3.3767431999999995	38000.0	1675140810.0	LECBBAS
6129081.0	39.341725200000006	3.4591608000000003	38000.0	1675140840.0	LECBBAS
6129081.0	39.3740754	3.541797	38000.0	1675140870.0	LECBBAS
6129081.0	39.40620100000001	3.6241757999999993	38000.0	1675140900.0	LECBBAS
6129081.0	39.438251	3.706597999999999	38000.0	1675140930.0	LECBBAS
6129081.0	39.47027660000001	3.789065200000001	38000.0	1675140960.0	LECBBAS
6129081.0	39.50216099999999	3.8715906	38000.0	1675140990.0	LECBBAS
6129081.0	39.53403139999999	3.9542786	38000.0	1675141020.0	LECBBAS
6129081.0	39.56604280000001	4.0376298	38000.0	1675141050.0	LECBBAS
6129081.0	39.59798139999999	4.120603600000002	38000.0	1675141080.0	LECBBAS
6129081.0	39.6384118	4.197678399999999	38000.0	1675141110.0	LECBBAS
6129081.0	39.68478260000001	4.2677212	38000.0	1675141140.0	LECBBAS
6129081.0	39.73166760000001	4.336450800000001	38000.0	1675141170.0	LECBBAS
6129081.0	39.77846240000001	4.4051670000000005	38000.0	1675141200.0	LECBBAS
6129081.0	39.82529000000001	4.473858199999999	38000.0	1675141230.0	LECBBAS
6129081.0	39.87206760000001	4.5423984	38000.0	1675141260.0	LECBBAS
6129081.0	39.9187282	4.6111144	38000.0	1675141290.0	LECBBAS
6129104.0	39.92272240000001	4.0537898	37000.0	1675140330.0	LECBBAS
6129104.0	39.915014503030285	3.982635054545457	37000.0	1675140360.0	LECBBAS
6129104.0	39.90727213939389	3.911372509090908	37000.0	1675140390.0	LECBBAS
6129104.0	39.89952977575749	3.840109963636359	37000.0	1675140420.0	LECBBAS
6129104.0	39.8917874121211	3.76884741818181	37000.0	1675140450.0	LECBBAS
6129104.0	39.8840450484847	3.697584872727261	37000.0	1675140480.0	LECBBAS
6129104.0	39.87625100000001	3.6262952	37000.0	1675140510.0	LECBBAS
6129104.0	39.86820539999999	3.5547768000000004	37000.0	1675140540.0	LECBBAS
6129104.0	39.860164	3.483254	37000.0	1675140570.0	LECBBAS
6129104.0	39.85208360000001	3.4117344000000007	37000.0	1675140600.0	LECBBAS
6129104.0	39.844085	3.340221	37000.0	1675140630.0	LECBBAS
6129104.0	39.83611760000001	3.2690548	37000.0	1675140660.0	LECBBAS
6129104.0	39.82799420000001	3.1975068	37000.0	1675140690.0	LECBBAS
6129104.0	39.819605800000005	3.1255234	37000.0	1675140720.0	LECBBAS
6129104.0	39.8112884	3.0540434000000007	37000.0	1675140750.0	LECBBAS
6129104.0	39.80290859999999	2.982541	37000.0	1675140780.0	LECBBAS
6129104.0	39.7943252	2.911172	37000.0	1675140810.0	LECBBAS
6129104.0	39.78599179999999	2.8396836000000008	37000.0	1675140840.0	LECBBAS
6129104.0	39.7771542	2.7685350000000004	37000.0	1675140870.0	LECBBAS
6129104.0	39.76912139999999	2.6971364000000007	37000.0	1675140900.0	LECBBAS
6129104.0	39.76036840000001	2.6256234000000007	37000.0	1675140930.0	LECBBAS
6129104.0	39.75176539999999	2.5544512	37000.0	1675140960.0	LECBBAS
6129104.0	39.74299080000001	2.4836650000000007	37000.0	1675140990.0	LECBBAS
6129104.0	39.73426619999999	2.4122198000000004	37000.0	1675141020.0	LECBBAS
6129104.0	39.72535559999999	2.340983600000001	37000.0	1675141050.0	LECBBAS
6129104.0	39.7162942	2.2695704000000005	37000.0	1675141080.0	LECBBAS
6129104.0	39.70732880000001	2.1981504	37000.0	1675141110.0	LECBBAS
6129104.0	39.69850339999999	2.1263664000000007	37000.0	1675141140.0	LECBBAS
6129104.0	39.68966579999999	2.0549942000000008	37000.0	1675141170.0	LECBBAS
6129104.0	39.68072140000001	1.9835868	37000.0	1675141200.0	LECBBAS
6129122.0	42.0164776	4.0321884	35000.0	1675140330.0	LECBVNI
6129122.0	41.9551228	4.0123638	35000.0	1675140360.0	LECBVNI
6129122.0	41.89394899999999	3.9927834	35100.0	1675140390.0	LECBVNI
6129122.0	41.833344	3.9732684	35000.0	1675140420.0	LECBVNI
6129122.0	41.7727798	3.9537928	35000.0	1675140450.0	LECBVNI
6129122.0	41.71216660000001	3.934259799999999	35000.0	1675140480.0	LECBVNI
6129122.0	41.6515288	3.9149048	35000.0	1675140510.0	LECBVNI
6129122.0	41.5908786	3.895565000000001	35000.0	1675140540.0	LECBVNI
6129122.0	41.53012840000001	3.8762038	35000.0	1675140570.0	LECBVNI
6129122.0	41.4692526	3.8568402	35000.0	1675140600.0	LECBVNI
6129122.0	41.40806820000001	3.8373684	35000.0	1675140630.0	LECBVNI
6129122.0	41.34621080000001	3.8178634	35000.0	1675140660.0	LECBVNI
6129122.0	41.28471919999999	3.7985564	35000.0	1675140690.0	LECBVNI
6129122.0	41.22328800000001	3.779067799999999	35000.0	1675140720.0	LECBVNI
6129122.0	41.162018	3.759226199999999	35000.0	1675140750.0	LECBVNI
6129122.0	41.10323320000001	3.7317864	35000.0	1675140780.0	LECBVNI
6129122.0	41.04562820000001	3.7017442000000007	35000.0	1675140810.0	LECBVNI
6129122.0	40.98792179999999	3.6719976	35000.0	1675140840.0	LECBVNI
6129122.0	40.93018020000001	3.6424346	35000.0	1675140870.0	LECBVNI
6129122.0	40.87256840000001	3.612756	35000.0	1675140900.0	LECBVNI
6129122.0	40.814894	3.5831454	35000.0	1675140930.0	LECBVNI
6129122.0	40.757182	3.5536762000000004	35000.0	1675140960.0	LECBVNI
6129122.0	40.69975120000001	3.5245060000000006	35000.0	1675140990.0	LECBVNI
6129122.0	40.64248479999999	3.495514000000001	35000.0	1675141020.0	LECBVNI
6129122.0	40.58513860000001	3.466512	35000.0	1675141050.0	LECBVNI
6129122.0	40.52790279999999	3.4374902000000005	35000.0	1675141080.0	LECBVNI
6129122.0	40.47050620000001	3.4084255999999997	35000.0	1675141110.0	LECBVNI
6129122.0	40.4132116	3.3793490000000004	35000.0	1675141140.0	LECBVNI
6129122.0	40.3569194	3.3475542	35000.0	1675141170.0	LECBVNI
6129122.0	40.30017399999999	3.3165263999999994	35000.0	1675141200.0	LECBVNI
6129122.0	40.2437878	3.2858008	35000.0	1675141230.0	LECBBAS
6129122.0	40.18702380000001	3.2550601999999995	35000.0	1675141260.0	LECBBAS
6129122.0	40.1301506	3.2243412	35000.0	1675141290.0	LECBBAS
6129122.0	40.07325940000001	3.193643200000001	35000.0	1675141320.0	LECBBAS
6129122.0	40.01636240000001	3.1629619999999994	35000.0	1675141350.0	LECBBAS
6129122.0	39.95945300000001	3.1323143999999994	35000.0	1675141380.0	LECBBAS
6129122.0	39.904189	3.0979603999999994	35000.0	1675141410.0	LECBBAS
6129122.0	39.851000000000006	3.0596532	35000.0	1675141440.0	LECBBAS
6129122.0	39.7981996	3.0210475999999997	35000.0	1675141470.0	LECBBAS
6129122.0	39.745389	2.982255	35000.0	1675141500.0	LECBBAS
6129122.0	39.692970800000005	2.9441238000000003	35000.0	1675141530.0	LECBBAS
6129122.0	39.6401762	2.906654799999999	35000.0	1675141560.0	LECBBAS
6129122.0	39.58639839999999	2.8677146	35000.0	1675141590.0	LECBBAS
6129122.0	39.5338238	2.8296946000000003	35000.0	1675141620.0	LECBBAS
6129122.0	39.4810138	2.791705400000001	35000.0	1675141650.0	LECBBAS
6129122.0	39.42812659999999	2.7536738	35000.0	1675141680.0	LECBBAS
6129122.0	39.3751836	2.7129517999999995	35000.0	1675141710.0	LECBBAS
6129122.0	39.32407719999999	2.67194	35000.0	1675141740.0	LECBBAS
6129122.0	39.27250880000001	2.6315108	35000.0	1675141770.0	LECBBAS
6129122.0	39.220789200000006	2.5912112000000005	35000.0	1675141800.0	LECBBAS
6129122.0	39.16882059999999	2.5509882000000004	35000.0	1675141830.0	LECBBAS
6129122.0	39.116593400000006	2.5104134	35000.0	1675141860.0	LECBBAS
6129122.0	39.06434320000001	2.4699418000000004	35000.0	1675141890.0	LECBBAS
6129122.0	39.01203299999999	2.4296107999999994	35000.0	1675141920.0	LECBBAS
6129122.0	38.95982599999999	2.3892728000000005	35000.0	1675141950.0	LECBBAS
6129122.0	38.9076688	2.3489834000000007	35000.0	1675141980.0	LECBBAS
6129122.0	38.855522400000005	2.3088386	35000.0	1675142010.0	LECBBAS
6129122.0	38.8033406	2.2687479999999995	35000.0	1675142040.0	LECBBAS
6129122.0	38.7511602	2.2287516000000003	35000.0	1675142070.0	LECBBAS
6129122.0	38.69891499999999	2.1887234	35000.0	1675142100.0	LECBBAS
6129127.0	39.35035480000001	3.322162799999999	25080.0	1675141080.0	LECBBAS
6129127.0	39.36134059999999	3.2455864	25680.0	1675141110.0	LECBBAS
6129127.0	39.3730772	3.168551400000001	26280.0	1675141140.0	LECBBAS
6129127.0	39.38484600000001	3.0908428000000003	26880.0	1675141170.0	LECBBAS
6129127.0	39.39650659999999	3.0131834	27280.0	1675141200.0	LECBBAS
6129127.0	39.408321	2.9345472000000004	27960.0	1675141230.0	LECBBAS
6129127.0	39.41999720000001	2.8579684	28900.0	1675141260.0	LECBBAS
6129127.0	39.432495	2.7830642	29000.0	1675141290.0	LECBBAS
6129127.0	39.4497928	2.7109986	29000.0	1675141320.0	LECBBAS
6129127.0	39.472606000000006	2.6402668000000005	29000.0	1675141350.0	LECBBAS
6129127.0	39.4948186	2.569706600000001	29000.0	1675141380.0	LECBBAS
6129127.0	39.51697599999999	2.4985014000000003	29000.0	1675141410.0	LECBBAS
6129127.0	39.536785	2.426883600000001	29000.0	1675141440.0	LECBBAS
6129127.0	39.5495304	2.3526153999999995	29000.0	1675141470.0	LECBBAS
6129127.0	39.55557519999999	2.2764118	29000.0	1675141500.0	LECBBAS
6129127.0	39.56025819999999	2.2004226	29000.0	1675141530.0	LECBBAS
6129127.0	39.5644886	2.1245206000000003	29000.0	1675141560.0	LECBBAS
6129127.0	39.56870680000001	2.0485579999999994	29000.0	1675141590.0	LECBBAS
6129127.0	39.5728282	1.9725676000000003	29000.0	1675141620.0	LECBBAS
6129127.0	39.5768878	1.896806	29000.0	1675141650.0	LECBBAS
6129137.0	41.51162120000001	3.1881216	37000.0	1675140810.0	LECBVNI
6129137.0	41.44733120000001	3.1849766	37000.0	1675140840.0	LECBVNI
6129137.0	41.382901200000006	3.1819454	37000.0	1675140870.0	LECBVNI
6129137.0	41.31828120000001	3.178889399999999	37000.0	1675140900.0	LECBVNI
6129137.0	41.253434000000006	3.1759528	37000.0	1675140930.0	LECBVNI
6129137.0	41.18856199999999	3.1730013999999995	37000.0	1675140960.0	LECBVNI
6129137.0	41.12355900000001	3.1700344	37000.0	1675140990.0	LECBVNI
6129137.0	41.05876499999999	3.1670637999999998	37000.0	1675141020.0	LECBVNI
6129137.0	40.99387699999999	3.1640926	37000.0	1675141050.0	LECBVNI
6129137.0	40.92890379999999	3.1609986	37000.0	1675141080.0	LECBVNI
6129137.0	40.8631268	3.1578675999999994	37000.0	1675141110.0	LECBVNI
6129137.0	40.79741079999999	3.1548545999999997	37000.0	1675141140.0	LECBVNI
6129137.0	40.73165159999999	3.151773199999999	37000.0	1675141170.0	LECBVNI
6129137.0	40.6659506	3.1488104	37000.0	1675141200.0	LECBVNI
6129137.0	40.6002156	3.1457443999999994	37000.0	1675141230.0	LECBVNI
6129137.0	40.5345076	3.1427034	37000.0	1675141260.0	LECBVNI
6129137.0	40.46878140000001	3.1397086	37000.0	1675141290.0	LECBVNI
6129137.0	40.4031314	3.1366885999999994	37000.0	1675141320.0	LECBVNI
6129137.0	40.3375746	3.1336954	37000.0	1675141350.0	LECBBAS
6129137.0	40.2721158	3.1307338	37000.0	1675141380.0	LECBBAS
6129137.0	40.2069126	3.1277866000000003	37000.0	1675141410.0	LECBBAS
6129137.0	40.141962	3.1248308	37000.0	1675141440.0	LECBBAS
6129137.0	40.077276	3.1219326000000005	37000.0	1675141470.0	LECBBAS
6129137.0	40.01254599999999	3.1190620000000004	37000.0	1675141500.0	LECBBAS
6129137.0	39.94783280000001	3.116103399999999	37000.0	1675141530.0	LECBBAS
6129137.0	39.8826966	3.1165684	37000.0	1675141560.0	LECBBAS
6129137.0	39.8174288	3.1178445999999997	37000.0	1675141590.0	LECBBAS
6129137.0	39.752073	3.1192818	37000.0	1675141620.0	LECBBAS
6129137.0	39.68664600000001	3.1207444000000004	37000.0	1675141650.0	LECBBAS
6129137.0	39.62121080000001	3.122280199999999	37000.0	1675141680.0	LECBBAS
6129137.0	39.5558018	3.1235856000000006	37000.0	1675141710.0	LECBBAS
6129137.0	39.490568	3.1246326000000004	37000.0	1675141740.0	LECBBAS
6129137.0	39.425657	3.1266640000000008	37000.0	1675141770.0	LECBBAS
6129137.0	39.36055679999999	3.1272946	37000.0	1675141800.0	LECBBAS
6129137.0	39.29526399999999	3.1283848	37000.0	1675141830.0	LECBBAS
6129137.0	39.23012379999999	3.129512	37000.0	1675141860.0	LECBBAS
6129137.0	39.1647838	3.1307876	37000.0	1675141890.0	LECBBAS
6129137.0	39.099061600000006	3.1319448000000003	37000.0	1675141920.0	LECBBAS
6129137.0	39.0335278	3.1332895999999995	37000.0	1675141950.0	LECBBAS
6129137.0	38.967988600000005	3.1345862	37000.0	1675141980.0	LECBBAS
6129137.0	38.90244860000001	3.1359332	37000.0	1675142010.0	LECBBAS
6129137.0	38.8369488	3.1371986	37000.0	1675142040.0	LECBBAS
6129137.0	38.77141259999999	3.1384796	37000.0	1675142070.0	LECBBAS
6129137.0	38.7058574	3.1397796	37000.0	1675142100.0	LECBBAS
6129159.0	42.11855360000001	4.0752602000000016	35000.0	1675140540.0	LECBVNI
6129159.0	42.06489920000001	4.035991200000001	35000.0	1675140570.0	LECBVNI
6129159.0	42.01110899999999	3.9968668	35080.0	1675140600.0	LECBVNI
6129159.0	41.9561368	3.9612822	35100.0	1675140630.0	LECBVNI
6129159.0	41.898022000000005	3.933184	35080.0	1675140660.0	LECBVNI
6129159.0	41.83770320000001	3.9143896000000007	35000.0	1675140690.0	LECBVNI
6129159.0	41.77611120000001	3.899241199999999	35000.0	1675140720.0	LECBVNI
6129159.0	41.71457800000001	3.8852594	35000.0	1675140750.0	LECBVNI
6129159.0	41.65318300000001	3.8708664	35000.0	1675140780.0	LECBVNI
6129159.0	41.591814000000014	3.8565688	35000.0	1675140810.0	LECBVNI
6129159.0	41.53044199999999	3.8423886	35000.0	1675140840.0	LECBVNI
6129159.0	41.4689728	3.8282808	35000.0	1675140870.0	LECBVNI
6129159.0	41.40728580000001	3.814214600000001	34820.0	1675140900.0	LECBVNI
6129159.0	41.345280800000005	3.8000926	33740.0	1675140930.0	LECBVNI
6129159.0	41.2831366	3.7859852	32420.0	1675140960.0	LECBVNI
6129159.0	41.2218166	3.7721886000000007	31720.0	1675140990.0	LECBVNI
6129159.0	41.163429	3.7563049999999993	30540.0	1675141020.0	LECBVNI
6129159.0	41.11034597500005	3.730335408333336	29605.83333333337	1675141050.0	LECBVNI
6129159.0	41.05737422500009	3.704470658333338	28680.833333333405	1675141080.0	LECBVNI
6129159.0	41.00440247500013	3.6786059083333407	27755.83333333344	1675141110.0	LECBVNI
6129159.0	40.95143072500018	3.652741158333343	26830.83333333348	1675141140.0	LECBVNI
6129159.0	40.90099900000001	3.6269687999999993	25740.0	1675141170.0	LECBVNI
6129159.0	40.85090600000001	3.6013280000000005	24640.0	1675141200.0	LECBVNI
6129159.0	40.801366	3.575974800000001	23740.0	1675141230.0	LECBVNI
6129159.0	40.75035020000001	3.5528398	21460.0	1675141260.0	LECBVNI
6129159.0	40.69566979999999	3.5288805999999995	19740.0	1675141290.0	LECBVNI
6129169.0	40.1650558	3.6967472	36440.0	1675141050.0	LECBBAS
6129169.0	40.1401164	3.635161000000001	35460.0	1675141080.0	LECBBAS
6129169.0	40.11477439999999	3.5729282	34420.0	1675141110.0	LECBBAS
6129169.0	40.08945399999999	3.510772400000001	33420.0	1675141140.0	LECBBAS
6129169.0	40.0640958	3.4486536	33100.0	1675141170.0	LECBBAS
6129169.0	40.0382346	3.3852582	32620.0	1675141200.0	LECBBAS
6129169.0	40.01198100000001	3.3211224000000006	32120.0	1675141230.0	LECBBAS
6129169.0	39.98573579999999	3.2571402	31620.0	1675141260.0	LECBBAS
6129169.0	39.95886720000001	3.1916976	31120.0	1675141290.0	LECBBAS
6129169.0	39.92433799999999	3.1312692000000006	30620.0	1675141320.0	LECBBAS
6129169.0	39.8792256	3.0818936	30120.0	1675141350.0	LECBBAS
6129169.0	39.82765099999999	3.042958799999999	29520.0	1675141380.0	LECBBAS
6129169.0	39.77574259999999	3.005020799999999	29120.0	1675141410.0	LECBBAS
6129169.0	39.7237858	2.9670958	28600.0	1675141440.0	LECBBAS
6129169.0	39.67166540000001	2.9290984	28100.0	1675141470.0	LECBBAS
6129169.0	39.6191832	2.8913798	27620.0	1675141500.0	LECBBAS
6129169.0	39.56672779999999	2.8545114000000003	27120.0	1675141530.0	LECBBAS
6129169.0	39.51430400000001	2.8158652	26600.0	1675141560.0	LECBBAS
6129169.0	39.4623098	2.778264799999999	26120.0	1675141590.0	LECBBAS
6129169.0	39.41816379999999	2.7294532	25600.0	1675141620.0	LECBBAS
6129169.0	39.38154200000001	2.6735776	25100.0	1675141650.0	LECBBAS
6129169.0	39.3462378	2.6177838000000007	25000.0	1675141680.0	LECBBAS
6129169.0	39.3116094	2.5629132	24720.0	1675141710.0	LECBBAS
6129175.0	42.116302800000014	4.0757886	39000.0	1675140660.0	LECBVNI
6129175.0	42.06580319999999	4.037810599999999	39000.0	1675140690.0	LECBVNI
6129175.0	42.01514879999999	4.0000684	39000.0	1675140720.0	LECBVNI
6129175.0	41.96428280000001	3.9627306	39000.0	1675140750.0	LECBVNI
6129175.0	41.9103482	3.9326842	39000.0	1675140780.0	LECBVNI
6129175.0	41.85126680000001	3.9168664	39000.0	1675140810.0	LECBVNI
6129175.0	41.7917592	3.903057600000001	39000.0	1675140840.0	LECBVNI
6129175.0	41.7322064	3.8892558	39000.0	1675140870.0	LECBVNI
6129175.0	41.67242859999999	3.8754756	39000.0	1675140900.0	LECBVNI
6129175.0	41.6123864	3.861901600000001	39000.0	1675140930.0	LECBVNI
6129175.0	41.55253559999999	3.848224600000001	39000.0	1675140960.0	LECBVNI
6129175.0	41.4928086	3.8346362000000007	39000.0	1675140990.0	LECBVNI
6129175.0	41.4334752	3.8187936	38800.0	1675141020.0	LECBVNI
6129175.0	41.37609620000001	3.794748399999999	38320.0	1675141050.0	LECBVNI
6129175.0	41.31837319999999	3.7693347999999993	37820.0	1675141080.0	LECBVNI
6129175.0	41.260738800000006	3.7440714	37320.0	1675141110.0	LECBVNI
6129175.0	41.20308739999999	3.7190558	36140.0	1675141140.0	LECBVNI
6129175.0	41.14560660000001	3.6942798	35040.0	1675141170.0	LECBVNI
6129175.0	41.08969460000001	3.6701876	34020.0	1675141200.0	LECBVNI
6129175.0	41.03404279999999	3.6462248	33040.0	1675141230.0	LECBVNI
6129175.0	40.97937899999999	3.6231482	32020.0	1675141260.0	LECBVNI
6129175.0	40.9254394	3.600003799999999	31120.0	1675141290.0	LECBVNI
6129175.0	40.8728678	3.5770994000000007	30120.0	1675141320.0	LECBVNI
6129175.0	40.82101560000001	3.554743399999999	29220.0	1675141350.0	LECBVNI
6129175.0	40.76995380000001	3.5329585999999997	28320.0	1675141380.0	LECBVNI
6129175.0	40.7196338	3.5111723999999995	26960.0	1675141410.0	LECBVNI
6129175.0	40.6688154	3.489888	25340.0	1675141440.0	LECBVNI
6129175.0	40.61754500000001	3.468661	23940.0	1675141470.0	LECBVNI
6129175.0	40.56758119999999	3.4475401999999997	22660.0	1675141500.0	LECBVNI
6129175.0	40.5186602	3.425773199999999	21460.0	1675141530.0	LECBVNI
6129189.0	39.94370220000001	4.605027199999999	37000.0	1675140810.0	LECBBAS
6129189.0	39.92921280000001	4.534392000000001	37000.0	1675140840.0	LECBBAS
6129189.0	39.9146842	4.463698999999998	37000.0	1675140870.0	LECBBAS
6129189.0	39.9000638	4.3930708	37000.0	1675140900.0	LECBBAS
6129189.0	39.8853414	4.322499	37000.0	1675140930.0	LECBBAS
6129189.0	39.8706982	4.251896199999999	37000.0	1675140960.0	LECBBAS
6129189.0	39.85611259999999	4.181218399999999	37000.0	1675140990.0	LECBBAS
6129189.0	39.8414572	4.110520600000001	37000.0	1675141020.0	LECBBAS
6129189.0	39.8267236	4.039801399999998	37000.0	1675141050.0	LECBBAS
6129189.0	39.81191500000001	3.969526600000001	37000.0	1675141080.0	LECBBAS
6129189.0	39.7968628	3.8988044	37000.0	1675141110.0	LECBBAS
6129189.0	39.7817306	3.8275664	37000.0	1675141140.0	LECBBAS
6129189.0	39.76666380000001	3.7567034	37000.0	1675141170.0	LECBBAS
6129189.0	39.7515274	3.685787200000001	37000.0	1675141200.0	LECBBAS
6129189.0	39.736383	3.614915800000001	37000.0	1675141230.0	LECBBAS
6129189.0	39.7212606	3.5439548000000007	37000.0	1675141260.0	LECBBAS
6129189.0	39.706187000000014	3.473212399999999	37000.0	1675141290.0	LECBBAS
6129189.0	39.69658500000001	3.4009716	37000.0	1675141320.0	LECBBAS
6129189.0	39.69415040000001	3.3275432000000005	37000.0	1675141350.0	LECBBAS
6129189.0	39.69108059999999	3.2543214000000007	37000.0	1675141380.0	LECBBAS
6129189.0	39.688243400000005	3.180880599999999	37000.0	1675141410.0	LECBBAS
6129189.0	39.685325600000006	3.1073966	37000.0	1675141440.0	LECBBAS
6129189.0	39.68228919999999	3.033889	37000.0	1675141470.0	LECBBAS
6129189.0	39.6796504	2.960692400000001	37000.0	1675141500.0	LECBBAS
6129189.0	39.6764938	2.887066199999999	37000.0	1675141530.0	LECBBAS
6129189.0	39.672743	2.8134808	37000.0	1675141560.0	LECBBAS
6129189.0	39.66952339999999	2.7404077999999994	37000.0	1675141590.0	LECBBAS
6129189.0	39.6666712	2.6691958	37000.0	1675141620.0	LECBBAS
6129189.0	39.6635124	2.5980145999999995	37000.0	1675141650.0	LECBBAS
6129189.0	39.66040819999999	2.527385	37000.0	1675141680.0	LECBBAS
6129189.0	39.6571324	2.4568758	37000.0	1675141710.0	LECBBAS
6129189.0	39.6538576	2.3867609999999995	37000.0	1675141740.0	LECBBAS
6129189.0	39.650535600000005	2.3163511999999997	37000.0	1675141770.0	LECBBAS
6129189.0	39.647177000000006	2.245567	37000.0	1675141800.0	LECBBAS
6129189.0	39.6437408	2.1751434	37000.0	1675141830.0	LECBBAS
6129189.0	39.64037499999999	2.1046928	37000.0	1675141860.0	LECBBAS
6129189.0	39.6369888	2.0340243999999994	37000.0	1675141890.0	LECBBAS
6129189.0	39.63341519999999	1.9627146	37000.0	1675141920.0	LECBBAS
6129191.0	42.12605420000001	4.0812838	37000.0	1675140840.0	LECBVNI
6129191.0	42.07422239999999	4.043492800000001	37000.0	1675140870.0	LECBVNI
6129191.0	42.02227140000001	4.005533799999999	37000.0	1675140900.0	LECBVNI
6129191.0	41.96950219999999	3.9698094	37000.0	1675140930.0	LECBVNI
6129191.0	41.91434580000001	3.9395662	37000.0	1675140960.0	LECBVNI
6129191.0	41.856481200000005	3.9172544	37000.0	1675140990.0	LECBVNI
6129191.0	41.7985006	3.895451	37000.0	1675141020.0	LECBVNI
6129191.0	41.74058119999999	3.8736236000000006	37000.0	1675141050.0	LECBVNI
6129191.0	41.68242180000001	3.8516122	37000.0	1675141080.0	LECBVNI
6129191.0	41.6244122	3.8297722	37000.0	1675141110.0	LECBVNI
6129191.0	41.5664218	3.8079584	37000.0	1675141140.0	LECBVNI
6129191.0	41.50812159999999	3.7861066	37000.0	1675141170.0	LECBVNI
6129191.0	41.449377600000005	3.7641579999999992	36240.0	1675141200.0	LECBVNI
6129191.0	41.3908334	3.7423534	35420.0	1675141230.0	LECBVNI
6129191.0	41.331065	3.7200088	34240.0	1675141260.0	LECBVNI
6129191.0	41.270673	3.6974959999999992	33240.0	1675141290.0	LECBVNI
6129191.0	41.2107222	3.6752936	32040.0	1675141320.0	LECBVNI
6129191.0	41.15140800000001	3.653155199999999	30840.0	1675141350.0	LECBVNI
6129191.0	41.09318873333338	3.631641733333329	29719.99999999997	1675141380.0	LECBVNI
6129191.0	41.0352384000001	3.6102563999999897	28619.99999999993	1675141410.0	LECBVNI
6129191.0	40.977288066666816	3.5888710666666506	27519.999999999894	1675141440.0	LECBVNI
6129191.0	40.92065279999999	3.5680688	26440.0	1675141470.0	LECBVNI
6129191.0	40.8655994	3.5479168000000003	25600.0	1675141500.0	LECBVNI
6129191.0	40.81295179999999	3.5286224	24840.0	1675141530.0	LECBVNI
6129191.0	40.76114099999999	3.509498	24020.0	1675141560.0	LECBVNI
6129191.0	40.71094359999999	3.4912374	23060.0	1675141590.0	LECBVNI
6129191.0	40.66022579999999	3.4729703999999995	21920.0	1675141620.0	LECBVNI
6129191.0	40.60965720000001	3.4542504000000003	21040.0	1675141650.0	LECBVNI
6129191.0	40.56059280000001	3.4364088	20320.0	1675141680.0	LECBVNI
6129195.0	42.034074800000006	4.0209296000000005	31060.0	1675140930.0	LECBVNI
6129195.0	41.971152800000006	4.003451799999999	31580.0	1675140960.0	LECBVNI
6129195.0	41.9079472	3.9877108	32180.0	1675140990.0	LECBVNI
6129195.0	41.84502339999999	3.9715504	32680.0	1675141020.0	LECBVNI
6129195.0	41.7821774	3.9549312000000008	33360.0	1675141050.0	LECBVNI
6129195.0	41.71991979999999	3.9381071999999993	33880.0	1675141080.0	LECBVNI
6129195.0	41.6574634	3.9213842000000008	34300.0	1675141110.0	LECBVNI
6129195.0	41.59482920000001	3.9047494	34680.0	1675141140.0	LECBVNI
6129195.0	41.531840200000005	3.8883906	35000.0	1675141170.0	LECBVNI
6129195.0	41.469079	3.8722296000000007	35380.0	1675141200.0	LECBVNI
6129195.0	41.4077384	3.8564127999999993	35980.0	1675141230.0	LECBVNI
6129195.0	41.3465924	3.8405153999999992	36400.0	1675141260.0	LECBVNI
6129195.0	41.28555259999999	3.8246311999999993	36900.0	1675141290.0	LECBVNI
6129195.0	41.22464460000001	3.808813399999999	37000.0	1675141320.0	LECBVNI
6129195.0	41.16375740000001	3.793005	37000.0	1675141350.0	LECBVNI
6129195.0	41.10277539999999	3.7773467999999992	37000.0	1675141380.0	LECBVNI
6129195.0	41.0418242	3.7616392	37000.0	1675141410.0	LECBVNI
6129195.0	40.9809582	3.745996999999999	37000.0	1675141440.0	LECBVNI
6129195.0	40.919803400000006	3.730281	37000.0	1675141470.0	LECBVNI
6129195.0	40.858999200000014	3.7146780000000006	37000.0	1675141500.0	LECBVNI
6129195.0	40.7981152	3.6992424	37000.0	1675141530.0	LECBVNI
6129195.0	40.7372992	3.6837766	37000.0	1675141560.0	LECBVNI
6129195.0	40.6764922	3.6682928	37000.0	1675141590.0	LECBVNI
6129195.0	40.61521439999999	3.656095	37000.0	1675141620.0	LECBVNI
6129195.0	40.5538482	3.6439566	37000.0	1675141650.0	LECBVNI
6129195.0	40.4926102	3.6314924	37000.0	1675141680.0	LECBVNI
6129195.0	40.431495	3.6190264	37000.0	1675141710.0	LECBVNI
6129195.0	40.37050940000001	3.606187	37000.0	1675141740.0	LECBVNI
6129195.0	40.3091342	3.5933186	37000.0	1675141770.0	LECBVNI
6129195.0	40.24804619999999	3.5805632000000007	37000.0	1675141800.0	LECBVNI
6129195.0	40.1869472	3.5679494000000003	37000.0	1675141830.0	LECBBAS
6129195.0	40.1261004	3.5554672000000007	37000.0	1675141860.0	LECBBAS
6129195.0	40.0654232	3.5431324	37000.0	1675141890.0	LECBBAS
6129195.0	40.00458940000001	3.5306802	37000.0	1675141920.0	LECBBAS
6129195.0	39.9437912	3.5181355999999995	37000.0	1675141950.0	LECBBAS
6129195.0	39.88273800000001	3.5056486	37000.0	1675141980.0	LECBBAS
6129195.0	39.82133280000001	3.4931098	37000.0	1675142010.0	LECBBAS
6129195.0	39.759957000000014	3.4805554	37000.0	1675142040.0	LECBBAS
6129195.0	39.69871479999999	3.468163400000001	37000.0	1675142070.0	LECBBAS
6129195.0	39.637543	3.4557530000000005	37000.0	1675142100.0	LECBBAS
6129197.0	41.13937040000001	3.8879352	35000.0	1675141170.0	LECBVNI
6129197.0	41.14718480000001	3.8117356	35000.0	1675141200.0	LECBVNI
6129197.0	41.154797	3.735674	35000.0	1675141230.0	LECBVNI
6129197.0	41.16244759999999	3.659773	35000.0	1675141260.0	LECBVNI
6129197.0	41.169965	3.584212999999999	35000.0	1675141290.0	LECBVNI
6129197.0	41.17749560000001	3.508911800000001	35000.0	1675141320.0	LECBVNI
6129197.0	41.18491379999999	3.4335182	35000.0	1675141350.0	LECBVNI
6129197.0	41.1922124	3.3580616	35000.0	1675141380.0	LECBVNI
6129197.0	41.199508	3.2830341999999995	35000.0	1675141410.0	LECBVNI
6129197.0	41.2067964	3.2075844	35000.0	1675141440.0	LECBVNI
6129197.0	41.21411	3.1317354	35000.0	1675141470.0	LECBVNI
6129197.0	41.2212804	3.0562460000000007	35000.0	1675141500.0	LECBVNI
6129197.0	41.22846100000001	2.980746	35000.0	1675141530.0	LECBVNI
6129198.0	39.3864486	1.8169240000000004	33580.0	1675141860.0	LECBBAS
6129198.0	39.38948500000001	1.9053488	33980.0	1675141890.0	LECBBAS
6129198.0	39.39254120000001	1.9934902	34000.0	1675141920.0	LECBBAS
6129198.0	39.40041560000001	2.0811304	34000.0	1675141950.0	LECBBAS
6129198.0	39.4183246	2.1658728000000007	34000.0	1675141980.0	LECBBAS
6129198.0	39.43743759999999	2.2504223999999997	34000.0	1675142010.0	LECBBAS
6129198.0	39.45647499999999	2.334773	34000.0	1675142040.0	LECBBAS
6129198.0	39.47544919999999	2.4190992	34000.0	1675142070.0	LECBBAS
6129198.0	39.4942756	2.5032356	34000.0	1675142100.0	LECBBAS
6129208.0	42.1282028	4.083620399999999	35000.0	1675140960.0	LECBVNI
6129208.0	42.07434720000001	4.044696399999999	35000.0	1675140990.0	LECBVNI
6129208.0	42.020427200000015	4.0048564	35000.0	1675141020.0	LECBVNI
6129208.0	41.96665239999999	3.9649824000000007	35000.0	1675141050.0	LECBVNI
6129208.0	41.90938520000001	3.932524	35000.0	1675141080.0	LECBVNI
6129208.0	41.8478672	3.915701800000001	35000.0	1675141110.0	LECBVNI
6129208.0	41.7857832	3.9009656000000006	35000.0	1675141140.0	LECBVNI
6129208.0	41.72328999999999	3.8866435999999993	35000.0	1675141170.0	LECBVNI
6129208.0	41.66095159999999	3.872498	35000.0	1675141200.0	LECBVNI
6129208.0	41.59873699999999	3.858368000000001	35000.0	1675141230.0	LECBVNI
6129208.0	41.53669380000001	3.844250600000001	34820.0	1675141260.0	LECBVNI
6129208.0	41.47501	3.8300964	34140.0	1675141290.0	LECBVNI
6129208.0	41.4122124	3.8155538	33320.0	1675141320.0	LECBVNI
6129208.0	41.3491374	3.801109399999999	33000.0	1675141350.0	LECBVNI
6129208.0	41.28673400000001	3.7870652	32220.0	1675141380.0	LECBVNI
6129208.0	41.22585220000001	3.773154400000001	31340.0	1675141410.0	LECBVNI
6129208.0	41.166053600000005	3.758196200000001	30520.0	1675141440.0	LECBVNI
6129208.0	41.11227702500005	3.7319549250000015	29678.33333333337	1675141470.0	LECBVNI
6129208.0	41.05865877500011	3.705519675000003	28828.333333333405	1675141500.0	LECBVNI
6129208.0	41.00504052500017	3.679084425000004	27978.33333333344	1675141530.0	LECBVNI
6129208.0	40.95142227500023	3.652649175000005	27128.33333333348	1675141560.0	LECBVNI
6129208.0	40.9006892	3.6264608	26320.0	1675141590.0	LECBVNI
6129208.0	40.85080800000001	3.6009075999999998	25420.0	1675141620.0	LECBVNI
6129208.0	40.80175240000001	3.5758126	24640.0	1675141650.0	LECBVNI
6129208.0	40.753554400000006	3.5512615999999992	23820.0	1675141680.0	LECBVNI
6129208.0	40.70584160000001	3.5271012	23020.0	1675141710.0	LECBVNI
6129208.0	40.6590768	3.5032834000000004	22220.0	1675141740.0	LECBVNI
6129208.0	40.61246680000001	3.4795348000000006	21420.0	1675141770.0	LECBVNI
6129208.0	40.5666878	3.45618	20600.0	1675141800.0	LECBVNI
6129208.0	40.52116299999999	3.433254	19640.0	1675141830.0	LECBVNI
6129220.0	39.95206299999999	4.647483800000001	37000.0	1675141050.0	LECBBAS
6129220.0	39.9380458	4.578011999999998	37000.0	1675141080.0	LECBBAS
6129220.0	39.92384139999999	4.508571999999999	37000.0	1675141110.0	LECBBAS
6129220.0	39.90945759999999	4.438889000000001	37000.0	1675141140.0	LECBBAS
6129220.0	39.90225240000001	4.3681280000000005	37000.0	1675141170.0	LECBBAS
6129220.0	39.89590959999999	4.297122	37000.0	1675141200.0	LECBBAS
6129220.0	39.8896748	4.226113399999998	37000.0	1675141230.0	LECBBAS
6129220.0	39.88343859999999	4.155147199999998	37000.0	1675141260.0	LECBBAS
6129220.0	39.877128000000006	4.0841226000000015	37000.0	1675141290.0	LECBBAS
6129220.0	39.87074359999999	4.013043199999999	37000.0	1675141320.0	LECBBAS
6129220.0	39.86439640000001	3.942265200000001	37000.0	1675141350.0	LECBBAS
6129220.0	39.85804300000001	3.8710406	37000.0	1675141380.0	LECBBAS
6129220.0	39.85167040000001	3.799851400000001	37000.0	1675141410.0	LECBBAS
6129220.0	39.84505694285722	3.728638142857145	37000.0	1675141440.0	LECBBAS
6129220.0	39.83843722857159	3.657422428571432	37000.0	1675141470.0	LECBBAS
6129220.0	39.831815	3.5862556	37000.0	1675141500.0	LECBBAS
6129220.0	39.82512580000001	3.5150846	37000.0	1675141530.0	LECBBAS
6129220.0	39.8184234	3.4438312000000004	37000.0	1675141560.0	LECBBAS
6129220.0	39.81162060000001	3.372529000000001	37000.0	1675141590.0	LECBBAS
6129220.0	39.804792600000006	3.301097199999999	37000.0	1675141620.0	LECBBAS
6129220.0	39.797877000000014	3.2300416000000007	37000.0	1675141650.0	LECBBAS
6129220.0	39.7908194	3.1585634000000007	37000.0	1675141680.0	LECBBAS
6129220.0	39.7841162	3.0871998000000005	37000.0	1675141710.0	LECBBAS
6129220.0	39.777375600000006	3.0156298	37000.0	1675141740.0	LECBBAS
6129220.0	39.76952640000001	2.9441066000000005	37000.0	1675141770.0	LECBBAS
6129220.0	39.7619242	2.8715426	37000.0	1675141800.0	LECBBAS
6129220.0	39.75505679999999	2.7994476	37000.0	1675141830.0	LECBBAS
6129220.0	39.7480618	2.7280382	37000.0	1675141860.0	LECBBAS
6129220.0	39.740692	2.6563125999999992	37000.0	1675141890.0	LECBBAS
6129220.0	39.73335900000001	2.5846324	37000.0	1675141920.0	LECBBAS
6129220.0	39.72587800000001	2.5129312	37000.0	1675141950.0	LECBBAS
6129220.0	39.7184274	2.4422134000000004	37000.0	1675141980.0	LECBBAS
6129220.0	39.7109492	2.3714844	37000.0	1675142010.0	LECBBAS
6129220.0	39.70338179999999	2.3001514	37000.0	1675142040.0	LECBBAS
6129220.0	39.6960436	2.2290974	37000.0	1675142070.0	LECBBAS
6129220.0	39.68868520000001	2.157941599999999	37000.0	1675142100.0	LECBBAS
6129225.0	38.2373034	3.338924	38000.0	1675141110.0	LECBBAS
6129225.0	38.25952639999999	3.2630664000000005	38000.0	1675141140.0	LECBBAS
6129225.0	38.28166920000001	3.1871514000000003	38000.0	1675141170.0	LECBBAS
6129225.0	38.30665920000001	3.1129291999999995	38000.0	1675141200.0	LECBBAS
6129225.0	38.33392979999999	3.0397298	38000.0	1675141230.0	LECBBAS
6129225.0	38.36180420000001	2.9673602	38000.0	1675141260.0	LECBBAS
6129225.0	38.389399	2.8944011999999995	38000.0	1675141290.0	LECBBAS
6129225.0	38.41690920000001	2.8213813999999995	38000.0	1675141320.0	LECBBAS
6129225.0	38.444415	2.748285600000001	37900.0	1675141350.0	LECBBAS
6129225.0	38.47205660000001	2.6746008	37520.0	1675141380.0	LECBBAS
6129225.0	38.49987899999999	2.6003498	37120.0	1675141410.0	LECBBAS
6129225.0	38.52705119999999	2.5276441999999992	37000.0	1675141440.0	LECBBAS
6129225.0	38.554369	2.4549532000000003	37000.0	1675141470.0	LECBBAS
6129225.0	38.5816142	2.3819179999999998	37000.0	1675141500.0	LECBBAS
6129225.0	38.60882999999999	2.3082565999999995	37000.0	1675141530.0	LECBBAS
6129225.0	38.6358122	2.2350556	37000.0	1675141560.0	LECBBAS
6129225.0	38.662772	2.1618156000000006	37000.0	1675141590.0	LECBBAS
6129225.0	38.68973639999999	2.088538200000001	37000.0	1675141620.0	LECBBAS
6129225.0	38.71663979999999	2.0150854000000007	37000.0	1675141650.0	LECBBAS
6129225.0	38.74367660000001	1.9412850000000004	37000.0	1675141680.0	LECBBAS
6129225.0	38.77071719999999	1.867519	37000.0	1675141710.0	LECBBAS
6129233.0	41.520035000000014	3.1885041999999992	37000.0	1675141590.0	LECBVNI
6129233.0	41.4571358	3.185466	37000.0	1675141620.0	LECBVNI
6129233.0	41.3941738	3.18249	37000.0	1675141650.0	LECBVNI
6129233.0	41.3311586	3.1795552	37000.0	1675141680.0	LECBVNI
6129233.0	41.2680406	3.1765574	37000.0	1675141710.0	LECBVNI
6129233.0	41.20479840000001	3.1735594	37000.0	1675141740.0	LECBVNI
6129233.0	41.1407864	3.170500600000001	37000.0	1675141770.0	LECBVNI
6129233.0	41.07726560000001	3.167644400000001	37000.0	1675141800.0	LECBVNI
6129233.0	41.013705400000006	3.1647234000000006	37000.0	1675141830.0	LECBVNI
6129233.0	40.9499872	3.1617956	37000.0	1675141860.0	LECBVNI
6129233.0	40.885806200000005	3.158822399999999	37000.0	1675141890.0	LECBVNI
6129233.0	40.8215144	3.1558128000000005	37000.0	1675141920.0	LECBVNI
6129233.0	40.75715599999999	3.1527947999999992	37000.0	1675141950.0	LECBVNI
6129233.0	40.69276719999999	3.149810600000001	37000.0	1675141980.0	LECBVNI
6129233.0	40.628283200000006	3.1470135999999997	37000.0	1675142010.0	LECBVNI
6129233.0	40.56381099999999	3.144056999999999	37000.0	1675142040.0	LECBVNI
6129233.0	40.499388200000006	3.1410127999999995	37000.0	1675142070.0	LECBVNI
6129233.0	40.4350232	3.1379994000000004	37000.0	1675142100.0	LECBVNI
6129242.0	37.8551392	2.2899206000000003	33580.0	1675141200.0	LECBBAS
6129242.0	37.90632839999999	2.2509953999999994	34460.0	1675141230.0	LECBBAS
6129242.0	37.95734600000001	2.2121786	35180.0	1675141260.0	LECBBAS
6129242.0	38.008002	2.1734718000000006	35860.0	1675141290.0	LECBBAS
6129242.0	38.0586976	2.1346944	36480.0	1675141320.0	LECBBAS
6129242.0	38.10924160000001	2.0960012	37360.0	1675141350.0	LECBBAS
6129242.0	38.15879600000001	2.0580924	37880.0	1675141380.0	LECBBAS
6129242.0	38.20877099999999	2.0197598	38380.0	1675141410.0	LECBBAS
6129242.0	38.25875080000001	1.9812776	38780.0	1675141440.0	LECBBAS
6129244.0	42.13363920000001	4.088283399999999	35000.0	1675141200.0	LECBVNI
6129244.0	42.082383600000014	4.0493842	35000.0	1675141230.0	LECBVNI
6129244.0	42.03052360000001	4.011366799999999	35000.0	1675141260.0	LECBVNI
6129244.0	41.97862939999999	3.9734444	35000.0	1675141290.0	LECBVNI
6129244.0	41.92537100000001	3.9400408000000007	35000.0	1675141320.0	LECBVNI
6129244.0	41.86736879999999	3.9204081999999993	35000.0	1675141350.0	LECBVNI
6129244.0	41.8078498	3.906565	35000.0	1675141380.0	LECBVNI
6129244.0	41.7485738	3.8927222	35000.0	1675141410.0	LECBVNI
6129244.0	41.6893018	3.8790756000000006	35000.0	1675141440.0	LECBVNI
6129244.0	41.6297538	3.8654124	35000.0	1675141470.0	LECBVNI
6129244.0	41.57055479999999	3.8519272	35000.0	1675141500.0	LECBVNI
6129244.0	41.51146479999999	3.838382599999999	35000.0	1675141530.0	LECBVNI
6129244.0	41.45236439999999	3.8248416	35000.0	1675141560.0	LECBVNI
6129244.0	41.39320160000001	3.8112974	35000.0	1675141590.0	LECBVNI
6129244.0	41.3338794	3.7977854	34820.0	1675141620.0	LECBVNI
6129244.0	41.27463039999999	3.784248399999999	33740.0	1675141650.0	LECBVNI
6129244.0	41.216766000000014	3.7708072	32740.0	1675141680.0	LECBVNI
6129244.0	41.15931940000001	3.757804	31840.0	1675141710.0	LECBVNI
6129244.0	41.106761000000006	3.7327516	30920.0	1675141740.0	LECBVNI
6129244.0	41.05597842499994	3.706559050000002	30030.0	1675141770.0	LECBVNI
6129244.0	41.00615067499985	3.680967550000005	29130.0	1675141800.0	LECBVNI
6129244.0	40.95632292499976	3.655376050000007	28230.0	1675141830.0	LECBVNI
6129244.0	40.907919600000014	3.6303892	27320.0	1675141860.0	LECBVNI
6129244.0	40.86059580000001	3.6059924	26440.0	1675141890.0	LECBVNI
6129244.0	40.81397900000001	3.5821998000000006	25540.0	1675141920.0	LECBVNI
6129244.0	40.7682014	3.5589344	24720.0	1675141950.0	LECBVNI
6129244.0	40.7233656	3.5358391999999994	23840.0	1675141980.0	LECBVNI
6129244.0	40.67904340000001	3.5133533999999997	23020.0	1675142010.0	LECBVNI
6129244.0	40.63528660000001	3.4909604	22220.0	1675142040.0	LECBVNI
6129244.0	40.5922518	3.4690406	21420.0	1675142070.0	LECBVNI
6129244.0	40.54958540000001	3.447786	20460.0	1675142100.0	LECBVNI
6129245.0	38.227694	3.372886	40000.0	1675141200.0	LECBBAS
6129245.0	38.249495200000005	3.2999892	40000.0	1675141230.0	LECBBAS
6129245.0	38.270597	3.2279059999999995	40000.0	1675141260.0	LECBBAS
6129245.0	38.29155	3.1555692	40000.0	1675141290.0	LECBBAS
6129245.0	38.3173412	3.0856927999999995	40000.0	1675141320.0	LECBBAS
6129245.0	38.3441766	3.0158939999999994	40000.0	1675141350.0	LECBBAS
6129245.0	38.37025100000001	2.9463558	39800.0	1675141380.0	LECBBAS
6129245.0	38.396465	2.8762916	39520.0	1675141410.0	LECBBAS
6129245.0	38.4230336	2.805735399999999	39300.0	1675141440.0	LECBBAS
6129245.0	38.449686	2.7348026000000005	39020.0	1675141470.0	LECBBAS
6129245.0	38.47627440000001	2.6642235999999992	39000.0	1675141500.0	LECBBAS
6129245.0	38.50292619999999	2.5931472000000007	39000.0	1675141530.0	LECBBAS
6129245.0	38.529162600000014	2.5229798	39000.0	1675141560.0	LECBBAS
6129245.0	38.55532999999999	2.4528368	39000.0	1675141590.0	LECBBAS
6129245.0	38.5814166	2.38265	39000.0	1675141620.0	LECBBAS
6129245.0	38.607513200000014	2.3122640000000003	39000.0	1675141650.0	LECBBAS
6129245.0	38.6336276	2.2417416	39000.0	1675141680.0	LECBBAS
6129245.0	38.65972759999999	2.1710316	39000.0	1675141710.0	LECBBAS
6129245.0	38.685749	2.1002940000000008	39000.0	1675141740.0	LECBBAS
6129245.0	38.71168359999999	2.0294628	39000.0	1675141770.0	LECBBAS
6129245.0	38.7375982	1.9586178000000003	39000.0	1675141800.0	LECBBAS
6129245.0	38.76356759999999	1.8877386	39000.0	1675141830.0	LECBBAS
6129251.0	39.411594	3.258743800000001	25060.0	1675141980.0	LECBBAS
6129251.0	39.41858180000001	3.1867272	25780.0	1675142010.0	LECBBAS
6129251.0	39.4341094	3.115867	26580.0	1675142040.0	LECBBAS
6129251.0	39.45914440000001	3.0484252	27280.0	1675142070.0	LECBBAS
6129251.0	39.4880386	2.9819808	27980.0	1675142100.0	LECBBAS
6129272.0	39.9518708	4.646139000000001	41000.0	1675141440.0	LECBBAS
6129272.0	39.93837459999999	4.582375000000002	41000.0	1675141470.0	LECBBAS
6129272.0	39.92558620000001	4.518196799999999	41000.0	1675141500.0	LECBBAS
6129272.0	39.91284900000001	4.454358399999999	41000.0	1675141530.0	LECBBAS
6129272.0	39.8997664	4.390666	41000.0	1675141560.0	LECBBAS
6129272.0	39.886584000000006	4.3269856	41000.0	1675141590.0	LECBBAS
6129272.0	39.87332060000001	4.2633608	41000.0	1675141620.0	LECBBAS
6129272.0	39.859951200000005	4.199721200000001	41000.0	1675141650.0	LECBBAS
6129272.0	39.846631	4.1359832	41000.0	1675141680.0	LECBBAS
6129272.0	39.83331180000001	4.072154200000001	41000.0	1675141710.0	LECBBAS
6129272.0	39.81995739999999	4.008283399999999	41000.0	1675141740.0	LECBBAS
6129272.0	39.80658320000001	3.9448434	41000.0	1675141770.0	LECBBAS
6129272.0	39.79293960000001	3.8805056	40980.0	1675141800.0	LECBBAS
6129272.0	39.77938719999999	3.8163912	41000.0	1675141830.0	LECBBAS
6129272.0	39.76576400000001	3.752192199999999	41000.0	1675141860.0	LECBBAS
6129272.0	39.75193739999999	3.687660599999999	41000.0	1675141890.0	LECBBAS
6129272.0	39.7340084	3.6246776	41000.0	1675141920.0	LECBBAS
6129272.0	39.7163594	3.5618227999999994	41000.0	1675141950.0	LECBBAS
6129272.0	39.69908599999999	3.4986672	41000.0	1675141980.0	LECBBAS
6129272.0	39.6820198	3.4354508	41000.0	1675142010.0	LECBBAS
6129272.0	39.66491740000001	3.3723118000000007	41000.0	1675142040.0	LECBBAS
6129272.0	39.647653000000005	3.3091348	41000.0	1675142070.0	LECBBAS
6129272.0	39.6300728	3.245657	41000.0	1675142100.0	LECBBAS
6129276.0	39.93794660000001	4.606283599999999	37000.0	1675141500.0	LECBBAS
6129276.0	39.9243074	4.534373399999999	37000.0	1675141530.0	LECBBAS
6129276.0	39.91065679999999	4.462573999999999	37000.0	1675141560.0	LECBBAS
6129276.0	39.89688559999999	4.3909502	37000.0	1675141590.0	LECBBAS
6129276.0	39.88317919999999	4.319543800000001	37000.0	1675141620.0	LECBBAS
6129276.0	39.8695268	4.248281200000001	37000.0	1675141650.0	LECBBAS
6129276.0	39.8556358	4.1768258000000005	37000.0	1675141680.0	LECBBAS
6129276.0	39.8409272	4.105624799999999	37000.0	1675141710.0	LECBBAS
6129276.0	39.82569099999999	4.034619600000001	37000.0	1675141740.0	LECBBAS
6129276.0	39.81066019999999	3.963887400000001	37000.0	1675141770.0	LECBBAS
6129276.0	39.795452	3.892405000000001	37000.0	1675141800.0	LECBBAS
6129276.0	39.78055259999999	3.821217200000001	37000.0	1675141830.0	LECBBAS
6129276.0	39.76543379999999	3.750001	37000.0	1675141860.0	LECBBAS
6129276.0	39.7502056	3.6785358	37000.0	1675141890.0	LECBBAS
6129276.0	39.734809	3.6068236	37000.0	1675141920.0	LECBBAS
6129276.0	39.71520700000001	3.5373068	37000.0	1675141950.0	LECBBAS
6129276.0	39.6962176	3.4672276000000006	37000.0	1675141980.0	LECBBAS
6129276.0	39.67699000000001	3.3972829999999994	37000.0	1675142010.0	LECBBAS
6129276.0	39.65779460000001	3.3274734	37000.0	1675142040.0	LECBBAS
6129276.0	39.6386122	3.2579148000000004	37000.0	1675142070.0	LECBBAS
6129276.0	39.61923460000001	3.1880352	37000.0	1675142100.0	LECBBAS
6129288.0	42.15186279999999	4.100394199999999	35000.0	1675141620.0	LECBVNI
6129288.0	42.100491000000005	4.062561199999998	35000.0	1675141650.0	LECBVNI
6129288.0	42.0484974	4.024632799999999	35000.0	1675141680.0	LECBVNI
6129288.0	41.9964584	3.9867678	35000.0	1675141710.0	LECBVNI
6129288.0	41.94220839999999	3.9532622	35080.0	1675141740.0	LECBVNI
6129288.0	41.88539659999999	3.9279744	35100.0	1675141770.0	LECBVNI
6129288.0	41.82645579999999	3.9106666	35000.0	1675141800.0	LECBVNI
6129288.0	41.76670380000001	3.8977054	35000.0	1675141830.0	LECBVNI
6129288.0	41.70712259999999	3.8838906	35000.0	1675141860.0	LECBVNI
6129288.0	41.64753259999999	3.8699374	35000.0	1675141890.0	LECBVNI
6129288.0	41.58789840000001	3.856067	35000.0	1675141920.0	LECBVNI
6129288.0	41.52824359999999	3.8422886	35000.0	1675141950.0	LECBVNI
6129288.0	41.46840920000001	3.8286444	35000.0	1675141980.0	LECBVNI
6129288.0	41.40810440000001	3.814968200000001	35000.0	1675142010.0	LECBVNI
6129288.0	41.3478892	3.8013404	35000.0	1675142040.0	LECBVNI
6129288.0	41.287664000000014	3.7876714	35000.0	1675142070.0	LECBVNI
6129288.0	41.22745699999999	3.774002200000001	35000.0	1675142100.0	LECBVNI
6129289.0	42.12183000000001	4.0806642	37000.0	1675141650.0	LECBVNI
6129289.0	42.0713616	4.0414006	37000.0	1675141680.0	LECBVNI
6129289.0	42.01991759999999	4.003252399999998	37000.0	1675141710.0	LECBVNI
6129289.0	41.9680174	3.9653078	37000.0	1675141740.0	LECBVNI
6129289.0	41.91626	3.9276576	37000.0	1675141770.0	LECBVNI
6129289.0	41.86382299999999	3.8921276000000007	37000.0	1675141800.0	LECBVNI
6129289.0	41.810754	3.8578732	37000.0	1675141830.0	LECBVNI
6129289.0	41.75778779999999	3.8231096	37000.0	1675141860.0	LECBVNI
6129289.0	41.70504	3.787918199999999	37000.0	1675141890.0	LECBVNI
6129289.0	41.652516000000006	3.7524274	37000.0	1675141920.0	LECBVNI
6129289.0	41.6000224	3.7169206	37000.0	1675141950.0	LECBVNI
6129289.0	41.5474444	3.6814372	37000.0	1675141980.0	LECBVNI
6129289.0	41.49460620000001	3.6462538000000007	37000.0	1675142010.0	LECBVNI
6129289.0	41.441257	3.610985200000001	37000.0	1675142040.0	LECBVNI
6129289.0	41.3878738	3.5758748	37000.0	1675142070.0	LECBVNI
6129289.0	41.33460659999999	3.5406358	37000.0	1675142100.0	LECBVNI
6129297.0	37.854570200000005	2.2916538	25000.0	1675141710.0	LECBBAS
6129297.0	37.91061200000001	2.248487199999999	25100.0	1675141740.0	LECBBAS
6129297.0	37.9675908	2.204319	25280.0	1675141770.0	LECBBAS
6129297.0	38.02532700000001	2.160210599999999	25960.0	1675141800.0	LECBBAS
6129297.0	38.0827812	2.1164118	26680.0	1675141830.0	LECBBAS
6129297.0	38.13872380000001	2.0733972	27560.0	1675141860.0	LECBBAS
6129297.0	38.1941414	2.0308434000000006	28280.0	1675141890.0	LECBBAS
6129297.0	38.249334	1.9884806000000004	28860.0	1675141920.0	LECBBAS
6129318.0	42.15652980000001	4.1052994	37000.0	1675141860.0	LECBVNI
6129318.0	42.1045786	4.066167200000001	37000.0	1675141890.0	LECBVNI
6129318.0	42.0520834	4.027442799999999	37000.0	1675141920.0	LECBVNI
6129318.0	41.99939619999999	3.9888988	37000.0	1675141950.0	LECBVNI
6129318.0	41.9444816	3.9552768	37000.0	1675141980.0	LECBVNI
6129318.0	41.88661959999999	3.9296218	37000.0	1675142010.0	LECBVNI
6129318.0	41.82601639999999	3.912725800000001	37000.0	1675142040.0	LECBVNI
6129318.0	41.764895200000005	3.897481	37000.0	1675142070.0	LECBVNI
6129318.0	41.7037764	3.883163600000001	37000.0	1675142100.0	LECBVNI
6129336.0	42.148039800000014	4.099764200000001	37000.0	1675142010.0	LECBVNI
6129336.0	42.09664520000001	4.061807399999999	37000.0	1675142040.0	LECBVNI
6129336.0	42.0452528	4.023040399999998	37000.0	1675142070.0	LECBVNI
6129336.0	41.993663600000005	3.984613000000001	37000.0	1675142100.0	LECBVNI
