RTKey	Lat	Lon	Alt	Unixtime	Sector
6126842.0	39.447857	-0.473493	36000.0	1675138800.0	LECBLVU
6126842.0	39.493755	-0.413368	36000.0	1675138830.0	LECBLVU
6126842.0	39.539669	-0.353208	36000.0	1675138860.0	LECBLVU
6126842.0	39.585503	-0.293032	36000.0	1675138890.0	LECBLVU
6126842.0	39.63121	-0.232538	36000.0	1675138920.0	LECBLVU
6126842.0	39.676239	-0.172924	36000.0	1675138950.0	LECBLVU
6126842.0	39.721947	-0.112619	36000.0	1675138980.0	LECBLVU
6126842.0	39.767166	-0.05294	36000.0	1675139010.0	LECBLVU
6126842.0	39.812069	0.0068	36000.0	1675139040.0	LECBLVU
6126842.0	39.857124	0.066679	36000.0	1675139070.0	LECBLVU
6126842.0	39.9021	0.126593	36000.0	1675139100.0	LECBLVU
6126842.0	39.947029	0.186412	36000.0	1675139130.0	LECBLVU
6126842.0	39.991909	0.24631	36000.0	1675139160.0	LECBLVU
6126842.0	40.036758	0.30635	36000.0	1675139190.0	LECBLVU
6126842.0	40.081509	0.366599	36000.0	1675139220.0	LECBLVU
6126842.0	40.126518	0.427422	36000.0	1675139250.0	LECBLVU
6126842.0	40.171677	0.488302	36000.0	1675139280.0	LECBLVU
6126842.0	40.21682	0.549283	36000.0	1675139310.0	LECBLVU
6126842.0	40.261848	0.610367	36000.0	1675139340.0	LECBLVU
6126842.0	40.307804	0.672678	36200.0	1675139370.0	LECBLVU
6126842.0	40.353889	0.735464	36600.0	1675139400.0	LECBLVU
6126842.0	40.399994	0.798421	36900.0	1675139430.0	LECBLVU
6126842.0	40.446213	0.861593	37400.0	1675139460.0	LECBLVU
6126932.0	38.719658	-1.354322	34000.0	1675138920.0	LECBLVU
6126932.0	38.760536	-1.286946	34000.0	1675138950.0	LECBLVU
6126932.0	38.800945	-1.22018	34000.0	1675138980.0	LECBLVU
6126932.0	38.841225	-1.153016	34000.0	1675139010.0	LECBLVU
6126932.0	38.881443	-1.086136	34000.0	1675139040.0	LECBLVU
6126932.0	38.927761	-1.027812	34000.0	1675139070.0	LECBLVU
6126932.0	38.981735	-0.982259	33900.0	1675139100.0	LECBLVU
6126932.0	39.035316	-0.935342	33900.0	1675139130.0	LECBLVU
6126932.0	39.089119	-0.888041	34000.0	1675139160.0	LECBLVU
6126932.0	39.14341	-0.840126	34000.0	1675139190.0	LECBLVU
6126932.0	39.197781	-0.791455	34000.0	1675139220.0	LECBLVU
6126932.0	39.252022	-0.743028	34000.0	1675139250.0	LECBLVU
6126932.0	39.306633	-0.694279	34000.0	1675139280.0	LECBLVU
6126932.0	39.360889	-0.645726	34000.0	1675139310.0	LECBLVU
6126932.0	39.41507	-0.597161	34100.0	1675139340.0	LECBLVU
6126932.0	39.46946	-0.548872	34000.0	1675139370.0	LECBLVU
6126932.0	39.522655	-0.501082	34000.0	1675139400.0	LECBLVU
6126932.0	39.576118	-0.452861	34000.0	1675139430.0	LECBLVU
6126932.0	39.629593	-0.404954	34000.0	1675139460.0	LECBLVU
6126932.0	39.68293	-0.356865	34000.0	1675139490.0	LECBLVU
6126932.0	39.735657	-0.309272	34000.0	1675139520.0	LECBLVU
6126932.0	39.78841	-0.261587	34000.0	1675139550.0	LECBLVU
6126932.0	39.841389	-0.213488	34000.0	1675139580.0	LECBLVU
6126932.0	39.894344	-0.165316	34000.0	1675139610.0	LECBLVU
6126932.0	39.947094	-0.117198	34000.0	1675139640.0	LECBLVU
6126932.0	40.000092	-0.068751	34000.0	1675139670.0	LECBLVU
6126932.0	40.053341	-0.019952	34000.0	1675139700.0	LECBLVU
6126932.0	40.106655	0.028898	34000.0	1675139730.0	LECBLVU
6126932.0	40.16011	0.077865	33600.0	1675139760.0	LECBLVU
6126932.0	40.216526	0.120768	33200.0	1675139790.0	LECBLVU
6126932.0	40.275738	0.15562	32600.0	1675139820.0	LECBLVU
6127000.0	38.754768	-1.295969	36000.0	1675139400.0	LECBLVU
6127000.0	38.795052	-1.229103	36000.0	1675139430.0	LECBLVU
6127000.0	38.835258	-1.162544	36000.0	1675139460.0	LECBLVU
6127000.0	38.875458	-1.095995	36000.0	1675139490.0	LECBLVU
6127000.0	38.915592	-1.029114	36000.0	1675139520.0	LECBLVU
6127000.0	38.95562	-0.962219	36000.0	1675139550.0	LECBLVU
6127000.0	38.995522	-0.895458	36000.0	1675139580.0	LECBLVU
6127000.0	39.035786	-0.827971	36000.0	1675139610.0	LECBLVU
6127000.0	39.078304	-0.764666	36000.0	1675139640.0	LECBLVU
6127000.0	39.127445	-0.710333	36000.0	1675139670.0	LECBLVU
6127000.0	39.177418	-0.656911	36000.0	1675139700.0	LECBLVU
6127000.0	39.227215	-0.603282	36000.0	1675139730.0	LECBLVU
6127000.0	39.276974	-0.549469	36000.0	1675139760.0	LECBLVU
6127000.0	39.328259	-0.499012	36000.0	1675139790.0	LECBLVU
6127000.0	39.379787	-0.448574	36000.0	1675139820.0	LECBLVU
6127000.0	39.432671	-0.398717	36000.0	1675139850.0	LECBLVU
6127000.0	39.484505	-0.348117	36000.0	1675139880.0	LECBLVU
6127000.0	39.536369	-0.2974	36000.0	1675139910.0	LECBLVU
6127000.0	39.588337	-0.246007	36000.0	1675139940.0	LECBLVU
6127000.0	39.639755	-0.195563	36000.0	1675139970.0	LECBLVU
6127000.0	39.691467	-0.144856	36000.0	1675140000.0	LECBLVU
6127000.0	39.742668	-0.094454	36000.0	1675140030.0	LECBLVU
6127000.0	39.793682	-0.044191	36000.0	1675140060.0	LECBLVU
6127000.0	39.842556	0.009795	36000.0	1675140090.0	LECBLVU
6127000.0	39.887932	0.069957	36000.0	1675140120.0	LECBLVU
6127512.0	40.162868	0.485243	40000.0	1675138800.0	LECBLVU
6127512.0	40.209724	0.547547	40000.0	1675138830.0	LECBLVU
6127512.0	40.256126	0.60959	40000.0	1675138860.0	LECBLVU
6127512.0	40.302662	0.671934	40000.0	1675138890.0	LECBLVU
6127512.0	40.349834	0.735187	40000.0	1675138920.0	LECBLVU
6127512.0	40.396923	0.798265	40000.0	1675138950.0	LECBLVU
6127512.0	40.44243959999999	0.8594649999999999	40000.0	1675138980.0	LECBLVU
6127613.0	39.830643	-0.067276	37000.0	1675138800.0	LECBLVU
6127613.0	39.793583	-0.123308	37000.0	1675138830.0	LECBLVU
6127613.0	39.756382	-0.179214	37000.0	1675138860.0	LECBLVU
6127613.0	39.718693	-0.235763	37000.0	1675138890.0	LECBLVU
6127613.0	39.681015	-0.292251	37000.0	1675138920.0	LECBLVU
6127613.0	39.643505	-0.34866	37000.0	1675138950.0	LECBLVU
6127613.0	39.605289	-0.405943	37100.0	1675138980.0	LECBLVU
6127613.0	39.567665	-0.461927	37100.0	1675139010.0	LECBLVU
6127613.0	39.530434	-0.517817	37000.0	1675139040.0	LECBLVU
6127613.0	39.493027	-0.573387	37000.0	1675139070.0	LECBLVU
6127613.0	39.455711	-0.628813	37000.0	1675139100.0	LECBLVU
6127613.0	39.418404	-0.684289	37000.0	1675139130.0	LECBLVU
6127613.0	39.380611	-0.740016	37000.0	1675139160.0	LECBLVU
6127613.0	39.343014	-0.795581	37000.0	1675139190.0	LECBLVU
6127613.0	39.305515	-0.850725	37000.0	1675139220.0	LECBLVU
6127613.0	39.267609	-0.906529	37000.0	1675139250.0	LECBLVU
6127613.0	39.230053	-0.961898	37000.0	1675139280.0	LECBLVU
6127613.0	39.192795	-1.016724	37000.0	1675139310.0	LECBLVU
6127613.0	39.155426	-1.071576	37000.0	1675139340.0	LECBLVU
6127613.0	39.117855	-1.126064	37000.0	1675139370.0	LECBLVU
6127613.0	39.080563	-1.18044	37000.0	1675139400.0	LECBLVU
6127613.0	39.043415	-1.234614	37000.0	1675139430.0	LECBLVU
6127613.0	39.008091	-1.2904	37000.0	1675139460.0	LECBLVU
6127632.0	41.063824	0.125556	35000.0	1675138800.0	LECBP2R
6127632.0	41.054043	0.053427	35000.0	1675138830.0	LECBP2R
6127632.0	41.044094	-0.019404	35000.0	1675138860.0	LECBP2R
6127632.0	41.034168	-0.092192	35000.0	1675138890.0	LECBP2R
6127632.0	41.02438	-0.165073	35000.0	1675138920.0	LECBP2R
6127632.0	41.014633	-0.237647	35000.0	1675138950.0	LECBP2R
6127632.0	41.004868	-0.310992	35000.0	1675138980.0	LECBP2R
6127632.0	40.995007	-0.383962	35000.0	1675139010.0	LECBP2R
6127632.0	40.984921	-0.456905	35000.0	1675139040.0	LECBP2R
6127632.0	40.974804	-0.529848	35000.0	1675139070.0	LECBP2R
6127632.0	40.957024	-0.600496	35000.0	1675139100.0	LECBP2R
6127632.0	40.935772	-0.669756	35000.0	1675139130.0	LECBP2R
6128751.0	41.083221	0.337325	37000.0	1675138800.0	LECBP2R
6128751.0	41.066986	0.265017	37000.0	1675138830.0	LECBP2R
6128751.0	41.050705	0.192744	37000.0	1675138860.0	LECBP2R
6128751.0	41.034279	0.120266	37000.0	1675138890.0	LECBP2R
6128751.0	41.017632	0.046902	37000.0	1675138920.0	LECBP2R
6128751.0	41.000839	-0.026401	37000.0	1675138950.0	LECBP2R
6128751.0	40.98391	-0.100171	37000.0	1675138980.0	LECBP2R
6128751.0	40.967125	-0.173424	36700.0	1675139010.0	LECBP2R
6128751.0	40.950306	-0.245958	36500.0	1675139040.0	LECBP2R
6128751.0	40.933315	-0.31909	35600.0	1675139070.0	LECBP2R
6128751.0	40.915951	-0.394111	34600.0	1675139100.0	LECBP2R
6128751.0	40.898487	-0.469398	33700.0	1675139130.0	LECBP2R
6128751.0	40.880862	-0.5446124	33380.0	1675139160.0	LECBP2R
6128751.0	40.8632456	-0.619683	32980.0	1675139190.0	LECBP2R
6128751.0	40.8456752	-0.6941742000000001	32580.0	1675139220.0	LECBP2R
6128754.0	40.473843	0.895122	39000.0	1675138860.0	LECBLVU
6128754.0	40.434551	0.839458	39000.0	1675138890.0	LECBLVU
6128754.0	40.395386	0.783791	39000.0	1675138920.0	LECBLVU
6128754.0	40.356361	0.728318	39000.0	1675138950.0	LECBLVU
6128754.0	40.3187264	0.6748228000000002	39000.0	1675138980.0	LECBLVU
6128754.0	40.278687	0.618166	39000.0	1675139010.0	LECBLVU
6128754.0	40.239883	0.563336	39000.0	1675139040.0	LECBLVU
6128754.0	40.201122	0.508806	39000.0	1675139070.0	LECBLVU
6128754.0	40.161682	0.453409	39000.0	1675139100.0	LECBLVU
6128754.0	40.122162	0.397991	39000.0	1675139130.0	LECBLVU
6128754.0	40.082783	0.342698	39000.0	1675139160.0	LECBLVU
6128754.0	40.043247	0.287341	39000.0	1675139190.0	LECBLVU
6128754.0	40.003647	0.232091	39000.0	1675139220.0	LECBLVU
6128754.0	39.963989	0.176839	39000.0	1675139250.0	LECBLVU
6128754.0	39.924896	0.122465	39000.0	1675139280.0	LECBLVU
6128754.0	39.885811	0.068109	39000.0	1675139310.0	LECBLVU
6128754.0	39.846767	0.013769	39000.0	1675139340.0	LECBLVU
6128754.0	39.807549	-0.040572	39000.0	1675139370.0	LECBLVU
6128754.0	39.768131	-0.095172	39000.0	1675139400.0	LECBLVU
6128754.0	39.727932	-0.150408	39000.0	1675139430.0	LECBLVU
6128754.0	39.687771	-0.205906	39000.0	1675139460.0	LECBLVU
6128754.0	39.646805	-0.261971	39000.0	1675139490.0	LECBLVU
6128754.0	39.606781	-0.316761	39000.0	1675139520.0	LECBLVU
6128754.0	39.566097	-0.372746	39000.0	1675139550.0	LECBLVU
6128754.0	39.526001	-0.427646	39000.0	1675139580.0	LECBLVU
6128754.0	39.485806	-0.482805	39000.0	1675139610.0	LECBLVU
6128754.0	39.45084	-0.542529	39000.0	1675139640.0	LECBLVU
6128754.0	39.41576	-0.60219	39000.0	1675139670.0	LECBLVU
6128754.0	39.38068	-0.661836	39000.0	1675139700.0	LECBLVU
6128754.0	39.345097	-0.72201	39000.0	1675139730.0	LECBLVU
6128754.0	39.309734	-0.782023	39000.0	1675139760.0	LECBLVU
6128754.0	39.274338	-0.842018	39000.0	1675139790.0	LECBLVU
6128754.0	39.239101	-0.901679	39100.0	1675139820.0	LECBLVU
6128754.0	39.20351	-0.961785	39000.0	1675139850.0	LECBLVU
6128754.0	39.168301	-1.0212	39000.0	1675139880.0	LECBLVU
6128754.0	39.13308	-1.080363	39000.0	1675139910.0	LECBLVU
6128754.0	39.097878	-1.139597	39000.0	1675139940.0	LECBLVU
6128754.0	39.06284	-1.198414	39000.0	1675139970.0	LECBLVU
6128754.0	39.0281822	-1.256684	39000.0	1675140000.0	LECBLVU
6128764.0	39.555367	0.564605	35100.0	1675139040.0	LECBLVU
6128764.0	39.550785	0.489404	35000.0	1675139070.0	LECBLVU
6128764.0	39.546013	0.412793	35000.0	1675139100.0	LECBLVU
6128764.0	39.541122	0.336366	35000.0	1675139130.0	LECBLVU
6128764.0	39.536152	0.259951	35000.0	1675139160.0	LECBLVU
6128764.0	39.531097	0.183612	35000.0	1675139190.0	LECBLVU
6128764.0	39.52599	0.107091	35000.0	1675139220.0	LECBLVU
6128764.0	39.53157	0.030034	35000.0	1675139250.0	LECBLVU
6128764.0	39.546562	-0.045073	35100.0	1675139280.0	LECBLVU
6128764.0	39.560017	-0.120614	35000.0	1675139310.0	LECBLVU
6128764.0	39.57291	-0.195677	35000.0	1675139340.0	LECBLVU
6128764.0	39.585651	-0.271067	35000.0	1675139370.0	LECBLVU
6128764.0	39.598747	-0.346385	35000.0	1675139400.0	LECBLVU
6128764.0	39.611465	-0.422412	35000.0	1675139430.0	LECBLVU
6128764.0	39.624195	-0.496656	35000.0	1675139460.0	LECBLVU
6128764.0	39.637718	-0.571336	35000.0	1675139490.0	LECBLVU
6128764.0	39.650185	-0.64578	35000.0	1675139520.0	LECBLVU
6128764.0	39.662224	-0.719829	35000.0	1675139550.0	LECBLVU
6128764.0	39.674709	-0.794349	35000.0	1675139580.0	LECBLVU
6128764.0	39.687092	-0.86818	34900.0	1675139610.0	LECBLVU
6128764.0	39.701962	-0.942136	34000.0	1675139640.0	LECBLVU
6128764.0	39.721397	-1.013852	33400.0	1675139670.0	LECBLVU
6128768.0	38.765129	-1.301513	38000.0	1675139430.0	LECBLVU
6128768.0	38.819534	-1.250184	38000.0	1675139460.0	LECBLVU
6128768.0	38.873241	-1.198412	38000.0	1675139490.0	LECBLVU
6128768.0	38.92691	-1.146711	38000.0	1675139520.0	LECBLVU
6128768.0	38.980606	-1.09487	38000.0	1675139550.0	LECBLVU
6128768.0	39.034462	-1.042957	38000.0	1675139580.0	LECBLVU
6128768.0	39.088619	-0.990654	38000.0	1675139610.0	LECBLVU
6128768.0	39.142399	-0.938582	38000.0	1675139640.0	LECBLVU
6128768.0	39.196087	-0.886408	38000.0	1675139670.0	LECBLVU
6128768.0	39.249508	-0.833975	38000.0	1675139700.0	LECBLVU
6128768.0	39.302547	-0.781733	38000.0	1675139730.0	LECBLVU
6128768.0	39.356064	-0.729576	38000.0	1675139760.0	LECBLVU
6128768.0	39.40942	-0.67753	38000.0	1675139790.0	LECBLVU
6128768.0	39.463406	-0.62426	38000.0	1675139820.0	LECBLVU
6128768.0	39.516991	-0.571588	38000.0	1675139850.0	LECBLVU
6128768.0	39.570152	-0.518846	38000.0	1675139880.0	LECBLVU
6128768.0	39.623024	-0.465954	38000.0	1675139910.0	LECBLVU
6128768.0	39.676266	-0.413358	38000.0	1675139940.0	LECBLVU
6128768.0	39.729767	-0.360732	38000.0	1675139970.0	LECBLVU
6128768.0	39.783031	-0.307825	38000.0	1675140000.0	LECBLVU
6128768.0	39.835838	-0.254764	38000.0	1675140030.0	LECBLVU
6128768.0	39.888584	-0.201773	38000.0	1675140060.0	LECBLVU
6128768.0	39.941425	-0.148595	38000.0	1675140090.0	LECBLVU
6128768.0	39.993771	-0.09587	38000.0	1675140120.0	LECBLVU
6128774.0	41.349377	-0.51664	34000.0	1675139490.0	LECBP2R
6128774.0	41.352993	-0.425006	34000.0	1675139520.0	LECBP2R
6128774.0	41.351929	-0.332701	34000.0	1675139550.0	LECBP2R
6128774.0	41.350903	-0.240909	34000.0	1675139580.0	LECBP2R
6128774.0	41.350075	-0.148527	34000.0	1675139610.0	LECBP2R
6128774.0	41.349255	-0.056767	34000.0	1675139640.0	LECBP2R
6128774.0	41.348377	0.034903	34000.0	1675139670.0	LECBP2R
6128774.0	41.347481	0.126548	34000.0	1675139700.0	LECBP2R
6128774.0	41.346512	0.218191	34000.0	1675139730.0	LECBP2R
6128774.0	41.345284	0.309835	34000.0	1675139760.0	LECBP2R
6128774.0	41.343971	0.40152	34000.0	1675139790.0	LECBP2R
6128774.0	41.342628	0.494021	34000.0	1675139820.0	LECBP2R
6128779.0	38.749218	-1.308003	36000.0	1675139190.0	LECBLVU
6128779.0	38.799995	-1.250189	36000.0	1675139220.0	LECBLVU
6128779.0	38.853855	-1.197626	36000.0	1675139250.0	LECBLVU
6128779.0	38.908489	-1.145885	36000.0	1675139280.0	LECBLVU
6128779.0	38.962856	-1.093993	36000.0	1675139310.0	LECBLVU
6128779.0	39.017246	-1.042023	36000.0	1675139340.0	LECBLVU
6128779.0	39.071632	-0.990017	36000.0	1675139370.0	LECBLVU
6128779.0	39.126148	-0.937765	36000.0	1675139400.0	LECBLVU
6128779.0	39.18074	-0.885436	36000.0	1675139430.0	LECBLVU
6128779.0	39.2356	-0.832648	36000.0	1675139460.0	LECBLVU
6128779.0	39.290047	-0.780133	36000.0	1675139490.0	LECBLVU
6128779.0	39.344471	-0.7276	36000.0	1675139520.0	LECBLVU
6128779.0	39.398785	-0.675157	36000.0	1675139550.0	LECBLVU
6128779.0	39.453278	-0.622401	36000.0	1675139580.0	LECBLVU
6128779.0	39.508003	-0.569269	36000.0	1675139610.0	LECBLVU
6128779.0	39.562279	-0.516453	36000.0	1675139640.0	LECBLVU
6128779.0	39.61623	-0.463849	36000.0	1675139670.0	LECBLVU
6128779.0	39.669952	-0.411397	36000.0	1675139700.0	LECBLVU
6128779.0	39.723789	-0.358803	36000.0	1675139730.0	LECBLVU
6128779.0	39.777008	-0.306548	36000.0	1675139760.0	LECBLVU
6128779.0	39.83012	-0.254275	36000.0	1675139790.0	LECBLVU
6128779.0	39.883194	-0.202074	36000.0	1675139820.0	LECBLVU
6128779.0	39.936813	-0.149263	36000.0	1675139850.0	LECBLVU
6128779.0	39.989788	-0.0969	36000.0	1675139880.0	LECBLVU
6128779.0	40.042755	-0.044458	36000.0	1675139910.0	LECBLVU
6128779.0	40.096241	0.008685	35900.0	1675139940.0	LECBLVU
6128779.0	40.14901	0.061226	35400.0	1675139970.0	LECBLVU
6128779.0	40.20401	0.10746	35000.0	1675140000.0	LECBLVU
6128779.0	40.261738	0.145627	34500.0	1675140030.0	LECBLVU
6128779.0	40.321808	0.176501	33800.0	1675140060.0	LECBLVU
6128801.0	41.351559	-0.466342	38000.0	1675139640.0	LECBP2R
6128801.0	41.352055	-0.374407	38000.0	1675139670.0	LECBP2R
6128801.0	41.351345	-0.282577	38000.0	1675139700.0	LECBP2R
6128801.0	41.350586	-0.190239	38000.0	1675139730.0	LECBP2R
6128801.0	41.349701	-0.098234	38000.0	1675139760.0	LECBP2R
6128801.0	41.348843	-0.006032	38000.0	1675139790.0	LECBP2R
6128801.0	41.347775	0.087188	38000.0	1675139820.0	LECBP2R
6128801.0	41.346657	0.179388	38000.0	1675139850.0	LECBP2R
6128801.0	41.345497	0.270943	38000.0	1675139880.0	LECBP2R
6128801.0	41.344261	0.362452	38000.0	1675139910.0	LECBP2R
6128801.0	41.342949	0.454975	38000.0	1675139940.0	LECBP2R
6128802.0	40.386402	-0.131932	37000.0	1675138800.0	LECBP2R
6128802.0	40.329586	-0.154458	37000.0	1675138830.0	LECBP2R
6128802.0	40.272835	-0.17684	37000.0	1675138860.0	LECBP2R
6128802.0	40.216412	-0.199083	37000.0	1675138890.0	LECBLVU
6128802.0	40.159668	-0.221349	37000.0	1675138920.0	LECBLVU
6128802.0	40.102802	-0.243642	37000.0	1675138950.0	LECBLVU
6128802.0	40.04509	-0.266228	37000.0	1675138980.0	LECBLVU
6128802.0	39.987812	-0.288592	37000.0	1675139010.0	LECBLVU
6128802.0	39.93034	-0.311023	37000.0	1675139040.0	LECBLVU
6128802.0	39.872684	-0.333435	37000.0	1675139070.0	LECBLVU
6128802.0	39.814587	-0.355952	37000.0	1675139100.0	LECBLVU
6128802.0	39.756195	-0.378772	37000.0	1675139130.0	LECBLVU
6128802.0	39.698002	-0.401321	37000.0	1675139160.0	LECBLVU
6128802.0	39.639919	-0.423836	37000.0	1675139190.0	LECBLVU
6128802.0	39.581936	-0.446209	37000.0	1675139220.0	LECBLVU
6128802.0	39.524536	-0.468323	37000.0	1675139250.0	LECBLVU
6128802.0	39.468418	-0.495856	37000.0	1675139280.0	LECBLVU
6128802.0	39.416023	-0.531418	37000.0	1675139310.0	LECBLVU
6128802.0	39.364124	-0.567907	37000.0	1675139340.0	LECBLVU
6128802.0	39.311382	-0.603956	37000.0	1675139370.0	LECBLVU
6128802.0	39.25948	-0.640189	37000.0	1675139400.0	LECBLVU
6128802.0	39.207535	-0.676089	37000.0	1675139430.0	LECBLVU
6128802.0	39.155895	-0.712138	37000.0	1675139460.0	LECBLVU
6128802.0	39.104179	-0.748005	37000.0	1675139490.0	LECBLVU
6128802.0	39.052502	-0.783821	37000.0	1675139520.0	LECBLVU
6128802.0	39.001102	-0.819188	37000.0	1675139550.0	LECBLVU
6128802.0	38.949799	-0.854272	37000.0	1675139580.0	LECBLVU
6128802.0	38.898041	-0.889826	37000.0	1675139610.0	LECBLVU
6128802.0	38.84663	-0.925042	37000.0	1675139640.0	LECBLVU
6128802.0	38.795292	-0.960188	37000.0	1675139670.0	LECBLVU
6128802.0	38.744316	-0.994913	37000.0	1675139700.0	LECBLVU
6128802.0	38.693165	-1.029689	37000.0	1675139730.0	LECBLVU
6128802.0	38.642052	-1.064482	36800.0	1675139760.0	LECBLVU
6128802.0	38.591011	-1.099228	36200.0	1675139790.0	LECBLVU
6128802.0	38.540516	-1.133604	35600.0	1675139820.0	LECBLVU
6128804.0	41.352375	-0.511231	36000.0	1675139040.0	LECBP2R
6128804.0	41.353241	-0.422667	36000.0	1675139070.0	LECBP2R
6128804.0	41.352425	-0.334327	36000.0	1675139100.0	LECBP2R
6128804.0	41.35154	-0.245945	36100.0	1675139130.0	LECBP2R
6128804.0	41.350613	-0.157011	36000.0	1675139160.0	LECBP2R
6128804.0	41.349712	-0.068501	36000.0	1675139190.0	LECBP2R
6128804.0	41.34885	0.020448	36000.0	1675139220.0	LECBP2R
6128804.0	41.347931	0.108909	36000.0	1675139250.0	LECBP2R
6128804.0	41.346966	0.197324	36000.0	1675139280.0	LECBP2R
6128804.0	41.345795	0.285605	36000.0	1675139310.0	LECBP2R
6128804.0	41.344513	0.373885	36000.0	1675139340.0	LECBP2R
6128804.0	41.343163	0.462339	36000.0	1675139370.0	LECBP2R
6128811.0	38.760792	-1.344128	36000.0	1675139790.0	LECBLVU
6128811.0	38.807152	-1.285407	36000.0	1675139820.0	LECBLVU
6128811.0	38.853874	-1.226282	36000.0	1675139850.0	LECBLVU
6128811.0	38.900295	-1.167348	36000.0	1675139880.0	LECBLVU
6128811.0	38.946857	-1.108085	36000.0	1675139910.0	LECBLVU
6128811.0	38.99342	-1.048917	36000.0	1675139940.0	LECBLVU
6128811.0	39.039425	-0.99034	36000.0	1675139970.0	LECBLVU
6128811.0	39.0853	-0.931811	36000.0	1675140000.0	LECBLVU
6128811.0	39.13118	-0.872972	36000.0	1675140030.0	LECBLVU
6128811.0	39.17741	-0.813531	36000.0	1675140060.0	LECBLVU
6128811.0	39.223919	-0.753635	36000.0	1675140090.0	LECBLVU
6128811.0	39.270023	-0.693929	36000.0	1675140120.0	LECBLVU
6128827.0	41.351933	-0.484449	35800.0	1675139250.0	LECBP2R
6128827.0	41.352596	-0.393336	36000.0	1675139280.0	LECBP2R
6128827.0	41.351448	-0.300389	36000.0	1675139310.0	LECBP2R
6128827.0	41.350658	-0.206457	36000.0	1675139340.0	LECBP2R
6128827.0	41.349903	-0.111202	36000.0	1675139370.0	LECBP2R
6128827.0	41.348934	-0.016431	36000.0	1675139400.0	LECBP2R
6128827.0	41.348038	0.078091	36000.0	1675139430.0	LECBP2R
6128827.0	41.347012	0.172347	36000.0	1675139460.0	LECBP2R
6128827.0	41.345772	0.266028	36000.0	1675139490.0	LECBP2R
6128827.0	41.344444	0.359994	36000.0	1675139520.0	LECBP2R
6128827.0	41.343098	0.455062	35900.0	1675139550.0	LECBP2R
6128844.0	40.093098	0.341438	32500.0	1675139100.0	LECBLVU
6128844.0	40.054832	0.28267	32900.0	1675139130.0	LECBLVU
6128844.0	40.016487	0.223816	33000.0	1675139160.0	LECBLVU
6128844.0	39.977722	0.16447	33000.0	1675139190.0	LECBLVU
6128844.0	39.938877	0.105148	33000.0	1675139220.0	LECBLVU
6128844.0	39.900307	0.046255	33000.0	1675139250.0	LECBLVU
6128844.0	39.861721	-0.012572	33000.0	1675139280.0	LECBLVU
6128844.0	39.822956	-0.071698	33000.0	1675139310.0	LECBLVU
6128844.0	39.783852	-0.131034	33000.0	1675139340.0	LECBLVU
6128844.0	39.744823	-0.190132	33000.0	1675139370.0	LECBLVU
6128844.0	39.705627	-0.249484	33000.0	1675139400.0	LECBLVU
6128844.0	39.666286	-0.308875	33000.0	1675139430.0	LECBLVU
6128844.0	39.626942	-0.368264	33000.0	1675139460.0	LECBLVU
6128844.0	39.58699	-0.4285	33000.0	1675139490.0	LECBLVU
6128844.0	39.547913	-0.487309	33100.0	1675139520.0	LECBLVU
6128844.0	39.508759	-0.545901	33000.0	1675139550.0	LECBLVU
6128844.0	39.469677	-0.604257	33000.0	1675139580.0	LECBLVU
6128844.0	39.430637	-0.662378	33000.0	1675139610.0	LECBLVU
6128844.0	39.391636	-0.720242	33000.0	1675139640.0	LECBLVU
6128844.0	39.353138	-0.777477	33000.0	1675139670.0	LECBLVU
6128844.0	39.31464	-0.834629	33000.0	1675139700.0	LECBLVU
6128844.0	39.27634	-0.891424	33000.0	1675139730.0	LECBLVU
6128844.0	39.237896	-0.948367	33000.0	1675139760.0	LECBLVU
6128844.0	39.19943	-1.0048616	33000.0	1675139790.0	LECBLVU
6128844.0	39.1609772	-1.0617058	33000.0	1675139820.0	LECBLVU
6128844.0	39.1223954	-1.1185792	33000.0	1675139850.0	LECBLVU
6128844.0	39.0836308	-1.1754608	33000.0	1675139880.0	LECBLVU
6128844.0	39.0441622	-1.2331726	33000.0	1675139910.0	LECBLVU
6128856.0	41.375042	-0.016515	35000.0	1675138800.0	LECBP2R
6128856.0	41.315605	-0.019995	35000.0	1675138830.0	LECBP2R
6128856.0	41.256153	-0.023448	35000.0	1675138860.0	LECBP2R
6128856.0	41.196583	-0.026936	35000.0	1675138890.0	LECBP2R
6128856.0	41.136776	-0.030504	35000.0	1675138920.0	LECBP2R
6128856.0	41.076317	-0.034229	35000.0	1675138950.0	LECBP2R
6128856.0	41.01569	-0.037792	35000.0	1675138980.0	LECBP2R
6128856.0	40.955265	-0.041088	35000.0	1675139010.0	LECBP2R
6128856.0	40.894802	-0.044555	35000.0	1675139040.0	LECBP2R
6128856.0	40.834335	-0.048126	35000.0	1675139070.0	LECBP2R
6128856.0	40.773933	-0.051648	35000.0	1675139100.0	LECBP2R
6128856.0	40.713734	-0.055081	35000.0	1675139130.0	LECBP2R
6128856.0	40.653915	-0.05856	35000.0	1675139160.0	LECBP2R
6128856.0	40.593727	-0.062092	34600.0	1675139190.0	LECBP2R
6128856.0	40.535088	-0.073298	34100.0	1675139220.0	LECBP2R
6128856.0	40.480228	-0.095062	33500.0	1675139250.0	LECBP2R
6128856.0	40.42614	-0.116348	33100.0	1675139280.0	LECBP2R
6128856.0	40.372799	-0.137355	32500.0	1675139310.0	LECBP2R
6128856.0	40.319839	-0.158098	32000.0	1675139340.0	LECBP2R
6128856.0	40.268314	-0.178359	31200.0	1675139370.0	LECBP2R
6128867.0	41.091343	0.333385	35000.0	1675139760.0	LECBP2R
6128867.0	41.081463	0.259678	35000.0	1675139790.0	LECBP2R
6128867.0	41.071434	0.185665	35000.0	1675139820.0	LECBP2R
6128867.0	41.06176	0.111778	35000.0	1675139850.0	LECBP2R
6128867.0	41.051895	0.037012	35000.0	1675139880.0	LECBP2R
6128867.0	41.041805	-0.037419	35000.0	1675139910.0	LECBP2R
6128867.0	41.031719	-0.111587	35000.0	1675139940.0	LECBP2R
6128867.0	41.021873	-0.185495	35000.0	1675139970.0	LECBP2R
6128867.0	41.011501	-0.258974	34800.0	1675140000.0	LECBP2R
6128867.0	40.995491	-0.331818	34400.0	1675140030.0	LECBP2R
6128867.0	40.977516	-0.404755	33900.0	1675140060.0	LECBP2R
6128867.0	40.956799	-0.47741	33400.0	1675140090.0	LECBP2R
6128867.0	40.9372414	-0.5503064	32880.0	1675140120.0	LECBP2R
6128888.0	40.47781	0.90148	33000.0	1675139760.0	LECBLVU
6128888.0	40.437485	0.843938	33000.0	1675139790.0	LECBLVU
6128888.0	40.3981	0.7878454999999999	33000.0	1675139820.0	LECBLVU
6128888.0	40.356564	0.728818	33000.0	1675139850.0	LECBLVU
6128888.0	40.316135	0.671479	33000.0	1675139880.0	LECBLVU
6128888.0	40.275646	0.614208	33000.0	1675139910.0	LECBLVU
6128888.0	40.235062	0.557005	33000.0	1675139940.0	LECBLVU
6128888.0	40.194649	0.500086	33000.0	1675139970.0	LECBLVU
6128888.0	40.153721	0.44263	33000.0	1675140000.0	LECBLVU
6128888.0	40.112835	0.385394	33000.0	1675140030.0	LECBLVU
6128888.0	40.072151	0.328222	33000.0	1675140060.0	LECBLVU
6128888.0	40.031208	0.271013	33000.0	1675140090.0	LECBLVU
6128888.0	39.990437	0.214259	33000.0	1675140120.0	LECBLVU
6128917.0	42.288116	0.428884	39000.0	1675138800.0	LECBP2R
6128917.0	42.230846	0.411147	39000.0	1675138830.0	LECBP2R
6128917.0	42.173626	0.39335	39000.0	1675138860.0	LECBP2R
6128917.0	42.116329	0.375606	39000.0	1675138890.0	LECBP2R
6128917.0	42.058811	0.357718	39000.0	1675138920.0	LECBP2R
6128917.0	42.000771	0.339755	39000.0	1675138950.0	LECBP2R
6128917.0	41.941841	0.321479	39000.0	1675138980.0	LECBP2R
6128917.0	41.883244	0.303498	39000.0	1675139010.0	LECBP2R
6128917.0	41.825172	0.285675	39000.0	1675139040.0	LECBP2R
6128917.0	41.76725	0.268014	39000.0	1675139070.0	LECBP2R
6128917.0	41.709339	0.250205	39000.0	1675139100.0	LECBP2R
6128917.0	41.651508	0.232604	39000.0	1675139130.0	LECBP2R
6128917.0	41.593891	0.21514	39000.0	1675139160.0	LECBP2R
6128917.0	41.536736	0.197766	39000.0	1675139190.0	LECBP2R
6128917.0	41.479275	0.180226	39000.0	1675139220.0	LECBP2R
6128917.0	41.421894	0.162803	39000.0	1675139250.0	LECBP2R
6128917.0	41.364388	0.145301	39000.0	1675139280.0	LECBP2R
6128917.0	41.306801	0.127897	39000.0	1675139310.0	LECBP2R
6128917.0	41.249191	0.110654	39000.0	1675139340.0	LECBP2R
6128917.0	41.191696	0.093527	39000.0	1675139370.0	LECBP2R
6128917.0	41.134296	0.076405	39000.0	1675139400.0	LECBP2R
6128917.0	41.076977	0.059222	39000.0	1675139430.0	LECBP2R
6128917.0	41.019531	0.041982	38700.0	1675139460.0	LECBP2R
6128917.0	40.961166	0.024523	38200.0	1675139490.0	LECBP2R
6128917.0	40.902264	0.006971	37700.0	1675139520.0	LECBP2R
6128917.0	40.843304	-0.010594	37200.0	1675139550.0	LECBP2R
6128917.0	40.784275	-0.02804	36800.0	1675139580.0	LECBP2R
6128917.0	40.725445	-0.045437	36300.0	1675139610.0	LECBP2R
6128917.0	40.665688	-0.063139	35800.0	1675139640.0	LECBP2R
6128917.0	40.606213	-0.080772	35300.0	1675139670.0	LECBP2R
6128917.0	40.546715	-0.098265	34800.0	1675139700.0	LECBP2R
6128917.0	40.486378	-0.116083	34300.0	1675139730.0	LECBP2R
6128917.0	40.425804	-0.133843	33800.0	1675139760.0	LECBP2R
6128917.0	40.36536	-0.151511	33000.0	1675139790.0	LECBP2R
6128917.0	40.304832	-0.169168	31900.0	1675139820.0	LECBP2R
6128917.0	40.245049	-0.186853	30900.0	1675139850.0	LECBP2R
6128922.0	42.438892	0.327666	37000.0	1675138800.0	LECBP2R
6128922.0	42.381351	0.301599	37000.0	1675138830.0	LECBP2R
6128922.0	42.324066	0.275575	37000.0	1675138860.0	LECBP2R
6128922.0	42.267311	0.249946	37000.0	1675138890.0	LECBP2R
6128922.0	42.210281	0.224344	37000.0	1675138920.0	LECBP2R
6128922.0	42.153214	0.198741	37000.0	1675138950.0	LECBP2R
6128922.0	42.096569	0.17322	37000.0	1675138980.0	LECBP2R
6128922.0	42.03883	0.154602	37000.0	1675139010.0	LECBP2R
6128922.0	41.978779	0.144272	37000.0	1675139040.0	LECBP2R
6128922.0	41.918869	0.135453	37000.0	1675139070.0	LECBP2R
6128922.0	41.85899	0.126493	37000.0	1675139100.0	LECBP2R
6128922.0	41.79921	0.117569	37000.0	1675139130.0	LECBP2R
6128922.0	41.739479	0.108704	37000.0	1675139160.0	LECBP2R
6128922.0	41.680111	0.099938	37000.0	1675139190.0	LECBP2R
6128922.0	41.620453	0.091014	37000.0	1675139220.0	LECBP2R
6128922.0	41.561195	0.082164	37000.0	1675139250.0	LECBP2R
6128922.0	41.501953	0.07333	37000.0	1675139280.0	LECBP2R
6128922.0	41.442642	0.064623	37000.0	1675139310.0	LECBP2R
6128922.0	41.38306	0.055935	37000.0	1675139340.0	LECBP2R
6128922.0	41.323048	0.047204	37000.0	1675139370.0	LECBP2R
6128922.0	41.263325	0.038372	37000.0	1675139400.0	LECBP2R
6128922.0	41.203571	0.029533	37000.0	1675139430.0	LECBP2R
6128922.0	41.143913	0.020796	37000.0	1675139460.0	LECBP2R
6128922.0	41.084206	0.012118	37000.0	1675139490.0	LECBP2R
6128922.0	41.024574	0.003388	37000.0	1675139520.0	LECBP2R
6128922.0	40.964912	-0.005304	37000.0	1675139550.0	LECBP2R
6128922.0	40.904911	-0.014064	37000.0	1675139580.0	LECBP2R
6128922.0	40.845245	-0.022771	36700.0	1675139610.0	LECBP2R
6128922.0	40.785492	-0.031484	36300.0	1675139640.0	LECBP2R
6128922.0	40.724548	-0.040314	36000.0	1675139670.0	LECBP2R
6128922.0	40.663792	-0.048979	35600.0	1675139700.0	LECBP2R
6128922.0	40.602833	-0.057559	35200.0	1675139730.0	LECBP2R
6128922.0	40.542622	-0.070511	34700.0	1675139760.0	LECBP2R
6128922.0	40.484486	-0.093374	34200.0	1675139790.0	LECBP2R
6128922.0	40.426003	-0.116629	33800.0	1675139820.0	LECBP2R
6128922.0	40.367702	-0.139587	33200.0	1675139850.0	LECBP2R
6128922.0	40.309429	-0.162442	32600.0	1675139880.0	LECBP2R
6128922.0	40.251522	-0.185223	31800.0	1675139910.0	LECBP2R
6128937.0	41.875744	-0.226756	30600.0	1675139910.0	LECBP2R
6128937.0	41.89362	-0.304392	31200.0	1675139940.0	LECBP2R
6128944.0	42.640182	0.525673	35000.0	1675138800.0	LECBP2R
6128944.0	42.582932	0.494975	35000.0	1675138830.0	LECBP2R
6128944.0	42.522064	0.473628	35000.0	1675138860.0	LECBP2R
6128944.0	42.460316	0.454132	35000.0	1675138890.0	LECBP2R
6128944.0	42.398754	0.435748	35000.0	1675138920.0	LECBP2R
6128944.0	42.337021	0.417267	35000.0	1675138950.0	LECBP2R
6128944.0	42.275669	0.398949	35000.0	1675138980.0	LECBP2R
6128944.0	42.214359	0.380733	35000.0	1675139010.0	LECBP2R
6128944.0	42.152893	0.362529	35000.0	1675139040.0	LECBP2R
6128944.0	42.091492	0.344381	35000.0	1675139070.0	LECBP2R
6128944.0	42.030067	0.326244	35000.0	1675139100.0	LECBP2R
6128944.0	41.968872	0.308182	35000.0	1675139130.0	LECBP2R
6128944.0	41.907486	0.290044	35000.0	1675139160.0	LECBP2R
6128944.0	41.845997	0.271963	35000.0	1675139190.0	LECBP2R
6128944.0	41.784203	0.253853	35000.0	1675139220.0	LECBP2R
6128944.0	41.723408	0.236095	35000.0	1675139250.0	LECBP2R
6128944.0	41.662804	0.218411	35000.0	1675139280.0	LECBP2R
6128944.0	41.602283	0.200735	35000.0	1675139310.0	LECBP2R
6128944.0	41.54174	0.183135	35000.0	1675139340.0	LECBP2R
6128944.0	41.481178	0.165522	35000.0	1675139370.0	LECBP2R
6128944.0	41.420574	0.147942	35000.0	1675139400.0	LECBP2R
6128944.0	41.359783	0.130396	35000.0	1675139430.0	LECBP2R
6128944.0	41.29879	0.11284	35000.0	1675139460.0	LECBP2R
6128944.0	41.237507	0.095078	35000.0	1675139490.0	LECBP2R
6128944.0	41.176239	0.077634	35000.0	1675139520.0	LECBP2R
6128944.0	41.115196	0.060129	35000.0	1675139550.0	LECBP2R
6128944.0	41.053852	0.042572	35000.0	1675139580.0	LECBP2R
6128944.0	40.992771	0.02513	35000.0	1675139610.0	LECBP2R
6128944.0	40.931633	0.007698	35000.0	1675139640.0	LECBP2R
6128944.0	40.870441	-0.009768	35000.0	1675139670.0	LECBP2R
6128944.0	40.809132	-0.027223	34800.0	1675139700.0	LECBP2R
6128944.0	40.748936	-0.044208	34200.0	1675139730.0	LECBP2R
6128944.0	40.689121	-0.061171	33700.0	1675139760.0	LECBP2R
6128944.0	40.629185	-0.078299	33200.0	1675139790.0	LECBP2R
6128944.0	40.570236	-0.094782	32700.0	1675139820.0	LECBP2R
6128944.0	40.511482	-0.111263	32200.0	1675139850.0	LECBP2R
6128944.0	40.452221	-0.128013	31900.0	1675139880.0	LECBP2R
6128944.0	40.393425	-0.144699	31500.0	1675139910.0	LECBP2R
6128944.0	40.334797	-0.161122	31100.0	1675139940.0	LECBP2R
6128944.0	40.276649	-0.177374	30800.0	1675139970.0	LECBP2R
6129051.0	42.675518	0.546808	39000.0	1675139610.0	LECBP2R
6129051.0	42.62347	0.513356	39000.0	1675139640.0	LECBP2R
6129051.0	42.571766	0.48054	39000.0	1675139670.0	LECBP2R
6129051.0	42.519779	0.447622	39000.0	1675139700.0	LECBP2R
6129051.0	42.467903	0.414687	39000.0	1675139730.0	LECBP2R
6129051.0	42.416328	0.381756	39000.0	1675139760.0	LECBP2R
6129051.0	42.36441	0.348612	39000.0	1675139790.0	LECBP2R
6129051.0	42.312653	0.315764	39000.0	1675139820.0	LECBP2R
6129051.0	42.260796	0.283082	39000.0	1675139850.0	LECBP2R
6129051.0	42.208931	0.250362	39000.0	1675139880.0	LECBP2R
6129051.0	42.15704	0.217694	39000.0	1675139910.0	LECBP2R
6129051.0	42.102917	0.190304	39000.0	1675139940.0	LECBP2R
6129051.0	42.044186	0.175932	39000.0	1675139970.0	LECBP2R
6129051.0	41.984379	0.163188	39000.0	1675140000.0	LECBP2R
6129051.0	41.924541	0.150512	39000.0	1675140030.0	LECBP2R
6129051.0	41.86438	0.137975	39000.0	1675140060.0	LECBP2R
6129051.0	41.804585	0.125676	39000.0	1675140090.0	LECBP2R
6129051.0	41.744843	0.113688	39000.0	1675140120.0	LECBP2R
6129067.0	42.674717	0.552324	37000.0	1675139760.0	LECBP2R
6129067.0	42.61566133333332	0.5390311666666665	37000.0	1675139790.0	LECBP2R
6129067.0	42.55603300000001	0.5237013999999999	37000.0	1675139820.0	LECBP2R
6129067.0	42.494137	0.507805	37000.0	1675139850.0	LECBP2R
6129067.0	42.434669	0.492396	37000.0	1675139880.0	LECBP2R
6129067.0	42.374947	0.477041	37000.0	1675139910.0	LECBP2R
6129067.0	42.315254	0.46178	37000.0	1675139940.0	LECBP2R
6129067.0	42.255642	0.446569	37000.0	1675139970.0	LECBP2R
6129067.0	42.196293	0.431449	37000.0	1675140000.0	LECBP2R
6129067.0	42.137009	0.416355	37000.0	1675140030.0	LECBP2R
6129067.0	42.0774	0.401202	37000.0	1675140060.0	LECBP2R
6129067.0	42.018089	0.386296	37000.0	1675140090.0	LECBP2R
6129067.0	41.958942	0.371281	37000.0	1675140120.0	LECBP2R
