RTKey	Lat	Lon	Alt	Unixtime	Sector
6126901.0	39.00096400000001	1.9570576	16520.0	1675132800.0	LECPIRE
6126901.0	38.97961999999999	1.9094328	15820.0	1675132830.0	LECPIRE
6126901.0	38.957798	1.860315	15300.0	1675132860.0	LECPIRE
6126901.0	38.93697680000001	1.813689	14920.0	1675132890.0	LECPIRE
6126901.0	38.91559240000001	1.7657577999999996	14420.0	1675132920.0	LECPIRE
6126901.0	38.89416939999999	1.7179186000000002	13920.0	1675132950.0	LECPIRE
6126901.0	38.87277099999999	1.6704496000000002	13320.0	1675132980.0	LECPIRE
6126901.0	38.8517078	1.6237592000000003	12340.0	1675133010.0	LECPIRE
6126901.0	38.83501440000001	1.5745322	11320.0	1675133040.0	LECPIRE
6126901.0	38.82338459999999	1.5266814000000002	11100.0	1675133070.0	LECPIRE
6126901.0	38.8137702	1.4814002000000004	10340.0	1675133100.0	LECPIRE
6126901.0	38.8035316	1.4371779999999998	9540.0	1675133130.0	LECPIRE
6126911.0	39.38865160000001	1.8844238000000004	38000.0	1675133070.0	LECBBAS
6126911.0	39.39183100000001	1.980841	38000.0	1675133100.0	LECBBAS
6126911.0	39.405461	2.0741993999999995	38000.0	1675133130.0	LECBBAS
6126911.0	39.42787139999999	2.1650862	38000.0	1675133160.0	LECBBAS
6126911.0	39.447955400000005	2.257631	38000.0	1675133190.0	LECBBAS
6126911.0	39.468075600000006	2.3493996	38000.0	1675133220.0	LECBBAS
6126911.0	39.488441	2.441225599999999	38000.0	1675133250.0	LECBBAS
6126911.0	39.50879199999999	2.533135	38000.0	1675133280.0	LECBBAS
6126911.0	39.5292142	2.6268622	38000.0	1675133310.0	LECBBAS
6126911.0	39.5492134	2.719531999999999	38000.0	1675133340.0	LECBBAS
6126911.0	39.569235000000006	2.8118762	38000.0	1675133370.0	LECBBAS
6126911.0	39.58918500000001	2.9044627999999992	38000.0	1675133400.0	LECBBAS
6126911.0	39.6090772	2.9971821999999992	38000.0	1675133430.0	LECBBAS
6126911.0	39.6289394	3.090059	38000.0	1675133460.0	LECBBAS
6126911.0	39.6492666	3.1845732	38000.0	1675133490.0	LECBBAS
6126911.0	39.669421600000014	3.277712599999999	38000.0	1675133520.0	LECBBAS
6126911.0	39.688982	3.371251600000001	38000.0	1675133550.0	LECBBAS
6126911.0	39.7084082	3.4645852	38000.0	1675133580.0	LECBBAS
6126911.0	39.72788739999999	3.5581498	38000.0	1675133610.0	LECBBAS
6126911.0	39.74739939999999	3.652123799999999	38000.0	1675133640.0	LECBBAS
6126911.0	39.76693579999999	3.7463376	38000.0	1675133670.0	LECBBAS
6126911.0	39.7862582	3.840104599999999	38000.0	1675133700.0	LECBBAS
6126911.0	39.8055452	3.9338372000000006	38000.0	1675133730.0	LECBBAS
6126911.0	39.8247782	4.0282432	38000.0	1675133760.0	LECBBAS
6126911.0	39.8438576	4.122410000000001	38000.0	1675133790.0	LECBBAS
6126911.0	39.86297059999999	4.217000400000001	38000.0	1675133820.0	LECBBAS
6126911.0	39.88226020000001	4.311807400000001	38000.0	1675133850.0	LECBBAS
6126911.0	39.90192360000001	4.406775799999998	38000.0	1675133880.0	LECBBAS
6126911.0	39.9213746	4.501018399999999	38000.0	1675133910.0	LECBBAS
6126911.0	39.940668	4.5948524000000015	38000.0	1675133940.0	LECBBAS
6126933.0	39.86102619999999	3.5592488000000007	38000.0	1675132800.0	LECBBAS
6126933.0	39.917601	3.602136399999999	38000.0	1675132830.0	LECBBAS
6126933.0	39.97436700000001	3.6452842	38000.0	1675132860.0	LECBBAS
6126940.0	39.21536080000001	2.4105501999999994	21700.0	1675132950.0	LECPIRE
6126940.0	39.18446959999999	2.3620243999999992	21200.0	1675132980.0	LECPIRE
6126940.0	39.15379520000001	2.3140202	20720.0	1675133010.0	LECPIRE
6126940.0	39.12351119999999	2.266410600000001	20200.0	1675133040.0	LECPIRE
6126940.0	39.093593000000006	2.219503	19720.0	1675133070.0	LECPIRE
6126940.0	39.0639558	2.1732546	19220.0	1675133100.0	LECPIRE
6126940.0	39.0347708	2.1276462000000005	18820.0	1675133130.0	LECPIRE
6126940.0	39.00730639999999	2.0844994000000003	18400.0	1675133160.0	LECPIRE
6126940.0	38.980537000000005	2.0427872000000007	17800.0	1675133190.0	LECPIRE
6126940.0	38.9547716	2.0027428	17120.0	1675133220.0	LECPIRE
6126940.0	38.9293892	1.9633332	16420.0	1675133250.0	LECPIRE
6126940.0	38.90565940000001	1.9249252000000003	15620.0	1675133280.0	LECPIRE
6126940.0	38.8964852	1.877496	14920.0	1675133310.0	LECPIRE
6126940.0	38.88699979999999	1.8306182	14120.0	1675133340.0	LECPIRE
6126940.0	38.87772339999999	1.7843826	13620.0	1675133370.0	LECPIRE
6126940.0	38.8686282	1.7414252	13120.0	1675133400.0	LECPIRE
6126940.0	38.85994659999999	1.6999882	13000.0	1675133430.0	LECPIRE
6126940.0	38.8515694	1.6599078	13000.0	1675133460.0	LECPIRE
6126940.0	38.84334719999999	1.6200414	12620.0	1675133490.0	LECPIRE
6126940.0	38.83491733333332	1.5797478333333337	11916.66666666667	1675133520.0	LECPIRE
6126940.0	38.82648899999999	1.5392569999999997	11320.0	1675133550.0	LECPIRE
6126940.0	38.8175126	1.4996547999999998	11000.0	1675133580.0	LECPIRE
6126940.0	38.808325200000006	1.4601135999999997	10820.0	1675133610.0	LECPIRE
6126940.0	38.799058	1.4214903999999997	10220.0	1675133640.0	LECPIRE
6126940.0	38.78315600000001	1.3862415999999995	9600.0	1675133670.0	LECPIRE
6126940.0	38.7684262	1.3495755999999997	8920.0	1675133700.0	LECPIRE
6126946.0	39.627085	2.4496630000000006	41000.0	1675132800.0	LECBBAS
6126946.0	39.57935979999999	2.4162868	41000.0	1675132830.0	LECBBAS
6126946.0	39.541202000000006	2.3677378	41000.0	1675132860.0	LECBBAS
6126946.0	39.5118014	2.3125362000000003	41000.0	1675132890.0	LECBBAS
6126946.0	39.4853544	2.2544802000000006	41000.0	1675132920.0	LECBBAS
6126946.0	39.459016	2.196164200000001	41000.0	1675132950.0	LECBBAS
6126946.0	39.43266800000001	2.1379349999999997	41000.0	1675132980.0	LECBBAS
6126946.0	39.4062874	2.0798482000000007	41000.0	1675133010.0	LECBBAS
6126946.0	39.37986419999999	2.0216842000000006	41000.0	1675133040.0	LECBBAS
6126946.0	39.35333300000001	1.9632452	41000.0	1675133070.0	LECBBAS
6126946.0	39.32682500000001	1.9048812	41000.0	1675133100.0	LECBBAS
6126946.0	39.30396839999999	1.8444206	41000.0	1675133130.0	LECBBAS
6126946.0	39.280041	1.781372	40800.0	1675133160.0	LECBBAS
6126946.0	39.257416584725526	1.7211606324582338	39762.768496420016	1675133190.0	LECBBAS
6126946.0	39.23445520047728	1.65957607398568	38638.66348448674	1675133220.0	LECBBAS
6126946.0	39.21149381622903	1.597991515513126	37514.55847255346	1675133250.0	LECBBAS
6126946.0	39.18853243198078	1.5364069570405725	36390.45346062018	1675133280.0	LECBBAS
6126946.0	39.16557104773253	1.4748223985680184	35266.3484486869	1675133310.0	LECBBAS
6126946.0	39.142609663484286	1.4132378400954646	34142.24343675362	1675133340.0	LECBBAS
6126946.0	39.11964827923604	1.3516532816229108	33018.13842482034	1675133370.0	LECBBAS
6126946.0	39.09668689498779	1.290068723150357	31894.033412887147	1675133400.0	LECBBAS
6126946.0	39.07372551073954	1.228484164677803	30769.928400953977	1675133430.0	LECBBAS
6126946.0	39.050764126491295	1.1668996062052492	29645.823389020807	1675133460.0	LECBBAS
6126946.0	39.02780274224305	1.1053150477326954	28521.71837708764	1675133490.0	LECBBAS
6126946.0	39.0048413579948	1.0437304892601416	27397.613365154462	1675133520.0	LECBBAS
6126946.0	38.98187997374655	0.9821459307875876	26273.508353221296	1675133550.0	LECBBAS
6126946.0	38.9589185894983	0.920561372315034	25149.403341288125	1675133580.0	LECBBAS
6126946.0	38.937481	0.859904	24200.0	1675133610.0	LECPIRE
6126946.0	38.918766	0.800845	23500.0	1675133640.0	LECPIRE
6126946.0	38.899704	0.7412	22800.0	1675133670.0	LECPIRE
6126946.0	38.881428	0.681709	22100.0	1675133700.0	LECPIRE
6126946.0	38.862907	0.622507	21400.0	1675133730.0	LECPIRE
6126946.0	38.84444	0.563719	20700.0	1675133760.0	LECPIRE
6126946.0	38.826248	0.505662	20000.0	1675133790.0	LECPIRE
6126971.0	39.0545972	2.3434928000000004	13220.0	1675132800.0	LECPIRE
6126971.0	39.08514980000001	2.3936276000000003	13000.0	1675132830.0	LECPIRE
6126971.0	39.12320180000001	2.4326022000000003	12800.0	1675132860.0	LECPIRE
6126971.0	39.15977739999999	2.470778400000001	12520.0	1675132890.0	LECPIRE
6126971.0	39.19661519999999	2.5088158	12300.0	1675132920.0	LECPIRE
6127030.0	39.39582620000001	1.8552824	30000.0	1675134210.0	LECBBAS
6127030.0	39.41330320000001	1.9355572	30000.0	1675134240.0	LECBBAS
6127030.0	39.430031600000014	2.0163448000000006	30000.0	1675134270.0	LECBBAS
6127030.0	39.446659	2.0969166	30000.0	1675134300.0	LECBBAS
6127031.0	39.456295200000014	2.7155313999999997	35000.0	1675132800.0	LECBBAS
6127031.0	39.437833000000005	2.644857799999999	35000.0	1675132830.0	LECBBAS
6127031.0	39.4192054	2.5739808	35000.0	1675132860.0	LECBBAS
6127031.0	39.40063	2.503384	35000.0	1675132890.0	LECBBAS
6127031.0	39.38224659999999	2.4329224	35000.0	1675132920.0	LECBBAS
6127031.0	39.36362799999999	2.3628298	35000.0	1675132950.0	LECBBAS
6127031.0	39.34494480000001	2.2926273999999998	35000.0	1675132980.0	LECBBAS
6127031.0	39.32625739999999	2.222531	35000.0	1675133010.0	LECBBAS
6127031.0	39.30763580000001	2.1524988000000005	35000.0	1675133040.0	LECBBAS
6127031.0	39.28620799999999	2.084174	35000.0	1675133070.0	LECBBAS
6127031.0	39.253585400000006	2.0223074000000008	35000.0	1675133100.0	LECBBAS
6127031.0	39.218591200000006	1.9625162	35000.0	1675133130.0	LECBBAS
6127031.0	39.184164200000005	1.902656	35000.0	1675133160.0	LECBBAS
6127031.0	39.14952260000001	1.8423088	35000.0	1675133190.0	LECBBAS
6127031.0	39.1151614	1.782156	35000.0	1675133220.0	LECBBAS
6127033.0	40.04873839999999	3.410643399999999	35000.0	1675132800.0	LECBBAS
6127033.0	40.03226459999999	3.3701546000000007	35000.0	1675132830.0	LECBBAS
6127033.0	40.01570499999999	3.329596	35000.0	1675132860.0	LECBBAS
6127033.0	39.99915700000001	3.2892875999999998	35000.0	1675132890.0	LECBBAS
6127033.0	39.982516	3.2485319999999995	35000.0	1675132920.0	LECBBAS
6127033.0	39.96556300000001	3.2075181999999995	35000.0	1675132950.0	LECBBAS
6127033.0	39.9486138	3.165424399999999	34700.0	1675132980.0	LECBBAS
6127033.0	39.927464600000015	3.124197000000001	34500.0	1675133010.0	LECBBAS
6127033.0	39.895682400000005	3.0923548000000003	34200.0	1675133040.0	LECBBAS
6127033.0	39.859741600000014	3.0651709999999994	34000.0	1675133070.0	LECBBAS
6127033.0	39.82258659999999	3.0400041999999994	34000.0	1675133100.0	LECBBAS
6127033.0	39.78685260000001	3.0123382000000007	34000.0	1675133130.0	LECBBAS
6127033.0	39.75141799999999	2.9859046	34000.0	1675133160.0	LECBBAS
6127033.0	39.715639200000005	2.960613999999999	34000.0	1675133190.0	LECBBAS
6127033.0	39.680404800000005	2.9348314000000006	34000.0	1675133220.0	LECBBAS
6127033.0	39.6448246	2.9097834	34000.0	1675133250.0	LECBBAS
6127033.0	39.6097572	2.883601	34000.0	1675133280.0	LECBBAS
6127033.0	39.57415560000001	2.858406200000001	34000.0	1675133310.0	LECBBAS
6127033.0	39.5388336	2.8333129999999995	33620.0	1675133340.0	LECBBAS
6127033.0	39.5035366	2.807470800000001	33200.0	1675133370.0	LECBBAS
6127033.0	39.46781740000001	2.781947	32700.0	1675133400.0	LECBBAS
6127033.0	39.434407400000005	2.7516386	32220.0	1675133430.0	LECBBAS
6127033.0	39.4082762	2.7141915999999995	31720.0	1675133460.0	LECBBAS
6127033.0	39.3837126	2.6755534	31220.0	1675133490.0	LECBBAS
6127033.0	39.358710400000014	2.636444	30520.0	1675133520.0	LECBBAS
6127033.0	39.3342888	2.5990152000000006	29720.0	1675133550.0	LECBBAS
6127033.0	39.3110158	2.5617292	29020.0	1675133580.0	LECBBAS
6127033.0	39.2871702	2.524865	28220.0	1675133610.0	LECBBAS
6127033.0	39.2639516	2.4879988000000006	27440.0	1675133640.0	LECBBAS
6127033.0	39.240786	2.451437200000001	26720.0	1675133670.0	LECBBAS
6127033.0	39.2174864	2.4151025999999995	25640.0	1675133700.0	LECBBAS
6127033.0	39.19291160000001	2.376220600000001	24160.0	1675133730.0	LECPIRE
6127033.0	39.167629600000005	2.337286400000001	22940.0	1675133760.0	LECPIRE
6127033.0	39.1440252	2.299039	22020.0	1675133790.0	LECPIRE
6127033.0	39.1213972	2.2636813999999994	21500.0	1675133820.0	LECPIRE
6127033.0	39.1008836	2.2319300000000006	21220.0	1675133850.0	LECPIRE
6127033.0	39.0817944	2.2010605999999995	20520.0	1675133880.0	LECPIRE
6127033.0	39.06135380000001	2.1702576	19920.0	1675133910.0	LECPIRE
6127033.0	39.041610600000006	2.1391278	19400.0	1675133940.0	LECPIRE
6127033.0	39.021871200000014	2.1078860000000006	19100.0	1675133970.0	LECPIRE
6127033.0	39.00179899999999	2.076927199999999	19000.0	1675134000.0	LECPIRE
6127033.0	38.9861666	2.0423233999999995	18820.0	1675134030.0	LECPIRE
6127033.0	38.97375239999999	2.0025172000000007	17940.0	1675134060.0	LECPIRE
6127033.0	38.96075859999999	1.9622064	16940.0	1675134090.0	LECPIRE
6127033.0	38.9470746	1.9230864	15720.0	1675134120.0	LECPIRE
6127033.0	38.934568600000006	1.8844338	14440.0	1675134150.0	LECPIRE
6127033.0	38.92154239999999	1.8459598000000004	13340.0	1675134180.0	LECPIRE
6127033.0	38.90888039999999	1.8080424000000004	12140.0	1675134210.0	LECPIRE
6127033.0	38.896767	1.77074	11600.0	1675134240.0	LECPIRE
6127033.0	38.88593933333335	1.7384704999999996	11116.66666666667	1675134270.0	LECPIRE
6127033.0	38.8752184	1.7052744000000002	11000.0	1675134300.0	LECPIRE
6127057.0	40.33986559999999	3.1336508000000007	39000.0	1675133220.0	LECBBAS
6127057.0	40.27692639999999	3.1307114000000005	39000.0	1675133250.0	LECBBAS
6127057.0	40.2139766	3.1277038000000004	39000.0	1675133280.0	LECBBAS
6127057.0	40.15096839999999	3.1248802000000007	39000.0	1675133310.0	LECBBAS
6127057.0	40.0879084	3.1220749999999997	39000.0	1675133340.0	LECBBAS
6127057.0	40.02487439999999	3.119271000000001	39000.0	1675133370.0	LECBBAS
6127057.0	39.9618546	3.1164491999999995	39000.0	1675133400.0	LECBBAS
6127057.0	39.89891060000001	3.1165283999999995	39000.0	1675133430.0	LECBBAS
6127057.0	39.8356596	3.1168857999999995	39000.0	1675133460.0	LECBBAS
6127057.0	39.77240200000001	3.11842	39000.0	1675133490.0	LECBBAS
6127057.0	39.7095142	3.120195	39000.0	1675133520.0	LECBBAS
6127057.0	39.6466026	3.1218522	39000.0	1675133550.0	LECBBAS
6127057.0	39.5835846	3.1234652	39000.0	1675133580.0	LECBBAS
6127057.0	39.5205646	3.1245894	39000.0	1675133610.0	LECBBAS
6127057.0	39.4574938	3.1247990000000003	39000.0	1675133640.0	LECBBAS
6127057.0	39.394728400000005	3.1270256000000005	39000.0	1675133670.0	LECBBAS
6127057.0	39.3318728	3.1278940000000004	39000.0	1675133700.0	LECBBAS
6127057.0	39.2690908	3.128893	39000.0	1675133730.0	LECBBAS
6127057.0	39.20649579999999	3.1298698	39000.0	1675133760.0	LECBBAS
6127057.0	39.14391279999999	3.1309712	39000.0	1675133790.0	LECBBAS
6127057.0	39.081348600000005	3.132106399999999	39000.0	1675133820.0	LECBBAS
6127057.0	39.01879479999999	3.1333442	39000.0	1675133850.0	LECBBAS
6127057.0	38.9563138	3.1347020000000008	39000.0	1675133880.0	LECBBAS
6127057.0	38.89363959999999	3.136002800000001	39000.0	1675133910.0	LECBBAS
6127057.0	38.8315668	3.1374157999999994	39000.0	1675133940.0	LECBBAS
6127057.0	38.7693268	3.1387047999999997	38800.0	1675133970.0	LECBBAS
6127057.0	38.70661160000001	3.1400766	38300.0	1675134000.0	LECBBAS
6127057.0	38.64285840000001	3.141084	37820.0	1675134030.0	LECBBAS
6127057.0	38.57918440000001	3.1424151999999994	37320.0	1675134060.0	LECBBAS
6127057.0	38.515615200000006	3.1438672	36900.0	1675134090.0	LECBBAS
6127057.0	38.451462000000014	3.1451668000000006	36400.0	1675134120.0	LECBBAS
6127057.0	38.38730739999999	3.1463422	35920.0	1675134150.0	LECBBAS
6127057.0	38.3234812	3.1476392	35420.0	1675134180.0	LECBBAS
6127057.0	38.2596824	3.1488726000000007	34920.0	1675134210.0	LECBBAS
6127057.0	38.19569819999999	3.1503495999999998	34500.0	1675134240.0	LECBBAS
6127057.0	38.13171019999999	3.1516102	34020.0	1675134270.0	LECBBAS
6127075.0	39.6569508	3.586352	37000.0	1675132800.0	LECBBAS
6127075.0	39.64018379999999	3.5166968	37000.0	1675132830.0	LECBBAS
6127075.0	39.62324339999999	3.4468554	37000.0	1675132860.0	LECBBAS
6127075.0	39.60626140000001	3.3772286000000005	37000.0	1675132890.0	LECBBAS
6127075.0	39.5894632	3.3075282000000006	37000.0	1675132920.0	LECBBAS
6127075.0	39.57246600000001	3.238236	37000.0	1675132950.0	LECBBAS
6127075.0	39.5552928	3.1680252	37000.0	1675132980.0	LECBBAS
6127075.0	39.53764900000001	3.0980130000000003	37000.0	1675133010.0	LECBBAS
6127075.0	39.5202696	3.0281553999999997	37000.0	1675133040.0	LECBBAS
6127075.0	39.50311420000001	2.9580626	37000.0	1675133070.0	LECBBAS
6127075.0	39.4856138	2.8875438000000004	37000.0	1675133100.0	LECBBAS
6127075.0	39.4682182	2.817628	37000.0	1675133130.0	LECBBAS
6127075.0	39.450843600000006	2.7478160000000003	37000.0	1675133160.0	LECBBAS
6127075.0	39.43313619999999	2.6775456000000006	37000.0	1675133190.0	LECBBAS
6127075.0	39.415499	2.6076264	37000.0	1675133220.0	LECBBAS
6127075.0	39.39776540000001	2.5381408000000008	37000.0	1675133250.0	LECBBAS
6127075.0	39.38012819999999	2.468232799999999	37000.0	1675133280.0	LECBBAS
6127075.0	39.36262760000001	2.3984006	37000.0	1675133310.0	LECBBAS
6127075.0	39.3449292	2.3286004	37000.0	1675133340.0	LECBBAS
6127075.0	39.3271858	2.2587534	37000.0	1675133370.0	LECBBAS
6127075.0	39.30938520000001	2.1888894000000008	37000.0	1675133400.0	LECBBAS
6127075.0	39.29139679999999	2.1190891999999995	37000.0	1675133430.0	LECBBAS
6127075.0	39.27351539999999	2.0492394000000007	37000.0	1675133460.0	LECBBAS
6127075.0	39.255470200000005	1.9793552	37000.0	1675133490.0	LECBBAS
6127075.0	39.237350600000006	1.9090772	37000.0	1675133520.0	LECBBAS
6127075.0	39.21935820000001	1.8395060000000003	37000.0	1675133550.0	LECBBAS
6127075.0	39.20110679999999	1.7695778000000004	37000.0	1675133580.0	LECBBAS
6127078.0	40.03474859999999	3.667576200000001	29000.0	1675132830.0	LECBBAS
6127078.0	39.99594719999999	3.607946	28920.0	1675132860.0	LECBBAS
6127078.0	39.95706739999999	3.548433	28220.0	1675132890.0	LECBBAS
6127078.0	39.9187894	3.489609599999999	27440.0	1675132920.0	LECBBAS
6127078.0	39.8807588	3.431409999999999	26720.0	1675132950.0	LECBBAS
6127078.0	39.84311499999999	3.3740274	26220.0	1675132980.0	LECBBAS
6127078.0	39.80569260000001	3.3172805999999992	26000.0	1675133010.0	LECBBAS
6127078.0	39.76661700000001	3.2574956000000004	26000.0	1675133040.0	LECBBAS
6127078.0	39.72568059999999	3.194760799999999	26000.0	1675133070.0	LECBBAS
6127078.0	39.68451419999999	3.1324483999999995	26000.0	1675133100.0	LECBBAS
6127078.0	39.64318959999999	3.0702844	26000.0	1675133130.0	LECBBAS
6127078.0	39.60195040000001	3.0080414000000006	26000.0	1675133160.0	LECBBAS
6127078.0	39.56120059999999	2.9443460000000004	26000.0	1675133190.0	LECBBAS
6127078.0	39.521357400000014	2.8808208000000004	25920.0	1675133220.0	LECBBAS
6127078.0	39.48056320000001	2.8173159999999995	25040.0	1675133250.0	LECBBAS
6127078.0	39.44169764000003	2.756376560000003	24076.000000000007	1675133280.0	LECBBAS
6127078.0	39.4040661542858	2.6976677600000096	23167.428571428594	1675133310.0	LECBBAS
6127078.0	39.36643466857157	2.638958960000016	22258.85714285718	1675133340.0	LECBBAS
6127078.0	39.32880318285734	2.5802501600000225	21350.28571428577	1675133370.0	LECBBAS
6127078.0	39.29117169714311	2.521541360000029	20441.714285714355	1675133400.0	LECBBAS
6127078.0	39.25354021142888	2.462832560000036	19533.142857142942	1675133430.0	LECBBAS
6127078.0	39.21718240000001	2.4062924000000003	18620.0	1675133460.0	LECPIRE
6127078.0	39.18251100000001	2.352475600000001	17820.0	1675133490.0	LECPIRE
6127078.0	39.1511604	2.3037038	17020.0	1675133520.0	LECPIRE
6127078.0	39.12258279999999	2.2595786	16320.0	1675133550.0	LECPIRE
6127078.0	39.095851800000005	2.218220599999999	15720.0	1675133580.0	LECPIRE
6127078.0	39.06899639999999	2.1770507999999995	15020.0	1675133610.0	LECPIRE
6127078.0	39.04498799999999	2.133896	14420.0	1675133640.0	LECPIRE
6127078.0	39.0257678	2.0875143999999994	13820.0	1675133670.0	LECPIRE
6127078.0	39.00805000000001	2.0403497999999995	13120.0	1675133700.0	LECPIRE
6127078.0	38.99015959999999	1.9931138	12540.0	1675133730.0	LECPIRE
6127078.0	38.97218439999999	1.9458234	11920.0	1675133760.0	LECPIRE
6127078.0	38.955753	1.8990424	11320.0	1675133790.0	LECPIRE
6127078.0	38.9397094	1.8518422	10720.0	1675133820.0	LECPIRE
6127078.0	38.92348820000001	1.805016	10120.0	1675133850.0	LECPIRE
6127078.0	38.906708	1.757088	9500.0	1675133880.0	LECPIRE
6127078.0	38.89085100000001	1.7117814000000002	9020.0	1675133910.0	LECPIRE
6127078.0	38.8745218	1.6643358	9000.0	1675133940.0	LECPIRE
6127078.0	38.85774339999999	1.6168760000000002	9000.0	1675133970.0	LECPIRE
6127078.0	38.842054	1.5723021999999998	9000.0	1675134000.0	LECPIRE
6127078.0	38.8272018	1.5290103999999995	9000.0	1675134030.0	LECPIRE
6127078.0	38.81209139999999	1.485675	9000.0	1675134060.0	LECPIRE
6127078.0	38.79700420000001	1.4421803999999998	9000.0	1675134090.0	LECPIRE
6127078.0	38.781643800000005	1.3994057999999998	8920.0	1675134120.0	LECPIRE
6127084.0	39.269899	1.7820720000000003	18600.0	1675134030.0	LECPIRE
6127084.0	39.23354860000001	1.7486138	18220.0	1675134060.0	LECPIRE
6127084.0	39.201295	1.7144427999999996	17620.0	1675134090.0	LECPIRE
6127084.0	39.1759338	1.6732420000000003	16820.0	1675134120.0	LECPIRE
6127084.0	39.15167279999999	1.6321416000000004	16220.0	1675134150.0	LECPIRE
6127084.0	39.128364800000014	1.593121	15520.0	1675134180.0	LECPIRE
6127084.0	39.104976400000005	1.5538016	14720.0	1675134210.0	LECPIRE
6127084.0	39.081181	1.513624	13900.0	1675134240.0	LECPIRE
6127084.0	39.05874533333334	1.475503666666667	13116.66666666667	1675134270.0	LECPIRE
6127084.0	39.0364068	1.4378512	12800.0	1675134300.0	LECPIRE
6127085.0	38.620365	0.522511	13900.0	1675133040.0	LECPIRE
6127085.0	38.643726	0.59727	14500.0	1675133070.0	LECPIRE
6127085.0	38.667625	0.67267	15200.0	1675133100.0	LECPIRE
6127085.0	38.691463	0.749037	15900.0	1675133130.0	LECPIRE
6127085.0	38.715607	0.825899	16600.0	1675133160.0	LECPIRE
6127085.0	38.739998	0.904133	17400.0	1675133190.0	LECPIRE
6127085.0	38.764103	0.981399	18300.0	1675133220.0	LECPIRE
6127085.0	38.788109	1.058802	18800.0	1675133250.0	LECPIRE
6127085.0	38.81263	1.137814	19500.0	1675133280.0	LECPIRE
6127085.0	38.836994	1.216752	20100.0	1675133310.0	LECPIRE
6127085.0	38.86078819999999	1.2938953999999996	20680.0	1675133340.0	LECPIRE
6127085.0	38.88549399999999	1.3742812	21280.0	1675133370.0	LECPIRE
6127085.0	38.91025439999999	1.4549924	21880.0	1675133400.0	LECPIRE
6127085.0	38.9350368	1.5361018000000002	22300.0	1675133430.0	LECPIRE
6127085.0	38.95931180000001	1.6191540000000004	22780.0	1675133460.0	LECPIRE
6127085.0	38.98346340000001	1.7025918	23180.0	1675133490.0	LECPIRE
6127085.0	39.00830833333334	1.787969166666667	23683.33333333334	1675133520.0	LECPIRE
6127085.0	39.03586919999999	1.8703732	24180.0	1675133550.0	LECPIRE
6127085.0	39.0749834	1.9451026	24780.0	1675133580.0	LECBBAS
6127085.0	39.116109	2.0177880000000004	25100.0	1675133610.0	LECBBAS
6127085.0	39.1569076	2.0915744000000003	25680.0	1675133640.0	LECBBAS
6127085.0	39.1971788	2.1659194000000004	26280.0	1675133670.0	LECBBAS
6127085.0	39.2373562	2.2401424000000008	26800.0	1675133700.0	LECBBAS
6127085.0	39.27428860000001	2.3169758	27380.0	1675133730.0	LECBBAS
6127085.0	39.3058082	2.3982662	27980.0	1675133760.0	LECBBAS
6127085.0	39.33710599999999	2.479346	28580.0	1675133790.0	LECBBAS
6127085.0	39.3686122	2.5601586000000003	29180.0	1675133820.0	LECBBAS
6127085.0	39.3997782	2.641421	29680.0	1675133850.0	LECBBAS
6127085.0	39.4300468	2.7228695999999992	30000.0	1675133880.0	LECBBAS
6127085.0	39.46185739999999	2.8054520000000003	30000.0	1675133910.0	LECBBAS
6127085.0	39.49281760000001	2.8876864000000007	30000.0	1675133940.0	LECBBAS
6127085.0	39.5237818	2.9699849999999994	30000.0	1675133970.0	LECBBAS
6127085.0	39.55475360000001	3.052068200000001	30000.0	1675134000.0	LECBBAS
6127085.0	39.585695	3.1341518000000006	30000.0	1675134030.0	LECBBAS
6127085.0	39.61641240000001	3.2156067999999998	30000.0	1675134060.0	LECBBAS
6127085.0	39.65242739999999	3.293546599999999	30280.0	1675134090.0	LECBBAS
6127085.0	39.693785000000005	3.3656910000000004	30780.0	1675134120.0	LECBBAS
6127085.0	39.73984699999999	3.431897399999999	31180.0	1675134150.0	LECBBAS
6127085.0	39.7899536	3.491237999999999	31760.0	1675134180.0	LECBBAS
6127085.0	39.84321139999999	3.5438155999999994	32000.0	1675134210.0	LECBBAS
6127085.0	39.89959579999999	3.589513400000001	32000.0	1675134240.0	LECBBAS
6127085.0	39.9567722	3.6327442	32000.0	1675134270.0	LECBBAS
6127088.0	40.30295540000001	3.2110974000000003	31020.0	1675133430.0	LECBBAS
6127088.0	40.2419932	3.1956972	31000.0	1675133460.0	LECBBAS
6127088.0	40.18077180000001	3.1794532000000006	31000.0	1675133490.0	LECBBAS
6127088.0	40.12376239999999	3.1495566000000004	31000.0	1675133520.0	LECBBAS
6127088.0	40.067893	3.1185516	31000.0	1675133550.0	LECBBAS
6127088.0	40.01214079999999	3.0864826	31000.0	1675133580.0	LECBBAS
6127088.0	39.9562558	3.0543064	31000.0	1675133610.0	LECBBAS
6127088.0	39.90024460000001	3.02221	31000.0	1675133640.0	LECBBAS
6127088.0	39.8441272	2.99032	31000.0	1675133670.0	LECBBAS
6127088.0	39.7879806	2.958092	31000.0	1675133700.0	LECBBAS
6127088.0	39.7318874	2.9257584000000008	31000.0	1675133730.0	LECBBAS
6127088.0	39.675694000000014	2.8935276	31000.0	1675133760.0	LECBBAS
6127088.0	39.61875220000001	2.861815	31000.0	1675133790.0	LECBBAS
6127088.0	39.5620648	2.8300664	31000.0	1675133820.0	LECBBAS
6127088.0	39.50559140000001	2.798314	31000.0	1675133850.0	LECBBAS
6127088.0	39.448996400000006	2.7667745999999998	31000.0	1675133880.0	LECBBAS
6127088.0	39.39177140000001	2.734731600000001	31000.0	1675133910.0	LECBBAS
6127088.0	39.3348924	2.7033511999999997	31000.0	1675133940.0	LECBBAS
6127088.0	39.2791414	2.6726886	29960.0	1675133970.0	LECBBAS
6127088.0	39.22357359999999	2.641826600000001	28740.0	1675134000.0	LECBBAS
6127088.0	39.16933120000001	2.6110186000000004	27820.0	1675134030.0	LECBBAS
6127088.0	39.1221414	2.568477599999999	26820.0	1675134060.0	LECBBAS
6127088.0	39.0926102	2.5065882	25380.0	1675134090.0	LECBBAS
6127088.0	39.070286200000005	2.4373806000000005	23260.0	1675134120.0	LECPIRE
6127088.0	39.04802899999999	2.367731	21960.0	1675134150.0	LECPIRE
6127088.0	39.0263934	2.2998540000000003	20640.0	1675134180.0	LECPIRE
6127088.0	39.005381000000014	2.234059	19340.0	1675134210.0	LECPIRE
6127088.0	38.98512460000001	2.171464	18900.0	1675134240.0	LECPIRE
6127088.0	38.96663879999999	2.1145172000000008	18520.0	1675134270.0	LECPIRE
6127088.0	38.94927239999999	2.060553	17900.0	1675134300.0	LECPIRE
6127114.0	39.2621754	2.327417	7580.0	1675133070.0	LECPIRE
6127114.0	39.2410174	2.3038072000000005	7900.0	1675133100.0	LECPIRE
6127114.0	39.2198036	2.279863400000001	8300.0	1675133130.0	LECPIRE
6127114.0	39.19878720000001	2.256061199999999	8700.0	1675133160.0	LECPIRE
6127114.0	39.1781404	2.232728399999999	9000.0	1675133190.0	LECPIRE
6127114.0	39.156423800000006	2.207993	9000.0	1675133220.0	LECPIRE
6127114.0	39.13308420000001	2.1815418	9000.0	1675133250.0	LECPIRE
6127114.0	39.108664	2.1544986000000006	9000.0	1675133280.0	LECPIRE
6127114.0	39.08793060000001	2.1228077999999995	9000.0	1675133310.0	LECPIRE
6127114.0	39.070761200000014	2.0868398000000004	9000.0	1675133340.0	LECPIRE
6127114.0	39.0552058	2.0494662000000003	9000.0	1675133370.0	LECPIRE
6127114.0	39.038321	2.013000999999999	9000.0	1675133400.0	LECPIRE
6127114.0	39.02104199999999	1.9767498000000003	9000.0	1675133430.0	LECPIRE
6127114.0	39.0035468	1.9405486	9000.0	1675133460.0	LECPIRE
6127114.0	38.98623699999999	1.9043372	9000.0	1675133490.0	LECPIRE
6127114.0	38.968904166666654	1.867960333333333	9000.0	1675133520.0	LECPIRE
6127114.0	38.9515474	1.8320574	9000.0	1675133550.0	LECPIRE
6127114.0	38.9341636	1.7959755999999996	9000.0	1675133580.0	LECPIRE
6127114.0	38.9169492	1.7598782000000002	9000.0	1675133610.0	LECPIRE
6127114.0	38.8999032	1.7245901999999995	9000.0	1675133640.0	LECPIRE
6127114.0	38.8826902	1.6891978000000003	9000.0	1675133670.0	LECPIRE
6127114.0	38.86614699999999	1.6532426000000002	9000.0	1675133700.0	LECPIRE
6127114.0	38.84909099999999	1.6176638	9000.0	1675133730.0	LECPIRE
6127114.0	38.8343282	1.5812771999999995	9000.0	1675133760.0	LECPIRE
6127114.0	38.8229218	1.5428021999999997	8820.0	1675133790.0	LECPIRE
6127115.0	39.9378334	4.175786400000001	35000.0	1675132800.0	LECBBAS
6127115.0	39.92954579999999	4.098922000000002	35000.0	1675132830.0	LECBBAS
6127115.0	39.92116426451612	4.022002051612903	35000.0	1675132860.0	LECBBAS
6127115.0	39.91268374838699	3.9447224387096735	35000.0	1675132890.0	LECBBAS
6127115.0	39.90420323225786	3.867442825806444	35000.0	1675132920.0	LECBBAS
6127115.0	39.89572271612874	3.790163212903215	35000.0	1675132950.0	LECBBAS
6127115.0	39.88724219999961	3.7128835999999854	35000.0	1675132980.0	LECBBAS
6127115.0	39.878761683870486	3.635603987096756	35000.0	1675133010.0	LECBBAS
6127115.0	39.87002739999999	3.557938	35000.0	1675133040.0	LECBBAS
6127115.0	39.861251	3.480254999999999	35000.0	1675133070.0	LECBBAS
6127115.0	39.85250239999999	3.4025454000000006	35000.0	1675133100.0	LECBBAS
6127115.0	39.8436396	3.3248352000000003	35000.0	1675133130.0	LECBBAS
6127115.0	39.83477120000001	3.2475388	35000.0	1675133160.0	LECBBAS
6127115.0	39.82570059999999	3.1694	35000.0	1675133190.0	LECBBAS
6127115.0	39.816554200000006	3.0913580000000005	35000.0	1675133220.0	LECBBAS
6127115.0	39.80751959999999	3.013387	35000.0	1675133250.0	LECBBAS
6127115.0	39.79846600000001	2.9353672	35000.0	1675133280.0	LECBBAS
6127115.0	39.78936259999999	2.8572848000000004	35000.0	1675133310.0	LECBBAS
6127115.0	39.77993440000001	2.7791302	35000.0	1675133340.0	LECBBAS
6127115.0	39.7702716	2.7006104	35000.0	1675133370.0	LECBBAS
6127115.0	39.76074920000001	2.6225968	35000.0	1675133400.0	LECBBAS
6127115.0	39.7511564	2.544844199999999	35000.0	1675133430.0	LECBBAS
6127115.0	39.7415932	2.466954999999999	35000.0	1675133460.0	LECBBAS
6127115.0	39.73195140000001	2.3888394	35000.0	1675133490.0	LECBBAS
6127115.0	39.72228280000001	2.3109694000000003	35000.0	1675133520.0	LECBBAS
6127115.0	39.71250139999999	2.2333798	35000.0	1675133550.0	LECBBAS
6127115.0	39.702741800000005	2.1556778000000003	35000.0	1675133580.0	LECBBAS
6127115.0	39.69290439999999	2.0778036	35000.0	1675133610.0	LECBBAS
6127115.0	39.68307359999999	1.9998254	35000.0	1675133640.0	LECBBAS
6127124.0	38.84691079999999	1.7998209999999997	8680.0	1675132920.0	LECPIRE
6127124.0	38.828183	1.8513868	9580.0	1675132950.0	LECPIRE
6127124.0	38.80952760000001	1.9095114	10180.0	1675132980.0	LECPIRE
6127124.0	38.81846040000001	1.9735732	11660.0	1675133010.0	LECPIRE
6127124.0	38.83894119999999	2.0356940000000003	12960.0	1675133040.0	LECPIRE
6127124.0	38.86010600000001	2.0997458000000004	14260.0	1675133070.0	LECPIRE
6127124.0	38.88206879999999	2.1653272	15560.0	1675133100.0	LECPIRE
6127124.0	38.90452539999999	2.2326688000000003	16780.0	1675133130.0	LECPIRE
6127124.0	38.927399	2.3009098	18340.0	1675133160.0	LECPIRE
6127124.0	38.9502116	2.3693686	19840.0	1675133190.0	LECPIRE
6127124.0	38.97297219999999	2.4377949999999995	21060.0	1675133220.0	LECPIRE
6127124.0	38.9960528	2.5074589999999994	22260.0	1675133250.0	LECPIRE
6127124.0	39.01928639999999	2.5778908	23360.0	1675133280.0	LECPIRE
6127124.0	39.043032800000006	2.6499754	24360.0	1675133310.0	LECPIRE
6127124.0	39.0667122	2.7222434000000004	25380.0	1675133340.0	LECBBAS
6127124.0	39.09070200000001	2.7957116	25880.0	1675133370.0	LECBBAS
6127124.0	39.11487220000001	2.8698282	26000.0	1675133400.0	LECBBAS
6127124.0	39.13903479999999	2.9441686	26660.0	1675133430.0	LECBBAS
6127124.0	39.167025400000014	3.0163728	27660.0	1675133460.0	LECBBAS
6127124.0	39.1957988	3.089066800000001	28460.0	1675133490.0	LECBBAS
6127124.0	39.225264200000005	3.1634964000000005	29180.0	1675133520.0	LECBBAS
6127124.0	39.25691119999999	3.2364678	29880.0	1675133550.0	LECBBAS
6127124.0	39.29533280000001	3.3053742	30480.0	1675133580.0	LECBBAS
6127124.0	39.33522979999999	3.373723	31080.0	1675133610.0	LECBBAS
6127124.0	39.37566320000001	3.443835800000001	31580.0	1675133640.0	LECBBAS
6127124.0	39.4158368	3.5142714000000006	32380.0	1675133670.0	LECBBAS
6127124.0	39.45595740000001	3.584515400000001	33180.0	1675133700.0	LECBBAS
6127124.0	39.49611899999999	3.6546742	33980.0	1675133730.0	LECBBAS
6127124.0	39.536053400000014	3.7246829999999993	34600.0	1675133760.0	LECBBAS
6127124.0	39.57578200000001	3.794536	35180.0	1675133790.0	LECBBAS
6127124.0	39.6156208	3.8648456000000007	35680.0	1675133820.0	LECBBAS
6127124.0	39.65570020000001	3.9355304	36280.0	1675133850.0	LECBBAS
6127124.0	39.6961978	4.0072262	36780.0	1675133880.0	LECBBAS
6127124.0	39.73620340000001	4.0782212	37280.0	1675133910.0	LECBBAS
6127124.0	39.77610279999999	4.149186400000001	37880.0	1675133940.0	LECBBAS
6127124.0	39.815865200000005	4.220206799999999	38000.0	1675133970.0	LECBBAS
6127124.0	39.855607	4.291309600000001	38000.0	1675134000.0	LECBBAS
6127124.0	39.89539340000001	4.362470999999999	38000.0	1675134030.0	LECBBAS
6127124.0	39.93522	4.4338084	38000.0	1675134060.0	LECBBAS
6127124.0	39.97818559999999	4.501857	38000.0	1675134090.0	LECBBAS
6127124.0	40.02162560000001	4.568874200000001	38000.0	1675134120.0	LECBBAS
6127124.0	40.065021	4.6359010000000005	38000.0	1675134150.0	LECBBAS
6127130.0	39.3873036	1.8310894	29600.0	1675133760.0	LECBBAS
6127130.0	39.39024680000001	1.919107	30180.0	1675133790.0	LECBBAS
6127130.0	39.393109	2.0070192	30780.0	1675133820.0	LECBBAS
6127130.0	39.39591539999999	2.094650000000001	31560.0	1675133850.0	LECBBAS
6127130.0	39.39864579999999	2.1814356000000004	32000.0	1675133880.0	LECBBAS
6127130.0	39.401306200000015	2.2690952000000006	32760.0	1675133910.0	LECBBAS
6127130.0	39.40378359999999	2.3554612	33280.0	1675133940.0	LECBBAS
6127130.0	39.4062578	2.4422108000000007	33680.0	1675133970.0	LECBBAS
6127130.0	39.4086012	2.5291074	34180.0	1675134000.0	LECBBAS
6127130.0	39.41091360000001	2.6161164	34780.0	1675134030.0	LECBBAS
6127130.0	39.413094	2.7022425999999995	35200.0	1675134060.0	LECBBAS
6127130.0	39.4143534	2.7879318000000004	35680.0	1675134090.0	LECBBAS
6127130.0	39.41780139999999	2.873832	36000.0	1675134120.0	LECBBAS
6127130.0	39.41983740000001	2.9603762	36000.0	1675134150.0	LECBBAS
6127130.0	39.4222182	3.0488582	36000.0	1675134180.0	LECBBAS
6127130.0	39.429714200000014	3.1385752	36000.0	1675134210.0	LECBBAS
6127130.0	39.44406419999999	3.2262623999999995	36000.0	1675134240.0	LECBBAS
6127130.0	39.4648304	3.3113508000000005	36000.0	1675134270.0	LECBBAS
6127130.0	39.49201179999999	3.3928355999999997	36000.0	1675134300.0	LECBBAS
6127139.0	38.610432	0.491159	19100.0	1675133370.0	LECPIRE
6127139.0	38.632618	0.561145	19900.0	1675133400.0	LECPIRE
6127139.0	38.654747	0.631238	20800.0	1675133430.0	LECPIRE
6127139.0	38.677002	0.701778	21600.0	1675133460.0	LECPIRE
6127139.0	38.699501	0.773445	22300.0	1675133490.0	LECPIRE
6127139.0	38.72216	0.846137	22900.0	1675133520.0	LECPIRE
6127139.0	38.74506	0.919726	23600.0	1675133550.0	LECPIRE
6127139.0	38.768181	0.993383	24100.0	1675133580.0	LECPIRE
6127139.0	38.79154198275865	1.0697473103448274	24679.31034482761	1675133610.0	LECPIRE
6127139.0	38.81520794827596	1.1479939310344822	25237.931034482823	1675133640.0	LECPIRE
6127139.0	38.83887391379327	1.226240551724137	25796.551724138044	1675133670.0	LECPIRE
6127139.0	38.86253987931058	1.304487172413792	26355.17241379326	1675133700.0	LECPIRE
6127139.0	38.88620584482789	1.382733793103447	26913.79310344848	1675133730.0	LECPIRE
6127139.0	38.9098718103452	1.4609804137931015	27472.413793103697	1675133760.0	LECPIRE
6127139.0	38.93353777586251	1.5392270344827563	28031.034482758914	1675133790.0	LECPIRE
6127139.0	38.95720374137982	1.6174736551724112	28589.65517241413	1675133820.0	LECPIRE
6127139.0	38.98086970689713	1.695720275862066	29148.27586206935	1675133850.0	LECPIRE
6127139.0	39.00453567241444	1.7739668965517208	29706.896551724567	1675133880.0	LECPIRE
6127139.0	39.02761539999999	1.852699	30180.0	1675133910.0	LECBBAS
6127139.0	39.05197279999999	1.9359092000000004	30700.0	1675133940.0	LECBBAS
6127139.0	39.07630340000001	2.019485799999999	31180.0	1675133970.0	LECBBAS
6127139.0	39.10059759999999	2.1037226	31600.0	1675134000.0	LECBBAS
6127139.0	39.12498299999999	2.1880664000000003	32180.0	1675134030.0	LECBBAS
6127139.0	39.1492732	2.2723992	32880.0	1675134060.0	LECBBAS
6127139.0	39.17318460000001	2.3558402000000007	33480.0	1675134090.0	LECBBAS
6127139.0	39.19712400000001	2.439695199999999	33800.0	1675134120.0	LECBBAS
6127139.0	39.2211654	2.5240553999999995	34280.0	1675134150.0	LECBBAS
6127139.0	39.2452426	2.6088472	34780.0	1675134180.0	LECBBAS
6127139.0	39.26897899999999	2.693103200000001	35280.0	1675134210.0	LECBBAS
6127139.0	39.29277140000001	2.7776914	35580.0	1675134240.0	LECBBAS
6127139.0	39.31680839999999	2.863555200000001	35980.0	1675134270.0	LECBBAS
6127139.0	39.34054299999999	2.948636600000001	36480.0	1675134300.0	LECBBAS
6127157.0	39.8494472	3.6291376	25160.0	1675133670.0	LECBBAS
6127159.0	40.31959540000001	3.2158092000000003	30220.0	1675133880.0	LECBBAS
6127159.0	40.258424600000005	3.1999548	29440.0	1675133910.0	LECBBAS
6127159.0	40.19674119999999	3.1840543999999995	28620.0	1675133940.0	LECBBAS
6127159.0	40.134361000000006	3.1680810000000004	27640.0	1675133970.0	LECBBAS
6127159.0	40.0716796	3.1520905999999997	26820.0	1675134000.0	LECBBAS
6127159.0	40.00910680000001	3.1360642000000007	26020.0	1675134030.0	LECBBAS
6127159.0	39.94795279999999	3.1192875999999994	25240.0	1675134060.0	LECBBAS
6127159.0	39.89172239999999	3.087648	24520.0	1675134090.0	LECBBAS
6127164.0	39.061493	0.492261	10000.0	1675133820.0	LECPIRE
6127164.0	39.036449	0.5304	9700.0	1675133850.0	LECPIRE
6127164.0	39.009579	0.568699	9100.0	1675133880.0	LECPIRE
6127172.0	39.52018380000001	3.3913508	24580.0	1675133640.0	LECBBAS
6127172.0	39.562872600000006	3.4333022000000004	25280.0	1675133670.0	LECBBAS
6127172.0	39.60634959999999	3.4763230000000007	25980.0	1675133700.0	LECBBAS
6127172.0	39.65004640000001	3.5194098000000005	26680.0	1675133730.0	LECBBAS
6127172.0	39.693868400000014	3.5624818	27460.0	1675133760.0	LECBBAS
6127172.0	39.7379502	3.6058088000000006	28160.0	1675133790.0	LECBBAS
6127175.0	39.263802	1.772637	16300.0	1675134240.0	LECPIRE
6127175.0	39.219936666666655	1.7352638333333332	15433.33333333333	1675134270.0	LECPIRE
6127175.0	39.185112	1.6897897999999998	15120.0	1675134300.0	LECPIRE
6127188.0	38.8473264	1.7423774	9180.0	1675133370.0	LECPIRE
6127188.0	38.83290160000001	1.7994541999999998	9780.0	1675133400.0	LECPIRE
6127188.0	38.8175608	1.860001	10280.0	1675133430.0	LECPIRE
6127188.0	38.8081448	1.9254852	10800.0	1675133460.0	LECPIRE
6127188.0	38.82416339999999	1.9922608000000004	11300.0	1675133490.0	LECPIRE
6127188.0	38.84611739999999	2.05874	11780.0	1675133520.0	LECPIRE
6127188.0	38.8687198	2.1247948	12480.0	1675133550.0	LECPIRE
6127188.0	38.8909736	2.191347999999999	13280.0	1675133580.0	LECPIRE
6127188.0	38.91316239999999	2.2579082	14060.0	1675133610.0	LECPIRE
6127188.0	38.93550100000001	2.3249530000000007	14780.0	1675133640.0	LECPIRE
6127188.0	38.95805339999999	2.3926154000000004	15660.0	1675133670.0	LECPIRE
6127188.0	38.9803348	2.4599577999999998	16580.0	1675133700.0	LECPIRE
6127188.0	39.0025224	2.5270118000000004	17660.0	1675133730.0	LECPIRE
6127188.0	39.02454420000001	2.593737000000001	18660.0	1675133760.0	LECPIRE
6127188.0	39.04638979999999	2.660188	19660.0	1675133790.0	LECPIRE
6127188.0	39.06806520000001	2.7264026	20660.0	1675133820.0	LECPIRE
6127188.0	39.089657800000005	2.7925026000000006	21660.0	1675133850.0	LECPIRE
6127188.0	39.11088360000001	2.8577134000000006	22660.0	1675133880.0	LECPIRE
6127188.0	39.13228319999999	2.9235335999999994	23680.0	1675133910.0	LECPIRE
6127188.0	39.15563299999999	2.9869027999999997	24660.0	1675133940.0	LECPIRE
6127188.0	39.1806382	3.0487138	25380.0	1675133970.0	LECBBAS
6127188.0	39.2058176	3.1129374000000007	26080.0	1675134000.0	LECBBAS
6127188.0	39.2309064	3.1775264	26880.0	1675134030.0	LECBBAS
6127188.0	39.25664200000001	3.2428634000000005	27580.0	1675134060.0	LECBBAS
6127188.0	39.28268840000001	3.3093264000000007	28360.0	1675134090.0	LECBBAS
6127188.0	39.30876320000001	3.3757548	29080.0	1675134120.0	LECBBAS
6127188.0	39.3351218	3.4428042000000008	29980.0	1675134150.0	LECBBAS
6127188.0	39.36134540000001	3.509942599999999	30960.0	1675134180.0	LECBBAS
6127188.0	39.38717709999999	3.5760946	32009.99999999999	1675134210.0	LECBBAS
6127188.0	39.41285500000001	3.6417038000000006	32780.0	1675134240.0	LECBBAS
6127188.0	39.4387664	3.7081006	33660.0	1675134270.0	LECBBAS
6127188.0	39.4643358	3.7741858000000006	34380.0	1675134300.0	LECBBAS
6127205.0	40.33730819999999	3.1335092	35000.0	1675134300.0	LECBBAS
6127226.0	40.13894399999999	2.5593062000000004	26280.0	1675134180.0	LECBBAS
6127226.0	40.078339600000014	2.587199	26880.0	1675134210.0	LECBBAS
6127226.0	40.016849	2.6154238000000003	27580.0	1675134240.0	LECBBAS
6127226.0	39.95452160000001	2.6441116	28180.0	1675134270.0	LECBBAS
6127226.0	39.8918864	2.6726816000000007	28680.0	1675134300.0	LECBBAS
6127229.0	37.8526484	2.2922404	29680.0	1675133490.0	LECBBAS
6127229.0	37.906116200000014	2.250774	30760.0	1675133520.0	LECBBAS
6127229.0	37.9590708	2.2101244000000007	31780.0	1675133550.0	LECBBAS
6127229.0	38.011740800000005	2.1703112000000004	32580.0	1675133580.0	LECBBAS
6127229.0	38.06460099999999	2.1298780000000006	33360.0	1675133610.0	LECBBAS
6127229.0	38.11749439999999	2.0892128000000003	33980.0	1675133640.0	LECBBAS
6127229.0	38.17084560000001	2.0482404	34580.0	1675133670.0	LECBBAS
6127229.0	38.22420559999999	2.0073688	35280.0	1675133700.0	LECBBAS
6127268.0	38.718348000000006	1.7415328	8760.0	1675134120.0	LECPIRE
6127268.0	38.7001728	1.7917488	9760.0	1675134150.0	LECPIRE
6127268.0	38.71162920000001	1.8464572	10760.0	1675134180.0	LECPIRE
6127268.0	38.73150960000001	1.8980696000000004	11760.0	1675134210.0	LECPIRE
6127268.0	38.75180840000001	1.9494682000000003	12580.0	1675134240.0	LECPIRE
6127268.0	38.77305699999999	2.003293	13360.0	1675134270.0	LECPIRE
6127268.0	38.79492520000001	2.0582366000000007	14080.0	1675134300.0	LECPIRE
6127285.0	39.03248560000001	1.5624054000000005	9080.0	1675134210.0	LECPIRE
6127285.0	39.076971623529424	1.5487871411764695	9425.88235294119	1675134240.0	LECPIRE
6127285.0	39.1220411529412	1.5345523176470564	9708.235294117676	1675134270.0	LECPIRE
6127285.0	39.16711068235298	1.5203174941176432	9990.588235294164	1675134300.0	LECPIRE
6127314.0	39.97622540000001	4.654503199999999	41000.0	1675134240.0	LECBBAS
6127314.0	39.9602582	4.592119999999999	41000.0	1675134270.0	LECBBAS
6127314.0	39.944264	4.529678400000002	41000.0	1675134300.0	LECBBAS
