RTKey	Lat	Lon	Alt	Unixtime	Sector
6126842.0	39.9021	0.126593	36000.0	1675139100.0	LECBLVU
6126842.0	39.947029	0.186412	36000.0	1675139130.0	LECBLVU
6126842.0	39.991909	0.24631	36000.0	1675139160.0	LECBLVU
6126842.0	40.036758	0.30635	36000.0	1675139190.0	LECBLVU
6126842.0	40.081509	0.366599	36000.0	1675139220.0	LECBLVU
6126842.0	40.126518	0.427422	36000.0	1675139250.0	LECBLVU
6126842.0	40.171677	0.488302	36000.0	1675139280.0	LECBLVU
6126842.0	40.21682	0.549283	36000.0	1675139310.0	LECBLVU
6126842.0	40.261848	0.610367	36000.0	1675139340.0	LECBLVU
6126842.0	40.307804	0.672678	36200.0	1675139370.0	LECBLVU
6126842.0	40.353889	0.735464	36600.0	1675139400.0	LECBLVU
6126842.0	40.399994	0.798421	36900.0	1675139430.0	LECBLVU
6126842.0	40.446213	0.861593	37400.0	1675139460.0	LECBLVU
6126932.0	38.981735	-0.982259	33900.0	1675139100.0	LECBLVU
6126932.0	39.035316	-0.935342	33900.0	1675139130.0	LECBLVU
6126932.0	39.089119	-0.888041	34000.0	1675139160.0	LECBLVU
6126932.0	39.14341	-0.840126	34000.0	1675139190.0	LECBLVU
6126932.0	39.197781	-0.791455	34000.0	1675139220.0	LECBLVU
6126932.0	39.252022	-0.743028	34000.0	1675139250.0	LECBLVU
6126932.0	39.306633	-0.694279	34000.0	1675139280.0	LECBLVU
6126932.0	39.360889	-0.645726	34000.0	1675139310.0	LECBLVU
6126932.0	39.41507	-0.597161	34100.0	1675139340.0	LECBLVU
6126932.0	39.46946	-0.548872	34000.0	1675139370.0	LECBLVU
6126932.0	39.522655	-0.501082	34000.0	1675139400.0	LECBLVU
6126932.0	39.576118	-0.452861	34000.0	1675139430.0	LECBLVU
6126932.0	39.629593	-0.404954	34000.0	1675139460.0	LECBLVU
6126932.0	39.68293	-0.356865	34000.0	1675139490.0	LECBLVU
6126932.0	39.735657	-0.309272	34000.0	1675139520.0	LECBLVU
6126932.0	39.78841	-0.261587	34000.0	1675139550.0	LECBLVU
6126932.0	39.841389	-0.213488	34000.0	1675139580.0	LECBLVU
6126932.0	39.894344	-0.165316	34000.0	1675139610.0	LECBLVU
6126932.0	39.947094	-0.117198	34000.0	1675139640.0	LECBLVU
6126932.0	40.000092	-0.068751	34000.0	1675139670.0	LECBLVU
6126932.0	40.053341	-0.019952	34000.0	1675139700.0	LECBLVU
6126932.0	40.106655	0.028898	34000.0	1675139730.0	LECBLVU
6126932.0	40.16011	0.077865	33600.0	1675139760.0	LECBLVU
6126932.0	40.216526	0.120768	33200.0	1675139790.0	LECBLVU
6126932.0	40.275738	0.15562	32600.0	1675139820.0	LECBLVU
6127000.0	38.390432	-1.8926302	36000.0	1675139130.0	LECSNO1
6127000.0	38.430889400000005	-1.8267436	36000.0	1675139160.0	LECSNO1
6127000.0	38.4713196	-1.7608424	36000.0	1675139190.0	LECSNO1
6127000.0	38.5117924	-1.6948188000000002	36000.0	1675139220.0	LECSNO1
6127000.0	38.5523458	-1.6285196	36000.0	1675139250.0	LECSNO1
6127000.0	38.592804	-1.56306	36000.0	1675139280.0	LECSNO1
6127000.0	38.633617	-1.49596	36000.0	1675139310.0	LECSNO1
6127000.0	38.67411	-1.429325	36000.0	1675139340.0	LECSNO1
6127000.0	38.714485	-1.362675	36000.0	1675139370.0	LECSNO1
6127000.0	38.754768	-1.295969	36000.0	1675139400.0	LECBLVU
6127000.0	38.795052	-1.229103	36000.0	1675139430.0	LECBLVU
6127000.0	38.835258	-1.162544	36000.0	1675139460.0	LECBLVU
6127000.0	38.875458	-1.095995	36000.0	1675139490.0	LECBLVU
6127000.0	38.915592	-1.029114	36000.0	1675139520.0	LECBLVU
6127000.0	38.95562	-0.962219	36000.0	1675139550.0	LECBLVU
6127000.0	38.995522	-0.895458	36000.0	1675139580.0	LECBLVU
6127000.0	39.035786	-0.827971	36000.0	1675139610.0	LECBLVU
6127000.0	39.078304	-0.764666	36000.0	1675139640.0	LECBLVU
6127000.0	39.127445	-0.710333	36000.0	1675139670.0	LECBLVU
6127000.0	39.177418	-0.656911	36000.0	1675139700.0	LECBLVU
6127000.0	39.227215	-0.603282	36000.0	1675139730.0	LECBLVU
6127000.0	39.276974	-0.549469	36000.0	1675139760.0	LECBLVU
6127000.0	39.328259	-0.499012	36000.0	1675139790.0	LECBLVU
6127000.0	39.379787	-0.448574	36000.0	1675139820.0	LECBLVU
6127000.0	39.432671	-0.398717	36000.0	1675139850.0	LECBLVU
6127000.0	39.484505	-0.348117	36000.0	1675139880.0	LECBLVU
6127000.0	39.536369	-0.2974	36000.0	1675139910.0	LECBLVU
6127000.0	39.588337	-0.246007	36000.0	1675139940.0	LECBLVU
6127000.0	39.639755	-0.195563	36000.0	1675139970.0	LECBLVU
6127000.0	39.691467	-0.144856	36000.0	1675140000.0	LECBLVU
6127000.0	39.742668	-0.094454	36000.0	1675140030.0	LECBLVU
6127000.0	39.793682	-0.044191	36000.0	1675140060.0	LECBLVU
6127000.0	39.842556	0.009795	36000.0	1675140090.0	LECBLVU
6127000.0	39.887932	0.069957	36000.0	1675140120.0	LECBLVU
6127000.0	39.932205	0.131818	36000.0	1675140150.0	LECBLVU
6127000.0	39.97683	0.193643	36000.0	1675140180.0	LECBLVU
6127000.0	40.020885	0.255253	36000.0	1675140210.0	LECBLVU
6127000.0	40.064823	0.316725	36000.0	1675140240.0	LECBLVU
6127000.0	40.108696	0.378232	36000.0	1675140270.0	LECBLVU
6127000.0	40.152618	0.439925	36000.0	1675140300.0	LECBLVU
6127000.0	40.196728	0.502065	36000.0	1675140330.0	LECBLVU
6127000.0	40.240856	0.564393	36000.0	1675140360.0	LECBLVU
6127000.0	40.285202	0.627212	36000.0	1675140390.0	LECBLVU
6127000.0	40.329529	0.68996	36000.0	1675140420.0	LECBLVU
6127000.0	40.373974	0.752854	36000.0	1675140450.0	LECBLVU
6127000.0	40.418346	0.815829	36000.0	1675140480.0	LECBLVU
6127000.0	40.462757	0.879017	36000.0	1675140510.0	LECBLVU
6127612.0	38.6689324	-3.3792774	31000.0	1675139130.0	LECSNO1
6127612.0	38.6133824	-3.405735	31000.0	1675139160.0	LECSNO1
6127612.0	38.5579664	-3.4321366	31000.0	1675139190.0	LECSNO1
6127612.0	38.5024916	-3.4585712	31000.0	1675139220.0	LECSNO1
6127612.0	38.4468558	-3.4850104	31000.0	1675139250.0	LECSNO1
6127612.0	38.3911986	-3.5112338	31000.0	1675139280.0	LECSNO1
6127612.0	38.3338996	-3.5381984	31000.0	1675139310.0	LECSNO1
6127612.0	38.27822	-3.564549	31000.0	1675139340.0	LECSNO1
6127612.0	38.222513	-3.5908497999999995	31000.0	1675139370.0	LECSNO1
6127612.0	38.166768600000005	-3.617076	31000.0	1675139400.0	LECSNO1
6127612.0	38.120177600000005	-3.6617284	31000.0	1675139430.0	LECSNO1
6127612.0	38.078893	-3.7146566	31000.0	1675139460.0	LECSNO1
6127612.0	38.0369904	-3.765573	31000.0	1675139490.0	LECSNO1
6127612.0	37.9950802	-3.8160834	31000.0	1675139520.0	LECSNO1
6127612.0	37.9532602	-3.8666846	30380.0	1675139550.0	LECSNO1
6127612.0	37.9100708	-3.9189748	28960.0	1675139580.0	LECSNO1
6127612.0	37.8672322	-3.9708196	27680.0	1675139610.0	LECSNO1
6127612.0	37.8247262	-4.0221668	26420.0	1675139640.0	LECSNO1
6127612.0	37.7832472	-4.072078	25520.0	1675139670.0	LECSNO1
6127612.0	37.7421626	-4.1214408	24420.0	1675139700.0	LECSNO1
6127612.0	37.701144000000006	-4.1708132	23420.0	1675139730.0	LECSNO1
6127612.0	37.661133	-4.218914600000001	22420.0	1675139760.0	LECSNO1
6127612.0	37.621895	-4.2660686	21360.0	1675139790.0	LECSNO1
6127612.0	37.583199400000005	-4.312185199999999	20460.0	1675139820.0	LECSNO1
6127613.0	39.455711	-0.628813	37000.0	1675139100.0	LECBLVU
6127613.0	39.418404	-0.684289	37000.0	1675139130.0	LECBLVU
6127613.0	39.380611	-0.740016	37000.0	1675139160.0	LECBLVU
6127613.0	39.343014	-0.795581	37000.0	1675139190.0	LECBLVU
6127613.0	39.305515	-0.850725	37000.0	1675139220.0	LECBLVU
6127613.0	39.267609	-0.906529	37000.0	1675139250.0	LECBLVU
6127613.0	39.230053	-0.961898	37000.0	1675139280.0	LECBLVU
6127613.0	39.192795	-1.016724	37000.0	1675139310.0	LECBLVU
6127613.0	39.155426	-1.071576	37000.0	1675139340.0	LECBLVU
6127613.0	39.117855	-1.126064	37000.0	1675139370.0	LECBLVU
6127613.0	39.080563	-1.18044	37000.0	1675139400.0	LECBLVU
6127613.0	39.043415	-1.234614	37000.0	1675139430.0	LECBLVU
6127613.0	39.008091	-1.2904	37000.0	1675139460.0	LECBLVU
6127613.0	38.973305	-1.347797	37000.0	1675139490.0	LECSNO1
6127613.0	38.9385948	-1.405898	37000.0	1675139520.0	LECSNO1
6127613.0	38.9033032	-1.4644777999999998	37100.0	1675139550.0	LECSNO1
6127613.0	38.8681174	-1.5229158	37100.0	1675139580.0	LECSNO1
6127613.0	38.8328962	-1.5813038	37100.0	1675139610.0	LECSNO1
6127613.0	38.7976224	-1.6394438	37000.0	1675139640.0	LECSNO1
6127613.0	38.7623868	-1.6975386	37000.0	1675139670.0	LECSNO1
6127613.0	38.7272808	-1.7552274	37000.0	1675139700.0	LECSNO1
6127613.0	38.6923262	-1.8128318	37000.0	1675139730.0	LECSNO1
6127613.0	38.6573356	-1.8701288	37000.0	1675139760.0	LECSNO1
6127613.0	38.6223568	-1.9271632	37000.0	1675139790.0	LECSNO1
6127613.0	38.588209	-1.983117	37000.0	1675139820.0	LECSNO1
6127613.0	38.5544284	-2.038993	37000.0	1675139850.0	LECSNO1
6127613.0	38.519978	-2.095009	36920.0	1675139880.0	LECSNO1
6127613.0	38.4849812	-2.1516874	37000.0	1675139910.0	LECSNO1
6127613.0	38.4497864	-2.2084532	37000.0	1675139940.0	LECSNO1
6127613.0	38.4144014	-2.265643	37000.0	1675139970.0	LECSNO1
6127613.0	38.378995	-2.3229866	37000.0	1675140000.0	LECSNO1
6127613.0	38.341685	-2.3777906	37000.0	1675140030.0	LECSNO1
6127613.0	38.3022182	-2.4308388	37000.0	1675140060.0	LECSNO1
6127613.0	38.2628954	-2.4840242000000003	37000.0	1675140090.0	LECSNO1
6127613.0	38.2233406	-2.5371052	37000.0	1675140120.0	LECSNO1
6127613.0	38.183357	-2.5905754	37000.0	1675140150.0	LECSNO1
6127613.0	38.1433674	-2.6439806	37000.0	1675140180.0	LECSNO1
6127613.0	38.1035532	-2.6972764	37020.0	1675140210.0	LECSNO1
6127613.0	38.0638178	-2.7500152	37000.0	1675140240.0	LECSNO1
6127613.0	38.024075	-2.8027242	37000.0	1675140270.0	LECSNO1
6127613.0	37.9845852	-2.8550698000000003	37000.0	1675140300.0	LECSNO1
6127613.0	37.9453016	-2.9071094	37000.0	1675140330.0	LECSNO1
6127613.0	37.904531600000006	-2.9611574000000003	37000.0	1675140360.0	LECSNO1
6127613.0	37.86496999999999	-3.0135896	37000.0	1675140390.0	LECSNO1
6127613.0	37.826436	-3.0642756	36880.0	1675140420.0	LECSNO1
6127613.0	37.7865896	-3.1165148	36260.0	1675140450.0	LECSNO1
6127613.0	37.7463684	-3.1696238	34840.0	1675140480.0	LECSNO1
6127613.0	37.7056398	-3.2230804	33160.0	1675140510.0	LECSNO1
6128754.0	40.161682	0.453409	39000.0	1675139100.0	LECBLVU
6128754.0	40.122162	0.397991	39000.0	1675139130.0	LECBLVU
6128754.0	40.082783	0.342698	39000.0	1675139160.0	LECBLVU
6128754.0	40.043247	0.287341	39000.0	1675139190.0	LECBLVU
6128754.0	40.003647	0.232091	39000.0	1675139220.0	LECBLVU
6128754.0	39.963989	0.176839	39000.0	1675139250.0	LECBLVU
6128754.0	39.924896	0.122465	39000.0	1675139280.0	LECBLVU
6128754.0	39.885811	0.068109	39000.0	1675139310.0	LECBLVU
6128754.0	39.846767	0.013769	39000.0	1675139340.0	LECBLVU
6128754.0	39.807549	-0.040572	39000.0	1675139370.0	LECBLVU
6128754.0	39.768131	-0.095172	39000.0	1675139400.0	LECBLVU
6128754.0	39.727932	-0.150408	39000.0	1675139430.0	LECBLVU
6128754.0	39.687771	-0.205906	39000.0	1675139460.0	LECBLVU
6128754.0	39.646805	-0.261971	39000.0	1675139490.0	LECBLVU
6128754.0	39.606781	-0.316761	39000.0	1675139520.0	LECBLVU
6128754.0	39.566097	-0.372746	39000.0	1675139550.0	LECBLVU
6128754.0	39.526001	-0.427646	39000.0	1675139580.0	LECBLVU
6128754.0	39.485806	-0.482805	39000.0	1675139610.0	LECBLVU
6128754.0	39.45084	-0.542529	39000.0	1675139640.0	LECBLVU
6128754.0	39.41576	-0.60219	39000.0	1675139670.0	LECBLVU
6128754.0	39.38068	-0.661836	39000.0	1675139700.0	LECBLVU
6128754.0	39.345097	-0.72201	39000.0	1675139730.0	LECBLVU
6128754.0	39.309734	-0.782023	39000.0	1675139760.0	LECBLVU
6128754.0	39.274338	-0.842018	39000.0	1675139790.0	LECBLVU
6128754.0	39.239101	-0.901679	39100.0	1675139820.0	LECBLVU
6128754.0	39.20351	-0.961785	39000.0	1675139850.0	LECBLVU
6128754.0	39.168301	-1.0212	39000.0	1675139880.0	LECBLVU
6128754.0	39.13308	-1.080363	39000.0	1675139910.0	LECBLVU
6128754.0	39.097878	-1.139597	39000.0	1675139940.0	LECBLVU
6128754.0	39.06284	-1.198414	39000.0	1675139970.0	LECBLVU
6128754.0	39.0281822	-1.256684	39000.0	1675140000.0	LECBLVU
6128754.0	38.9931356	-1.3151552	39000.0	1675140030.0	LECSNO1
6128754.0	38.9574616	-1.3744072	39000.0	1675140060.0	LECSNO1
6128754.0	38.921336	-1.4345468	39000.0	1675140090.0	LECSNO1
6128754.0	38.8853702	-1.494452	39000.0	1675140120.0	LECSNO1
6128754.0	38.8492248	-1.5543386	39000.0	1675140150.0	LECSNO1
6128754.0	38.813361	-1.6135034	39000.0	1675140180.0	LECSNO1
6128754.0	38.7771964	-1.6732142	39000.0	1675140210.0	LECSNO1
6128754.0	38.7411146	-1.7326168	39000.0	1675140240.0	LECSNO1
6128754.0	38.705064	-1.7918698000000002	39000.0	1675140270.0	LECSNO1
6128754.0	38.6689764	-1.8511272	39000.0	1675140300.0	LECSNO1
6128754.0	38.6327754	-1.9104042	39000.0	1675140330.0	LECSNO1
6128754.0	38.5966578	-1.9695102	39000.0	1675140360.0	LECSNO1
6128754.0	38.5613104	-2.0274622	39000.0	1675140390.0	LECSNO1
6128754.0	38.525958	-2.0852622	39000.0	1675140420.0	LECSNO1
6128754.0	38.490493	-2.1427414	39000.0	1675140450.0	LECSNO1
6128754.0	38.4553872	-2.1996614	39000.0	1675140480.0	LECSNO1
6128754.0	38.4200804	-2.2569486000000003	39000.0	1675140510.0	LECSNO1
6128754.0	38.384289	-2.315138	39000.0	1675140540.0	LECSNO1
6128754.0	38.3466408	-2.3708074	39000.0	1675140570.0	LECSNO1
6128754.0	38.3068812	-2.4252272	39000.0	1675140600.0	LECSNO1
6128754.0	38.266092	-2.4800152	39000.0	1675140630.0	LECSNO1
6128754.0	38.2259048	-2.5343622	39000.0	1675140660.0	LECSNO1
6128754.0	38.1849926	-2.5888926000000003	39000.0	1675140690.0	LECSNO1
6128754.0	38.1438786	-2.643715	39000.0	1675140720.0	LECSNO1
6128754.0	38.1026202	-2.6986186	39000.0	1675140750.0	LECSNO1
6128754.0	38.0616364	-2.7531472	39000.0	1675140780.0	LECSNO1
6128754.0	38.0207538	-2.8075288	39000.0	1675140810.0	LECSNO1
6128754.0	37.9786338	-2.8633304	39000.0	1675140840.0	LECSNO1
6128754.0	37.9377434	-2.9173788000000003	39000.0	1675140870.0	LECSNO1
6128754.0	37.8980688	-2.9698648	39000.0	1675140900.0	LECSNO1
6128754.0	37.857099	-3.0237548	39000.0	1675140930.0	LECSNO1
6128754.0	37.8161274	-3.0776338	39000.0	1675140960.0	LECSNO1
6128758.0	38.93945899999999	-3.5430062	40000.0	1675139130.0	LECSNO1
6128764.0	39.546013	0.412793	35000.0	1675139100.0	LECBLVU
6128764.0	39.541122	0.336366	35000.0	1675139130.0	LECBLVU
6128764.0	39.536152	0.259951	35000.0	1675139160.0	LECBLVU
6128764.0	39.531097	0.183612	35000.0	1675139190.0	LECBLVU
6128764.0	39.52599	0.107091	35000.0	1675139220.0	LECBLVU
6128764.0	39.53157	0.030034	35000.0	1675139250.0	LECBLVU
6128764.0	39.546562	-0.045073	35100.0	1675139280.0	LECBLVU
6128764.0	39.560017	-0.120614	35000.0	1675139310.0	LECBLVU
6128764.0	39.57291	-0.195677	35000.0	1675139340.0	LECBLVU
6128764.0	39.585651	-0.271067	35000.0	1675139370.0	LECBLVU
6128764.0	39.598747	-0.346385	35000.0	1675139400.0	LECBLVU
6128764.0	39.611465	-0.422412	35000.0	1675139430.0	LECBLVU
6128764.0	39.624195	-0.496656	35000.0	1675139460.0	LECBLVU
6128764.0	39.637718	-0.571336	35000.0	1675139490.0	LECBLVU
6128764.0	39.650185	-0.64578	35000.0	1675139520.0	LECBLVU
6128764.0	39.662224	-0.719829	35000.0	1675139550.0	LECBLVU
6128764.0	39.674709	-0.794349	35000.0	1675139580.0	LECBLVU
6128764.0	39.687092	-0.86818	34900.0	1675139610.0	LECBLVU
6128764.0	39.701962	-0.942136	34000.0	1675139640.0	LECBLVU
6128764.0	39.721397	-1.013852	33400.0	1675139670.0	LECBLVU
6128768.0	38.3367176	-1.979193	38000.0	1675139130.0	LECSNO1
6128768.0	38.3789802	-1.9109372	38000.0	1675139160.0	LECSNO1
6128768.0	38.4210868	-1.842319	38000.0	1675139190.0	LECSNO1
6128768.0	38.4630312	-1.7735588	38000.0	1675139220.0	LECSNO1
6128768.0	38.505257400000005	-1.704903	38000.0	1675139250.0	LECSNO1
6128768.0	38.547539	-1.637366	38000.0	1675139280.0	LECSNO1
6128768.0	38.589657	-1.568338	38000.0	1675139310.0	LECSNO1
6128768.0	38.631996	-1.498876	38000.0	1675139340.0	LECSNO1
6128768.0	38.673885	-1.429679	38000.0	1675139370.0	LECSNO1
6128768.0	38.715668	-1.360482	38000.0	1675139400.0	LECSNO1
6128768.0	38.765129	-1.301513	38000.0	1675139430.0	LECBLVU
6128768.0	38.819534	-1.250184	38000.0	1675139460.0	LECBLVU
6128768.0	38.873241	-1.198412	38000.0	1675139490.0	LECBLVU
6128768.0	38.92691	-1.146711	38000.0	1675139520.0	LECBLVU
6128768.0	38.980606	-1.09487	38000.0	1675139550.0	LECBLVU
6128768.0	39.034462	-1.042957	38000.0	1675139580.0	LECBLVU
6128768.0	39.088619	-0.990654	38000.0	1675139610.0	LECBLVU
6128768.0	39.142399	-0.938582	38000.0	1675139640.0	LECBLVU
6128768.0	39.196087	-0.886408	38000.0	1675139670.0	LECBLVU
6128768.0	39.249508	-0.833975	38000.0	1675139700.0	LECBLVU
6128768.0	39.302547	-0.781733	38000.0	1675139730.0	LECBLVU
6128768.0	39.356064	-0.729576	38000.0	1675139760.0	LECBLVU
6128768.0	39.40942	-0.67753	38000.0	1675139790.0	LECBLVU
6128768.0	39.463406	-0.62426	38000.0	1675139820.0	LECBLVU
6128768.0	39.516991	-0.571588	38000.0	1675139850.0	LECBLVU
6128768.0	39.570152	-0.518846	38000.0	1675139880.0	LECBLVU
6128768.0	39.623024	-0.465954	38000.0	1675139910.0	LECBLVU
6128768.0	39.676266	-0.413358	38000.0	1675139940.0	LECBLVU
6128768.0	39.729767	-0.360732	38000.0	1675139970.0	LECBLVU
6128768.0	39.783031	-0.307825	38000.0	1675140000.0	LECBLVU
6128768.0	39.835838	-0.254764	38000.0	1675140030.0	LECBLVU
6128768.0	39.888584	-0.201773	38000.0	1675140060.0	LECBLVU
6128768.0	39.941425	-0.148595	38000.0	1675140090.0	LECBLVU
6128768.0	39.993771	-0.09587	38000.0	1675140120.0	LECBLVU
6128768.0	40.045956	-0.04328	38000.0	1675140150.0	LECBLVU
6128768.0	40.098431	0.009363	38000.0	1675140180.0	LECBLVU
6128768.0	40.154144	0.057923	37900.0	1675140210.0	LECBLVU
6128768.0	40.21331	0.094583	37100.0	1675140240.0	LECBLVU
6128768.0	40.274395	0.125484	35900.0	1675140270.0	LECBLVU
6128768.0	40.335434	0.156113	34600.0	1675140300.0	LECBLVU
6128768.0	40.396255	0.186145	32900.0	1675140330.0	LECBLVU
6128779.0	38.664753	-1.445343	36000.0	1675139130.0	LECSNO1
6128779.0	38.706589	-1.376337	36000.0	1675139160.0	LECSNO1
6128779.0	38.749218	-1.308003	36000.0	1675139190.0	LECBLVU
6128779.0	38.799995	-1.250189	36000.0	1675139220.0	LECBLVU
6128779.0	38.853855	-1.197626	36000.0	1675139250.0	LECBLVU
6128779.0	38.908489	-1.145885	36000.0	1675139280.0	LECBLVU
6128779.0	38.962856	-1.093993	36000.0	1675139310.0	LECBLVU
6128779.0	39.017246	-1.042023	36000.0	1675139340.0	LECBLVU
6128779.0	39.071632	-0.990017	36000.0	1675139370.0	LECBLVU
6128779.0	39.126148	-0.937765	36000.0	1675139400.0	LECBLVU
6128779.0	39.18074	-0.885436	36000.0	1675139430.0	LECBLVU
6128779.0	39.2356	-0.832648	36000.0	1675139460.0	LECBLVU
6128779.0	39.290047	-0.780133	36000.0	1675139490.0	LECBLVU
6128779.0	39.344471	-0.7276	36000.0	1675139520.0	LECBLVU
6128779.0	39.398785	-0.675157	36000.0	1675139550.0	LECBLVU
6128779.0	39.453278	-0.622401	36000.0	1675139580.0	LECBLVU
6128779.0	39.508003	-0.569269	36000.0	1675139610.0	LECBLVU
6128779.0	39.562279	-0.516453	36000.0	1675139640.0	LECBLVU
6128779.0	39.61623	-0.463849	36000.0	1675139670.0	LECBLVU
6128779.0	39.669952	-0.411397	36000.0	1675139700.0	LECBLVU
6128779.0	39.723789	-0.358803	36000.0	1675139730.0	LECBLVU
6128779.0	39.777008	-0.306548	36000.0	1675139760.0	LECBLVU
6128779.0	39.83012	-0.254275	36000.0	1675139790.0	LECBLVU
6128779.0	39.883194	-0.202074	36000.0	1675139820.0	LECBLVU
6128779.0	39.936813	-0.149263	36000.0	1675139850.0	LECBLVU
6128779.0	39.989788	-0.0969	36000.0	1675139880.0	LECBLVU
6128779.0	40.042755	-0.044458	36000.0	1675139910.0	LECBLVU
6128779.0	40.096241	0.008685	35900.0	1675139940.0	LECBLVU
6128779.0	40.14901	0.061226	35400.0	1675139970.0	LECBLVU
6128779.0	40.20401	0.10746	35000.0	1675140000.0	LECBLVU
6128779.0	40.261738	0.145627	34500.0	1675140030.0	LECBLVU
6128779.0	40.321808	0.176501	33800.0	1675140060.0	LECBLVU
6128794.0	38.7996962	-4.0040922	38000.0	1675139130.0	LECSNO1
6128794.0	38.8588226	-3.9667578	38000.0	1675139160.0	LECSNO1
6128794.0	38.9177626	-3.9290568	38000.0	1675139190.0	LECSNO1
6128794.0	38.976652400000006	-3.8911814	38000.0	1675139220.0	LECSNO1
6128802.0	39.814587	-0.355952	37000.0	1675139100.0	LECBLVU
6128802.0	39.756195	-0.378772	37000.0	1675139130.0	LECBLVU
6128802.0	39.698002	-0.401321	37000.0	1675139160.0	LECBLVU
6128802.0	39.639919	-0.423836	37000.0	1675139190.0	LECBLVU
6128802.0	39.581936	-0.446209	37000.0	1675139220.0	LECBLVU
6128802.0	39.524536	-0.468323	37000.0	1675139250.0	LECBLVU
6128802.0	39.468418	-0.495856	37000.0	1675139280.0	LECBLVU
6128802.0	39.416023	-0.531418	37000.0	1675139310.0	LECBLVU
6128802.0	39.364124	-0.567907	37000.0	1675139340.0	LECBLVU
6128802.0	39.311382	-0.603956	37000.0	1675139370.0	LECBLVU
6128802.0	39.25948	-0.640189	37000.0	1675139400.0	LECBLVU
6128802.0	39.207535	-0.676089	37000.0	1675139430.0	LECBLVU
6128802.0	39.155895	-0.712138	37000.0	1675139460.0	LECBLVU
6128802.0	39.104179	-0.748005	37000.0	1675139490.0	LECBLVU
6128802.0	39.052502	-0.783821	37000.0	1675139520.0	LECBLVU
6128802.0	39.001102	-0.819188	37000.0	1675139550.0	LECBLVU
6128802.0	38.949799	-0.854272	37000.0	1675139580.0	LECBLVU
6128802.0	38.898041	-0.889826	37000.0	1675139610.0	LECBLVU
6128802.0	38.84663	-0.925042	37000.0	1675139640.0	LECBLVU
6128802.0	38.795292	-0.960188	37000.0	1675139670.0	LECBLVU
6128802.0	38.744316	-0.994913	37000.0	1675139700.0	LECBLVU
6128802.0	38.693165	-1.029689	37000.0	1675139730.0	LECBLVU
6128802.0	38.642052	-1.064482	36800.0	1675139760.0	LECBLVU
6128802.0	38.591011	-1.099228	36200.0	1675139790.0	LECBLVU
6128802.0	38.540516	-1.133604	35600.0	1675139820.0	LECBLVU
6128811.0	37.8147504	-2.7123758	36000.0	1675139130.0	LECSNO1
6128811.0	37.8598506	-2.652859	36000.0	1675139160.0	LECSNO1
6128811.0	37.9046912	-2.5934116	36000.0	1675139190.0	LECSNO1
6128811.0	37.9495102	-2.5338062	36000.0	1675139220.0	LECSNO1
6128811.0	37.9942206	-2.4741926000000003	36000.0	1675139250.0	LECSNO1
6128811.0	38.038916	-2.414589	36000.0	1675139280.0	LECSNO1
6128811.0	38.0834382	-2.3550264	36000.0	1675139310.0	LECSNO1
6128811.0	38.1276486	-2.2957032	36000.0	1675139340.0	LECSNO1
6128811.0	38.171890000000005	-2.2362198	36000.0	1675139370.0	LECSNO1
6128811.0	38.2157492	-2.1761796	36000.0	1675139400.0	LECSNO1
6128811.0	38.256115	-2.1100718	36000.0	1675139430.0	LECSNO1
6128811.0	38.2967772	-2.0443604	36000.0	1675139460.0	LECSNO1
6128811.0	38.3371786	-1.978941	36000.0	1675139490.0	LECSNO1
6128811.0	38.3775	-1.9135014	36000.0	1675139520.0	LECSNO1
6128811.0	38.4179954	-1.8478076	36000.0	1675139550.0	LECSNO1
6128811.0	38.458395800000005	-1.7820462	36000.0	1675139580.0	LECSNO1
6128811.0	38.498781	-1.716129	36000.0	1675139610.0	LECSNO1
6128811.0	38.5391696	-1.650101	36000.0	1675139640.0	LECSNO1
6128811.0	38.579411	-1.585008	36000.0	1675139670.0	LECSNO1
6128811.0	38.620213	-1.519016	36000.0	1675139700.0	LECSNO1
6128811.0	38.667896	-1.460975	36000.0	1675139730.0	LECSNO1
6128811.0	38.71442	-1.402752	36000.0	1675139760.0	LECSNO1
6128811.0	38.760792	-1.344128	36000.0	1675139790.0	LECBLVU
6128811.0	38.807152	-1.285407	36000.0	1675139820.0	LECBLVU
6128811.0	38.853874	-1.226282	36000.0	1675139850.0	LECBLVU
6128811.0	38.900295	-1.167348	36000.0	1675139880.0	LECBLVU
6128811.0	38.946857	-1.108085	36000.0	1675139910.0	LECBLVU
6128811.0	38.99342	-1.048917	36000.0	1675139940.0	LECBLVU
6128811.0	39.039425	-0.99034	36000.0	1675139970.0	LECBLVU
6128811.0	39.0853	-0.931811	36000.0	1675140000.0	LECBLVU
6128811.0	39.13118	-0.872972	36000.0	1675140030.0	LECBLVU
6128811.0	39.17741	-0.813531	36000.0	1675140060.0	LECBLVU
6128811.0	39.223919	-0.753635	36000.0	1675140090.0	LECBLVU
6128811.0	39.270023	-0.693929	36000.0	1675140120.0	LECBLVU
6128811.0	39.316128	-0.634253	36000.0	1675140150.0	LECBLVU
6128811.0	39.362019	-0.574623	36000.0	1675140180.0	LECBLVU
6128811.0	39.408379	-0.515056	36000.0	1675140210.0	LECBLVU
6128811.0	39.454689	-0.455453	36000.0	1675140240.0	LECBLVU
6128811.0	39.50069	-0.395592	36000.0	1675140270.0	LECBLVU
6128811.0	39.546612	-0.335652	36000.0	1675140300.0	LECBLVU
6128811.0	39.592434	-0.275631	36000.0	1675140330.0	LECBLVU
6128811.0	39.638447	-0.215299	36000.0	1675140360.0	LECBLVU
6128811.0	39.68383	-0.155782	36000.0	1675140390.0	LECBLVU
6128811.0	39.728954	-0.096378	36000.0	1675140420.0	LECBLVU
6128811.0	39.773991	-0.037003	36000.0	1675140450.0	LECBLVU
6128811.0	39.819035	0.022296	36000.0	1675140480.0	LECBLVU
6128811.0	39.864113	0.081909	36000.0	1675140510.0	LECBLVU
6128811.0	39.909466	0.142007	36000.0	1675140540.0	LECBLVU
6128811.0	39.954803	0.202096	36000.0	1675140570.0	LECBLVU
6128811.0	39.999908	0.261986	36000.0	1675140600.0	LECBLVU
6128811.0	40.044697	0.321696	36000.0	1675140630.0	LECBLVU
6128811.0	40.089355	0.38142	36000.0	1675140660.0	LECBLVU
6128811.0	40.134518	0.441672	36000.0	1675140690.0	LECBLVU
6128811.0	40.179398	0.501832	36000.0	1675140720.0	LECBLVU
6128811.0	40.224567	0.562459	36000.0	1675140750.0	LECBLVU
6128811.0	40.269588	0.623253	36000.0	1675140780.0	LECBLVU
6128811.0	40.314911	0.68443	36000.0	1675140810.0	LECBLVU
6128811.0	40.360336	0.745686	36000.0	1675140840.0	LECBLVU
6128811.0	40.405678	0.807068	36000.0	1675140870.0	LECBLVU
6128811.0	40.450954	0.868597	36000.0	1675140900.0	LECBLVU
6128850.0	38.9837388	-3.2303048	33000.0	1675140240.0	LECSNO1
6128850.0	38.9263078	-3.2572794	33000.0	1675140270.0	LECSNO1
6128850.0	38.8688876	-3.2845416	33000.0	1675140300.0	LECSNO1
6128850.0	38.8115006	-3.31194	33000.0	1675140330.0	LECSNO1
6128850.0	38.7522942	-3.3402104	33000.0	1675140360.0	LECSNO1
6128850.0	38.6950592	-3.3675368	33000.0	1675140390.0	LECSNO1
6128850.0	38.6396808	-3.3939836	33000.0	1675140420.0	LECSNO1
6128850.0	38.5828836	-3.4213012	33000.0	1675140450.0	LECSNO1
6128850.0	38.5261328	-3.4482588	33000.0	1675140480.0	LECSNO1
6128850.0	38.469185	-3.4752876	33000.0	1675140510.0	LECSNO1
6128850.0	38.4122242	-3.5022518	33000.0	1675140540.0	LECSNO1
6128850.0	38.35368199999999	-3.5299668	33000.0	1675140570.0	LECSNO1
6128850.0	38.29678139999999	-3.5567842	33000.0	1675140600.0	LECSNO1
6128850.0	38.2391164	-3.5839610000000004	33000.0	1675140630.0	LECSNO1
6128850.0	38.181597800000006	-3.6111044	33000.0	1675140660.0	LECSNO1
6128850.0	38.1253456	-3.640945	33000.0	1675140690.0	LECSNO1
6128850.0	38.06993740000001	-3.6727582	33000.0	1675140720.0	LECSNO1
6128850.0	38.0140384	-3.7038042	33000.0	1675140750.0	LECSNO1
6128850.0	37.958142800000005	-3.7350326	33000.0	1675140780.0	LECSNO1
6128850.0	37.9021572	-3.766286	33000.0	1675140810.0	LECSNO1
6128850.0	37.8462662	-3.7976046	33000.0	1675140840.0	LECSNO1
6128850.0	37.7903024	-3.8289604	33000.0	1675140870.0	LECSNO1
6128850.0	37.73425759999999	-3.8603904	33000.0	1675140900.0	LECSNO1
6128850.0	37.678366	-3.8916286	33000.0	1675140930.0	LECSNO1
6128850.0	37.6238185	-3.92210625	33000.0	1675140960.0	LECSNO1
6128879.0	37.673979	-3.8124426	23240.0	1675139130.0	LECSNO1
6128879.0	37.7316972	-3.800472	23840.0	1675139160.0	LECSNO1
6128879.0	37.7895938	-3.7886568	24340.0	1675139190.0	LECSNO1
6128879.0	37.8487504	-3.7767076	24840.0	1675139220.0	LECSNO1
6128879.0	37.9083844	-3.7646826	25440.0	1675139250.0	LECSNO1
6128879.0	37.968189	-3.752621	26040.0	1675139280.0	LECSNO1
6128879.0	38.0285572	-3.7405154	26540.0	1675139310.0	LECSNO1
6128879.0	38.089285200000006	-3.7281348	27040.0	1675139340.0	LECSNO1
6128879.0	38.1504378	-3.7157292	27540.0	1675139370.0	LECSNO1
6128879.0	38.2124654	-3.7031942	27940.0	1675139400.0	LECSNO1
6128879.0	38.274626000000005	-3.6904728	28440.0	1675139430.0	LECSNO1
6128879.0	38.3377448	-3.6775372	29040.0	1675139460.0	LECSNO1
6128879.0	38.4003864	-3.6648108	29640.0	1675139490.0	LECSNO1
6128879.0	38.4626458	-3.6520924	30240.0	1675139520.0	LECSNO1
6128879.0	38.5243344	-3.6394936	30840.0	1675139550.0	LECSNO1
6128879.0	38.5863738	-3.6268154	31340.0	1675139580.0	LECSNO1
6128879.0	38.6488188	-3.6139832	31740.0	1675139610.0	LECSNO1
6128879.0	38.71182100000001	-3.6010274	32000.0	1675139640.0	LECSNO1
6128879.0	38.77558619999999	-3.588008	32000.0	1675139670.0	LECSNO1
6128879.0	38.8406658	-3.574275	32000.0	1675139700.0	LECSNO1
6128879.0	38.9059318	-3.5607408	32000.0	1675139730.0	LECSNO1
6128879.0	38.970907	-3.5628008	32000.0	1675139760.0	LECSNO1
6128888.0	40.47781	0.90148	33000.0	1675139760.0	LECBLVU
6128888.0	40.437485	0.843938	33000.0	1675139790.0	LECBLVU
6128888.0	40.3981	0.7878454999999999	33000.0	1675139820.0	LECBLVU
6128888.0	40.356564	0.728818	33000.0	1675139850.0	LECBLVU
6128888.0	40.316135	0.671479	33000.0	1675139880.0	LECBLVU
6128888.0	40.275646	0.614208	33000.0	1675139910.0	LECBLVU
6128888.0	40.235062	0.557005	33000.0	1675139940.0	LECBLVU
6128888.0	40.194649	0.500086	33000.0	1675139970.0	LECBLVU
6128888.0	40.153721	0.44263	33000.0	1675140000.0	LECBLVU
6128888.0	40.112835	0.385394	33000.0	1675140030.0	LECBLVU
6128888.0	40.072151	0.328222	33000.0	1675140060.0	LECBLVU
6128888.0	40.031208	0.271013	33000.0	1675140090.0	LECBLVU
6128888.0	39.990437	0.214259	33000.0	1675140120.0	LECBLVU
6128888.0	39.949791	0.15757	33000.0	1675140150.0	LECBLVU
6128888.0	39.909317	0.101269	33000.0	1675140180.0	LECBLVU
6128888.0	39.868614	0.044691	33000.0	1675140210.0	LECBLVU
6128888.0	39.827599	-0.012184	33000.0	1675140240.0	LECBLVU
6128888.0	39.786369	-0.069247	33000.0	1675140270.0	LECBLVU
6128888.0	39.744942	-0.126261	33000.0	1675140300.0	LECBLVU
6128888.0	39.703186	-0.183654	33000.0	1675140330.0	LECBLVU
6128888.0	39.660923	-0.241573	33000.0	1675140360.0	LECBLVU
6128888.0	39.618805	-0.299101	33000.0	1675140390.0	LECBLVU
6128888.0	39.576786	-0.356779	33000.0	1675140420.0	LECBLVU
6128888.0	39.53421	-0.415431	33100.0	1675140450.0	LECBLVU
6128888.0	39.492474	-0.472826	33100.0	1675140480.0	LECBLVU
6128888.0	39.454956	-0.533895	33000.0	1675140510.0	LECBLVU
6128888.0	39.418713	-0.595836	33000.0	1675140540.0	LECBLVU
6128888.0	39.382	-0.657701	33000.0	1675140570.0	LECBLVU
6128888.0	39.346176	-0.719333	33000.0	1675140600.0	LECBLVU
6128888.0	39.310631	-0.780245	33000.0	1675140630.0	LECBLVU
6128888.0	39.274826	-0.840959	33000.0	1675140660.0	LECBLVU
6128888.0	39.239063	-0.90112	33000.0	1675140690.0	LECBLVU
6128888.0	39.2031734	-0.9612386	33000.0	1675140720.0	LECBLVU
6128888.0	39.1672964	-1.0216174	33000.0	1675140750.0	LECBLVU
6128888.0	39.1313488	-1.0820742	33000.0	1675140780.0	LECBLVU
6128888.0	39.0954554	-1.1426608	33000.0	1675140810.0	LECBLVU
6128888.0	39.0594664	-1.20304	33000.0	1675140840.0	LECBLVU
6128888.0	39.0232252	-1.2634568	33000.0	1675140870.0	LECBLVU
6128888.0	38.986985	-1.323903	33000.0	1675140900.0	LECSNO1
6128888.0	38.9503886	-1.3851102	33000.0	1675140930.0	LECSNO1
6128888.0	38.913471	-1.446195	33000.0	1675140960.0	LECSNO1
6128920.0	37.5898966	-3.6284892	38000.0	1675139460.0	LECSNO1
6128920.0	37.65374920000001	-3.6280548	38000.0	1675139490.0	LECSNO1
6128920.0	37.717335600000006	-3.6276378	38000.0	1675139520.0	LECSNO1
6128920.0	37.7808106	-3.627411	38000.0	1675139550.0	LECSNO1
6128920.0	37.844395000000006	-3.6270452	38000.0	1675139580.0	LECSNO1
6128920.0	37.9080816	-3.6265828	38000.0	1675139610.0	LECSNO1
6128920.0	37.9719182	-3.6261266	38000.0	1675139640.0	LECSNO1
6128920.0	38.0357272	-3.6255006	38000.0	1675139670.0	LECSNO1
6128920.0	38.0997926	-3.625047	38000.0	1675139700.0	LECSNO1
6128920.0	38.1636546	-3.6234226	38000.0	1675139730.0	LECSNO1
6128920.0	38.2277826	-3.6171638	38000.0	1675139760.0	LECSNO1
6128920.0	38.2916588	-3.6109044	38000.0	1675139790.0	LECSNO1
6128920.0	38.355429	-3.6049904	38000.0	1675139820.0	LECSNO1
6128920.0	38.4189682	-3.5987408000000003	38000.0	1675139850.0	LECSNO1
6128920.0	38.482262	-3.5925830000000003	38000.0	1675139880.0	LECSNO1
6128920.0	38.54564439999999	-3.5863726	38000.0	1675139910.0	LECSNO1
6128920.0	38.6089306	-3.5804124	38000.0	1675139940.0	LECSNO1
6128920.0	38.671948	-3.5741279999999995	38000.0	1675139970.0	LECSNO1
6128920.0	38.7352	-3.5679828	38000.0	1675140000.0	LECSNO1
6128920.0	38.7984896	-3.5617554000000005	38000.0	1675140030.0	LECSNO1
6128920.0	38.86178819999999	-3.5554776	38000.0	1675140060.0	LECSNO1
6128920.0	38.9250726	-3.5492474	38000.0	1675140090.0	LECSNO1
6128920.0	38.988341	-3.5430304	38000.0	1675140120.0	LECSNO1
6128943.0	37.580004200000005	-4.6651154	31800.0	1675139790.0	LECSNO1
6128943.0	37.6392	-4.633830000000001	32000.0	1675139820.0	LECSNO1
6128943.0	37.698241	-4.6025956	32200.0	1675139850.0	LECSNO1
6128943.0	37.757254800000005	-4.571264199999999	32400.0	1675139880.0	LECSNO1
6128943.0	37.81612079999999	-4.5400388000000005	32600.0	1675139910.0	LECSNO1
6128943.0	37.8749218	-4.508842199999999	32800.0	1675139940.0	LECSNO1
6128943.0	37.9333002	-4.477676799999999	33040.0	1675139970.0	LECSNO1
6128943.0	37.9916826	-4.4465102000000005	33240.0	1675140000.0	LECSNO1
6128943.0	38.0499534	-4.415303000000001	33440.0	1675140030.0	LECSNO1
6128943.0	38.1080996	-4.3841392	33600.0	1675140060.0	LECSNO1
6128943.0	38.1659538	-4.3530264	33800.0	1675140090.0	LECSNO1
6128943.0	38.2240394	-4.321863199999999	33900.0	1675140120.0	LECSNO1
6128943.0	38.2824804	-4.290421800000001	34000.0	1675140150.0	LECSNO1
6128943.0	38.3411	-4.258874399999999	34000.0	1675140180.0	LECSNO1
6128943.0	38.4002754	-4.2269928000000005	34000.0	1675140210.0	LECSNO1
6128943.0	38.4598598	-4.1947692000000005	34000.0	1675140240.0	LECSNO1
6128943.0	38.51821825	-4.16311275	34000.0	1675140270.0	LECSNO1
6128943.0	38.5797084	-4.1298384	34000.0	1675140300.0	LECSNO1
6128943.0	38.63977740000001	-4.0972178	34000.0	1675140330.0	LECSNO1
6128943.0	38.700149	-4.0644464000000005	34000.0	1675140360.0	LECSNO1
6128943.0	38.7610784	-4.0310978	34000.0	1675140390.0	LECSNO1
6128943.0	38.82151280000001	-3.998073	34000.0	1675140420.0	LECSNO1
6128943.0	38.8820258	-3.9648526	34000.0	1675140450.0	LECSNO1
6128943.0	38.942590200000005	-3.9315554	34000.0	1675140480.0	LECSNO1
6128948.0	40.231094	-0.193118	34100.0	1675140030.0	LECBLVU
6128948.0	40.176834	-0.214359	33200.0	1675140060.0	LECBLVU
6128948.0	40.123352	-0.235344	33000.0	1675140090.0	LECBLVU
6128948.0	40.070034	-0.25617	32900.0	1675140120.0	LECBLVU
6128954.0	37.5641396	-3.848631	23640.0	1675139520.0	LECSNO1
6128954.0	37.6207594	-3.8272522	24180.0	1675139550.0	LECSNO1
6128954.0	37.678709	-3.8053832	24740.0	1675139580.0	LECSNO1
6128954.0	37.7373466	-3.783155	25380.0	1675139610.0	LECSNO1
6128954.0	37.7967456	-3.7608076	26040.0	1675139640.0	LECSNO1
6128954.0	37.8567688	-3.7379106	26540.0	1675139670.0	LECSNO1
6128954.0	37.9177262	-3.7147486	27200.0	1675139700.0	LECSNO1
6128954.0	37.979232	-3.6913758	27640.0	1675139730.0	LECSNO1
6128954.0	38.04102639999999	-3.6679166	28240.0	1675139760.0	LECSNO1
6128954.0	38.10323699999999	-3.6441136	28740.0	1675139790.0	LECSNO1
6128954.0	38.167066000000005	-3.6243574	29200.0	1675139820.0	LECSNO1
6128954.0	38.232139	-3.617782	29700.0	1675139850.0	LECSNO1
6128954.0	38.2976694	-3.6117866	30240.0	1675139880.0	LECSNO1
6128954.0	38.363029	-3.6050412	31040.0	1675139910.0	LECSNO1
6128954.0	38.4281888	-3.5985050000000003	31540.0	1675139940.0	LECSNO1
6128954.0	38.49324240000001	-3.5919878	32140.0	1675139970.0	LECSNO1
6128954.0	38.5582358	-3.5856462	32640.0	1675140000.0	LECSNO1
6128954.0	38.6232634	-3.5792648	33240.0	1675140030.0	LECSNO1
6128954.0	38.6877348	-3.572916	34040.0	1675140060.0	LECSNO1
6128954.0	38.750575	-3.5667154	34840.0	1675140090.0	LECSNO1
6128954.0	38.8136736	-3.5607428	35100.0	1675140120.0	LECSNO1
6128954.0	38.87733659999999	-3.5545202	35400.0	1675140150.0	LECSNO1
6128954.0	38.941205200000006	-3.5458482	35700.0	1675140180.0	LECSNO1
6128968.0	37.539969	-3.9434128	31240.0	1675139820.0	LECSNO1
6128968.0	37.6009668	-3.911863400000001	32140.0	1675139850.0	LECSNO1
6128968.0	37.661489800000005	-3.880614000000001	32940.0	1675139880.0	LECSNO1
6128968.0	37.72151960000001	-3.849651	33840.0	1675139910.0	LECSNO1
6128968.0	37.781471	-3.8187262	34580.0	1675139940.0	LECSNO1
6128968.0	37.8404554	-3.7881044	35240.0	1675139970.0	LECSNO1
6128968.0	37.899367	-3.7576406	35740.0	1675140000.0	LECSNO1
6128968.0	37.95856739999999	-3.7266332	36240.0	1675140030.0	LECSNO1
6128968.0	38.01826019999999	-3.6954218	36600.0	1675140060.0	LECSNO1
6128968.0	38.0782754	-3.6639764	37000.0	1675140090.0	LECSNO1
6128968.0	38.139363	-3.6357516	37440.0	1675140120.0	LECSNO1
6128968.0	38.20236	-3.6207856	37940.0	1675140150.0	LECSNO1
6128968.0	38.2658616	-3.6142792	38000.0	1675140180.0	LECSNO1
6128968.0	38.3288194	-3.6079828	38000.0	1675140210.0	LECSNO1
6128968.0	38.39163740000001	-3.6017204000000005	38000.0	1675140240.0	LECSNO1
6128968.0	38.452882	-3.5956075	38000.0	1675140270.0	LECSNO1
6128968.0	38.5171304	-3.5894766	38000.0	1675140300.0	LECSNO1
6128968.0	38.5789842	-3.5834086	38000.0	1675140330.0	LECSNO1
6128968.0	38.64089239999999	-3.5778886	38000.0	1675140360.0	LECSNO1
6128968.0	38.7030532	-3.5717422	38000.0	1675140390.0	LECSNO1
6128968.0	38.76497439999999	-3.5664722	38000.0	1675140420.0	LECSNO1
6128968.0	38.8265198	-3.5680142	38000.0	1675140450.0	LECSNO1
6128968.0	38.8879308	-3.5689128	38000.0	1675140480.0	LECSNO1
6128968.0	38.9492156	-3.5698412	38000.0	1675140510.0	LECSNO1
6128975.0	39.55603	0.579144	37000.0	1675140720.0	LECBLVU
6128975.0	39.551666	0.507775	37000.0	1675140750.0	LECBLVU
6128975.0	39.547153	0.436071	37000.0	1675140780.0	LECBLVU
6128975.0	39.542564	0.364335	37000.0	1675140810.0	LECBLVU
6128975.0	39.537964	0.292457	37000.0	1675140840.0	LECBLVU
6128975.0	39.533352	0.220308	37000.0	1675140870.0	LECBLVU
6128975.0	39.528625	0.1483	37000.0	1675140900.0	LECBLVU
6128975.0	39.523777	0.07639	37000.0	1675140930.0	LECBLVU
6128975.0	39.518913	0.004532	37000.0	1675140960.0	LECBLVU
6128995.0	40.232357	0.320626	32700.0	1675140330.0	LECBLVU
6128995.0	40.293255	0.343745	33400.0	1675140360.0	LECBLVU
6128995.0	40.353912	0.366777	34100.0	1675140390.0	LECBLVU
6128995.0	40.414513	0.389807	34800.0	1675140420.0	LECBLVU
6128995.0	40.475079	0.412833	35500.0	1675140450.0	LECBLVU
6128995.0	40.535583	0.435879	36000.0	1675140480.0	LECBLVU
6128995.0	40.596169	0.45903	36500.0	1675140510.0	LECBLVU
6128995.0	40.656883	0.482308	37000.0	1675140540.0	LECBLVU
6129023.0	38.96953440000001	-4.039670800000001	32940.0	1675140330.0	LECSNO1
6129023.0	38.91589940000001	-4.0740482	33000.0	1675140360.0	LECSNO1
6129023.0	38.8617634	-4.108563	33000.0	1675140390.0	LECSNO1
6129023.0	38.808027800000005	-4.1429516	33000.0	1675140420.0	LECSNO1
6129023.0	38.7536056	-4.1768102	33000.0	1675140450.0	LECSNO1
6129023.0	38.7004922	-4.211405	33000.0	1675140480.0	LECSNO1
6129049.0	39.569355	0.321936	32800.0	1675140450.0	LECBLVU
6129049.0	39.625282	0.366043	33700.0	1675140480.0	LECBLVU
6129049.0	39.681137	0.409746	34500.0	1675140510.0	LECBLVU
6129049.0	39.737061	0.453669	35300.0	1675140540.0	LECBLVU
6129049.0	39.792938	0.497728	36100.0	1675140570.0	LECBLVU
6129049.0	39.848896	0.542073	36800.0	1675140600.0	LECBLVU
6129049.0	39.904602	0.586166	37300.0	1675140630.0	LECBLVU
6129049.0	39.960373	0.63046	37900.0	1675140660.0	LECBLVU
6129049.0	40.014666600000005	0.6738086	38380.0	1675140690.0	LECBLVU
6129049.0	40.07272	0.720102	38900.0	1675140720.0	LECBLVU
6129049.0	40.128841	0.764652	39400.0	1675140750.0	LECBLVU
6129049.0	40.184761	0.809254	40000.0	1675140780.0	LECBLVU
6129049.0	40.244553	0.840458	40000.0	1675140810.0	LECBLVU
6129049.0	40.305973	0.860598	40000.0	1675140840.0	LECBLVU
6129049.0	40.367668	0.879007	40000.0	1675140870.0	LECBLVU
6129049.0	40.429321	0.897514	40000.0	1675140900.0	LECBLVU
6129060.0	37.536216	-3.6288706	36000.0	1675140510.0	LECSNO1
6129060.0	37.6017784	-3.6285474	36000.0	1675140540.0	LECSNO1
6129060.0	37.6672668	-3.6281448	36000.0	1675140570.0	LECSNO1
6129060.0	37.73268	-3.6277002	36000.0	1675140600.0	LECSNO1
6129060.0	37.7982944	-3.627307	36000.0	1675140630.0	LECSNO1
6129060.0	37.8636734	-3.6268172	36000.0	1675140660.0	LECSNO1
6129060.0	37.92902539999999	-3.626385	36000.0	1675140690.0	LECSNO1
6129060.0	37.994393	-3.6258116	36000.0	1675140720.0	LECSNO1
6129060.0	38.0595818	-3.6253038	36000.0	1675140750.0	LECSNO1
6129060.0	38.1244906	-3.625072	36000.0	1675140780.0	LECSNO1
6129060.0	38.189536	-3.6198552	36000.0	1675140810.0	LECSNO1
6129060.0	38.2545974	-3.6140598	36000.0	1675140840.0	LECSNO1
6129060.0	38.3199834	-3.6079482	36000.0	1675140870.0	LECSNO1
6129060.0	38.3848138	-3.6017120000000005	36000.0	1675140900.0	LECSNO1
6129060.0	38.4495778	-3.5957746	36000.0	1675140930.0	LECSNO1
6129060.0	38.512666	-3.5897575	36000.0	1675140960.0	LECSNO1
6129061.0	39.650539	0.102737	32600.0	1675140660.0	LECBLVU
6129061.0	39.711823	0.125558	33300.0	1675140690.0	LECBLVU
6129061.0	39.772682	0.148208	34000.0	1675140720.0	LECBLVU
6129061.0	39.83337	0.170922	34600.0	1675140750.0	LECBLVU
6129061.0	39.893616	0.193486	35200.0	1675140780.0	LECBLVU
6129061.0	39.953907	0.215937	35800.0	1675140810.0	LECBLVU
6129061.0	40.014076	0.23832	36300.0	1675140840.0	LECBLVU
6129061.0	40.074005	0.260896	36800.0	1675140870.0	LECBLVU
6129061.0	40.13393	0.283446	37000.0	1675140900.0	LECBLVU
6129061.0	40.19405	0.306119	37300.0	1675140930.0	LECBLVU
6129061.0	40.254936	0.329343	37700.0	1675140960.0	LECBLVU
6129071.0	38.817719	0.090703	38000.0	1675140720.0	LECBLVU
6129071.0	38.879818	0.108417	38000.0	1675140750.0	LECBLVU
6129071.0	38.941994	0.12616	38000.0	1675140780.0	LECBLVU
6129071.0	39.004169	0.143869	38000.0	1675140810.0	LECBLVU
6129071.0	39.066376	0.161694	38000.0	1675140840.0	LECBLVU
6129071.0	39.128643	0.179613	38000.0	1675140870.0	LECBLVU
6129071.0	39.191128	0.197603	38000.0	1675140900.0	LECBLVU
6129071.0	39.253075	0.215481	38000.0	1675140930.0	LECBLVU
6129071.0	39.314484	0.233291	38000.0	1675140960.0	LECBLVU
