RTKey,Lat,Lon,Alt,Unixtime,Sector
6126243,40.298801,0.168267,32900.0,1675133040.0,LECBLVU
6126246,39.834827,-0.191825,38000.0,1675133040.0,LECBLVU
6126778,37.908234,-1.554117,35000.0,1675132484.0,LECBLVS
6126847,40.403889,0.825818,34000.0,1675133040.0,LECBLVU
6126848,39.503437,-0.47042,37900.0,1675133040.0,LECBLVU
6126881,39.69136,-0.949689,35200.0,1675133040.0,LECBLVU
6126893,39.00597,-1.293148,35000.0,1675132679.0,LECBLVU
6126910,39.616409,0.043215,38000.0,1675133040.0,LECBLVU
6126922,40.693974,0.496542,36000.0,1675132465.0,LECBLVU
6126934,39.511257,-0.110486,35000.0,1675133040.0,LECBLVU
6126939,39.945915,0.151518,39000.0,1675133040.0,LECBLVU
6126948,40.697186,0.498151,38000.0,1675132635.0,LECBLVU
6126953,40.420231,0.998212,36000.0,1675133005.0,LECBLVU
6126963,39.568645,0.709165,25500.0,1675133040.0,LECBLVS
6126968,39.557243,0.599864,31000.0,1675132525.0,LECBLVS
6126992,39.451389,-0.541552,33000.0,1675133040.0,LECBLVU
6127034,38.294811,-0.014117,32000.0,1675133040.0,LECBLVS
6127102,37.597374,-0.148753,22600.0,1675133040.0,LECBLVS
