RTKey,Lat,Lon,Alt,Unixtime,Sector
6125022,38.992569,-1.888394,26000.0,1675115900.0,LECSYES
6125235,38.323696,-3.191784,37000.0,1675116268.0,LECSYES
6125313,37.669758,-3.238104,31700.0,1675117129.0,LECSYES
6125409,39.745441,-1.07409,35000.0,1675116284.0,LECBLVU
6125432,37.730808,-3.281704,35000.0,1675117394.0,LECSYES
6125455,40.304424,0.170469,32500.0,1675117040.0,LECBLVU
6125476,37.79298,-3.10756,29000.0,1675116139.0,LECSYES
6125504,40.47287,0.893271,38000.0,1675117315.0,LECBLVU
6127654,37.793091,-3.107997,24800.0,1675117594.0,LECSYES
6127668,39.750008,-1.083845,37000.0,1675116529.0,LECBLVU
6127673,40.697701,0.458008,36100.0,1675116200.0,LECBLVU
6127695,38.118645,-2.676426,20000.0,1675117859.0,LECSYES
6127707,39.335751,0.509246,38000.0,1675116840.0,LECBLVU
6127708,40.281681,0.161713,32600.0,1675117395.0,LECBLVU
6127724,40.694603,0.448425,38000.0,1675116545.0,LECBLVU
6127728,38.041962,-2.778951,35000.0,1675117859.0,LECSYES
6127740,40.701859,0.348255,32800.0,1675116165.0,LECBLVU
6127748,39.525642,0.583234,36000.0,1675117125.0,LECBLVU
6127757,40.695011,0.497057,38000.0,1675116970.0,LECBLVU
6127815,40.01157,0.126625,38000.0,1675117855.0,LECBLVU
6127820,40.701786,0.365697,32600.0,1675116705.0,LECBLVU
6127826,39.744884,-1.074343,32900.0,1675117799.0,LECBLVU
6127832,40.444176,0.955746,36000.0,1675117210.0,LECBLVU
6127835,39.81683,-0.100483,37000.0,1675117855.0,LECBLVU
6127849,40.459,0.933071,36000.0,1675117670.0,LECBLVU
6127858,38.652782,-2.70947,34300.0,1675117809.0,LECSYES
6127906,39.450188,-0.358131,40000.0,1675117855.0,LECBLVU
6127907,39.555691,-0.920698,33000.0,1675117855.0,LECBLVU
6127936,38.941814,-2.831732,29400.0,1675117859.0,LECSYES
6127963,39.916321,0.607158,34100.0,1675117855.0,LECBLVU
