RTKey,Lat,Lon,Alt,Unixtime,Sector
6126842,41.632839,4.029811,38000.0,1675140676.0,LECBVNI
6127512,42.083927,4.395284,34000.0,1675140366.0,LECBVNI
6128774,41.0009,3.88224,34000.0,1675140941.0,LECBVNI
6128787,39.633713,2.957951,3600.0,1675140276.0,LECPL2W
6128801,41.580757,3.709845,38000.0,1675140996.0,LECBVNI
6128804,41.634563,4.041217,36000.0,1675140596.0,LECBVNI
6128807,39.651802,2.966582,3600.0,1675139256.0,LECPL2W
6128815,39.652035,2.968789,3600.0,1675139356.0,LECPL2W
6128827,41.632889,4.029769,36000.0,1675140696.0,LECBVNI
6128886,40.021149,3.209685,8500.0,1675139556.0,LECPL2W
6128898,40.364815,3.135204,35000.0,1675139376.0,LECBVNI
6128906,40.02203,3.207801,10400.0,1675139671.0,LECPL2W
6128911,39.6623,2.989249,3600.0,1675140156.0,LECPL2W
6128926,40.403252,2.998297,37000.0,1675139656.0,LECBVNI
6128945,39.67955,3.025006,3600.0,1675140786.0,LECPL2W
6128947,39.662792,2.989952,3600.0,1675140331.0,LECPL2W
6128964,39.654179,2.972576,3600.0,1675140451.0,LECPL2W
6128967,39.637379,3.065552,3200.0,1675140001.0,LECPL2W
6128981,39.65274,2.998134,3600.0,1675140636.0,LECPL2W
6129012,39.679111,3.634199,18900.0,1675139876.0,LECPL2W
6129019,39.402729,2.881122,12800.0,1675139646.0,LECPL2W
6129020,39.634151,3.04592,3500.0,1675140851.0,LECPL2W
6129022,39.663799,2.992761,3600.0,1675140726.0,LECPL2W
6129028,39.707367,3.141207,4100.0,1675140996.0,LECPL2W
6129029,40.35738,3.133796,31000.0,1675140396.0,LECBVNI
6129034,39.709057,3.173153,3600.0,1675140401.0,LECPL2W
6129066,39.895206,3.396846,9800.0,1675140996.0,LECPL2W
6129079,40.239891,3.552437,31100.0,1675140906.0,LECBVNI
6129087,40.498749,3.306749,18000.0,1675140696.0,LECPL2W
6129122,40.688492,3.518804,35000.0,1675140996.0,LECBVNI
6129132,40.976795,3.333902,36900.0,1675140996.0,LECBVNI
6129137,41.110565,3.169472,37000.0,1675140996.0,LECBVNI
6129159,41.210079,3.769563,31500.0,1675140996.0,LECBVNI
6129175,41.480885,3.831905,39000.0,1675140996.0,LECBVNI
6129191,41.844887,3.91291,37000.0,1675140996.0,LECBVNI
6129195,41.895329,3.984511,32300.0,1675140996.0,LECBVNI
6129208,42.063526,4.036746,35000.0,1675140996.0,LECBVNI
