RTKey,Lat,Lon,Alt,Unixtime,Sector
6126842,41.613079,3.908865,38000.0,1675140636.0,LECBVNI
6127512,42.083927,4.395284,34000.0,1675140366.0,LECBVNI
6128774,41.160664,2.976835,34000.0,1675140636.0,LECBVNI
6128787,39.633713,2.957951,3600.0,1675140276.0,LECPL2W
6128804,41.634563,4.041217,36000.0,1675140596.0,LECBVNI
6128807,39.651802,2.966582,3600.0,1675139256.0,LECPL2W
6128815,39.652035,2.968789,3600.0,1675139356.0,LECPL2W
6128827,41.602974,3.843292,36000.0,1675140636.0,LECBVNI
6128857,39.652054,2.967387,3600.0,1675139111.0,LECPL2W
6128861,40.358643,3.134093,35000.0,1675139146.0,LECBVNI
6128882,39.732185,3.636087,19300.0,1675139076.0,LECPL2W
6128886,40.021149,3.209685,8500.0,1675139556.0,LECPL2W
6128898,40.364815,3.135204,35000.0,1675139376.0,LECBVNI
6128906,40.02203,3.207801,10400.0,1675139671.0,LECPL2W
6128911,39.6623,2.989249,3600.0,1675140156.0,LECPL2W
6128926,40.403252,2.998297,37000.0,1675139656.0,LECBVNI
6128945,40.393166,3.015659,26200.0,1675139991.0,LECBVNI
6128947,39.662792,2.989952,3600.0,1675140331.0,LECPL2W
6128964,39.654179,2.972576,3600.0,1675140451.0,LECPL2W
6128967,39.637379,3.065552,3200.0,1675140001.0,LECPL2W
6129006,39.712391,3.406081,10300.0,1675140636.0,LECPL2W
6129012,39.679111,3.634199,18900.0,1675139876.0,LECPL2W
6129019,39.402729,2.881122,12800.0,1675139646.0,LECPL2W
6129020,39.508022,2.952236,6100.0,1675140636.0,LECPL2W
6129028,39.790031,3.551197,11400.0,1675140636.0,LECPL2W
6129029,40.35738,3.133796,31000.0,1675140396.0,LECBVNI
6129034,39.709057,3.173153,3600.0,1675140401.0,LECPL2W
6129066,40.426109,3.542383,21100.0,1675140636.0,LECPL2W
6129079,40.765682,3.667895,31100.0,1675140636.0,LECBVNI
6129087,40.439068,3.393194,18000.0,1675140636.0,LECPL2W
6129122,41.395741,3.833456,35000.0,1675140636.0,LECBVNI
6129132,41.619511,3.729585,37000.0,1675140636.0,LECBVNI
6129159,41.94492,3.954384,35100.0,1675140636.0,LECBVNI
6129175,42.157005,4.105665,39000.0,1675140636.0,LECBVNI
