RTKey	Lat	Lon	Alt	Unixtime	Sector
6125022.0	38.902512	-1.830688	26000.0	1675115850.0	LECSYES
6125022.0	38.95647	-1.865508	26000.0	1675115880.0	LECSYES
6125235.0	38.6764058	-2.286458	37000.0	1675115850.0	LECSYES
6125235.0	38.6515432	-2.3512698	37000.0	1675115880.0	LECSYES
6125235.0	38.6264384	-2.4163994	37000.0	1675115910.0	LECSYES
6125235.0	38.6014998	-2.4812914	37000.0	1675115940.0	LECSYES
6125235.0	38.5763536	-2.5465842	37000.0	1675115970.0	LECSYES
6125235.0	38.5511674	-2.6116446	37000.0	1675116000.0	LECSYES
6125235.0	38.526031200000006	-2.6767584	37000.0	1675116030.0	LECSYES
6125235.0	38.5007534	-2.741919	37000.0	1675116060.0	LECSYES
6125235.0	38.4753748	-2.806931	37000.0	1675116090.0	LECSYES
6125235.0	38.4501402	-2.8715856	37000.0	1675116120.0	LECSYES
6125235.0	38.4248036	-2.9365228	37000.0	1675116150.0	LECSYES
6125235.0	38.399413	-3.001293	37000.0	1675116180.0	LECSYES
6125235.0	38.373915	-3.065198	37000.0	1675116210.0	LECSYES
6125235.0	38.3471616	-3.1316572000000003	37000.0	1675116240.0	LECSYES
6125313.0	39.181263	-0.999318	41000.0	1675115850.0	LECBLVU
6125313.0	39.148655	-1.054323	41000.0	1675115880.0	LECBLVU
6125313.0	39.115885	-1.1092598	41000.0	1675115910.0	LECBLVU
6125313.0	39.082911200000005	-1.1640819999999998	41000.0	1675115940.0	LECBLVU
6125313.0	39.0494298	-1.2181716	41000.0	1675115970.0	LECBLVU
6125313.0	39.0135836	-1.2702662	41000.0	1675116000.0	LECBLVU
6125313.0	38.9783814	-1.3224896	41000.0	1675116030.0	LECSYES
6125313.0	38.9437084	-1.3753026	41000.0	1675116060.0	LECSYES
6125313.0	38.908938	-1.4280686	41000.0	1675116090.0	LECSYES
6125313.0	38.8741116	-1.4803694	41000.0	1675116120.0	LECSYES
6125313.0	38.8390196	-1.5328808	41000.0	1675116150.0	LECSYES
6125313.0	38.8039016	-1.5855272	41000.0	1675116180.0	LECSYES
6125313.0	38.7684872	-1.638239	41000.0	1675116210.0	LECSYES
6125313.0	38.7332106	-1.6907998	41000.0	1675116240.0	LECSYES
6125313.0	38.6979636	-1.7433988	41000.0	1675116270.0	LECSYES
6125313.0	38.6625378	-1.7959918	41000.0	1675116300.0	LECSYES
6125313.0	38.6273158	-1.8483548	41000.0	1675116330.0	LECSYES
6125313.0	38.5920444	-1.900663	41000.0	1675116360.0	LECSYES
6125313.0	38.5567038	-1.9529508	41000.0	1675116390.0	LECSYES
6125313.0	38.521363	-2.0052458	41000.0	1675116420.0	LECSYES
6125313.0	38.4859694	-2.0573966	41000.0	1675116450.0	LECSYES
6125313.0	38.4506564	-2.1094348	41000.0	1675116480.0	LECSYES
6125313.0	38.4155278	-2.1610222	41000.0	1675116510.0	LECSYES
6125313.0	38.38025	-2.212746	41000.0	1675116540.0	LECSYES
6125313.0	38.3449284	-2.264683	41000.0	1675116570.0	LECSYES
6125313.0	38.3093426	-2.3167998	41000.0	1675116600.0	LECSYES
6125313.0	38.2735258	-2.3688354	41000.0	1675116630.0	LECSYES
6125313.0	38.2377658	-2.421036	41000.0	1675116660.0	LECSYES
6125313.0	38.2019652	-2.4732736	41000.0	1675116690.0	LECSYES
6125313.0	38.1660336	-2.525468	41000.0	1675116720.0	LECSYES
6125313.0	38.129924800000005	-2.5777646	41000.0	1675116750.0	LECSYES
6125313.0	38.0937258	-2.6301804	41000.0	1675116780.0	LECSYES
6125313.0	38.0575704	-2.6823922	41000.0	1675116810.0	LECSYES
6125313.0	38.0216656	-2.734512	40580.0	1675116840.0	LECSYES
6125313.0	37.9854196	-2.786587	40080.0	1675116870.0	LECSYES
6125313.0	37.9491972	-2.8386298	39480.0	1675116900.0	LECSYES
6125313.0	37.9132442	-2.8904952	38780.0	1675116930.0	LECSYES
6125313.0	37.8769726	-2.9425094	37860.0	1675116960.0	LECSYES
6125313.0	37.8406106	-2.9943686	36860.0	1675116990.0	LECSYES
6125313.0	37.8042566	-3.0462706	35760.0	1675117020.0	LECSYES
6125313.0	37.76752875	-3.09876525	34750.0	1675117050.0	LECSYES
6125313.0	37.7299162	-3.152449	33520.0	1675117080.0	LECSYES
6125313.0	37.6925982	-3.20554	32420.0	1675117110.0	LECSYES
6125409.0	39.512196	-0.098272	39000.0	1675115850.0	LECBLVU
6125409.0	39.507317	-0.169545	39000.0	1675115880.0	LECBLVU
6125409.0	39.50246	-0.240831	39000.0	1675115910.0	LECBLVU
6125409.0	39.497631	-0.313055	39000.0	1675115940.0	LECBLVU
6125409.0	39.492512	-0.384962	39000.0	1675115970.0	LECBLVU
6125409.0	39.487671	-0.456671	39000.0	1675116000.0	LECBLVU
6125409.0	39.504234	-0.526105	39000.0	1675116030.0	LECBLVU
6125409.0	39.532261	-0.589578	39000.0	1675116060.0	LECBLVU
6125409.0	39.560436	-0.653215	39000.0	1675116090.0	LECBLVU
6125409.0	39.588524	-0.716922	38600.0	1675116120.0	LECBLVU
6125409.0	39.617275	-0.781564	37900.0	1675116150.0	LECBLVU
6125409.0	39.64529	-0.845568	36600.0	1675116180.0	LECBLVU
6125409.0	39.6739876	-0.9109804	35460.0	1675116210.0	LECBLVU
6125409.0	39.702865200000005	-0.9770266	35000.0	1675116240.0	LECBLVU
6125409.0	39.7319706	-1.0432764	35000.0	1675116270.0	LECBLVU
6125432.0	39.518551	-0.002914	37000.0	1675115850.0	LECBLVU
6125432.0	39.513371	-0.079557	37000.0	1675115880.0	LECBLVU
6125432.0	39.508205	-0.156297	37000.0	1675115910.0	LECBLVU
6125432.0	39.502895	-0.232571	37000.0	1675115940.0	LECBLVU
6125432.0	39.491783	-0.307545	37000.0	1675115970.0	LECBLVU
6125432.0	39.462845	-0.376923	37000.0	1675116000.0	LECBLVU
6125432.0	39.430355	-0.443536	37000.0	1675116030.0	LECBLVU
6125432.0	39.398209	-0.510032	37000.0	1675116060.0	LECBLVU
6125432.0	39.364014	-0.575168	37000.0	1675116090.0	LECBLVU
6125432.0	39.332226	-0.642625	37000.0	1675116120.0	LECBLVU
6125432.0	39.29974	-0.708714	37000.0	1675116150.0	LECBLVU
6125432.0	39.267365	-0.774875	37100.0	1675116180.0	LECBLVU
6125432.0	39.234818	-0.840992	37000.0	1675116210.0	LECBLVU
6125432.0	39.202393	-0.906687	37000.0	1675116240.0	LECBLVU
6125432.0	39.169689	-0.972657	37000.0	1675116270.0	LECBLVU
6125432.0	39.136646	-1.038834	37000.0	1675116300.0	LECBLVU
6125432.0	39.103771	-1.104677	37000.0	1675116330.0	LECBLVU
6125432.0	39.070824	-1.170521	37000.0	1675116360.0	LECBLVU
6125432.0	39.0379678	-1.2361944	37000.0	1675116390.0	LECBLVU
6125432.0	39.001948	-1.2997564	37000.0	1675116420.0	LECSYES
6125432.0	38.9645652	-1.3619428	37000.0	1675116450.0	LECSYES
6125432.0	38.9274092	-1.4243262	37000.0	1675116480.0	LECSYES
6125432.0	38.8903258	-1.4863392	37000.0	1675116510.0	LECSYES
6125432.0	38.8526964	-1.5488024	37000.0	1675116540.0	LECSYES
6125432.0	38.8150916	-1.6110605999999998	37000.0	1675116570.0	LECSYES
6125432.0	38.7770456	-1.6736152	37000.0	1675116600.0	LECSYES
6125432.0	38.7392432	-1.7360112	37000.0	1675116630.0	LECSYES
6125432.0	38.7013998	-1.7982984	37000.0	1675116660.0	LECSYES
6125432.0	38.6634052	-1.860594	37000.0	1675116690.0	LECSYES
6125432.0	38.6253104	-1.922844	37000.0	1675116720.0	LECSYES
6125432.0	38.5871508	-1.985088	37000.0	1675116750.0	LECSYES
6125432.0	38.5490932	-2.0473136	37000.0	1675116780.0	LECSYES
6125432.0	38.5109614	-2.1094616	37000.0	1675116810.0	LECSYES
6125432.0	38.4725236	-2.1718326	37000.0	1675116840.0	LECSYES
6125432.0	38.4341804	-2.2341518	37000.0	1675116870.0	LECSYES
6125432.0	38.3957584	-2.2964066	37000.0	1675116900.0	LECSYES
6125432.0	38.357276	-2.3585316	37000.0	1675116930.0	LECSYES
6125432.0	38.3136626	-2.4156472	37000.0	1675116960.0	LECSYES
6125432.0	38.2707524	-2.4735382	37000.0	1675116990.0	LECSYES
6125432.0	38.2278594	-2.5312934	37000.0	1675117020.0	LECSYES
6125432.0	38.184938	-2.5888106	37000.0	1675117050.0	LECSYES
6125432.0	38.1421184	-2.6459834	36580.0	1675117080.0	LECSYES
6125432.0	38.0990634	-2.7034292	36080.0	1675117110.0	LECSYES
6125432.0	38.055917	-2.7609352	35580.0	1675117140.0	LECSYES
6125432.0	38.012634000000006	-2.8186504	35080.0	1675117170.0	LECSYES
6125432.0	37.9691456	-2.876248	35000.0	1675117200.0	LECSYES
6125432.0	37.9256306	-2.9342142	35000.0	1675117230.0	LECSYES
6125432.0	37.8819062	-2.9919056	35000.0	1675117260.0	LECSYES
6125432.0	37.8368002	-3.0513324	35000.0	1675117290.0	LECSYES
6125432.0	37.7930632	-3.1087716000000003	35000.0	1675117320.0	LECSYES
6125432.0	37.7596936	-3.1725554	35000.0	1675117350.0	LECSYES
6125432.0	37.737194	-3.2459158	35000.0	1675117380.0	LECSYES
6125455.0	38.2968652	-2.0434416	36000.0	1675115850.0	LECSYES
6125455.0	38.3388948	-1.9756316	36000.0	1675115880.0	LECSYES
6125455.0	38.3809938	-1.9074986	36000.0	1675115910.0	LECSYES
6125455.0	38.4228384	-1.839725	36000.0	1675115940.0	LECSYES
6125455.0	38.464582	-1.771791	36000.0	1675115970.0	LECSYES
6125455.0	38.5062826	-1.7036802	36000.0	1675116000.0	LECSYES
6125455.0	38.5479556	-1.6354718	36000.0	1675116030.0	LECSYES
6125455.0	38.5896666	-1.5670048	36000.0	1675116060.0	LECSYES
6125455.0	38.6315128	-1.4982948	36000.0	1675116090.0	LECSYES
6125455.0	38.673653	-1.430372	36000.0	1675116120.0	LECSYES
6125455.0	38.715427	-1.361432	36000.0	1675116150.0	LECSYES
6125455.0	38.757217	-1.292412	36000.0	1675116180.0	LECBLVU
6125455.0	38.799015	-1.223163	36000.0	1675116210.0	LECBLVU
6125455.0	38.84103	-1.1535	36000.0	1675116240.0	LECBLVU
6125455.0	38.882706	-1.083936	36000.0	1675116270.0	LECBLVU
6125455.0	38.932377	-1.024689	36000.0	1675116300.0	LECBLVU
6125455.0	38.98785	-0.974795	36000.0	1675116330.0	LECBLVU
6125455.0	39.042934	-0.924963	36000.0	1675116360.0	LECBLVU
6125455.0	39.098011	-0.875139	36000.0	1675116390.0	LECBLVU
6125455.0	39.153484	-0.825142	36000.0	1675116420.0	LECBLVU
6125455.0	39.208923	-0.77584	36000.0	1675116450.0	LECBLVU
6125455.0	39.264561	-0.727517	36000.0	1675116480.0	LECBLVU
6125455.0	39.319916	-0.678854	36000.0	1675116510.0	LECBLVU
6125455.0	39.374851	-0.629933	36000.0	1675116540.0	LECBLVU
6125455.0	39.428295	-0.582252	36000.0	1675116570.0	LECBLVU
6125455.0	39.485535	-0.531646	36000.0	1675116600.0	LECBLVU
6125455.0	39.540287	-0.482879	36000.0	1675116630.0	LECBLVU
6125455.0	39.59494	-0.433819	36000.0	1675116660.0	LECBLVU
6125455.0	39.649796	-0.384234	36000.0	1675116690.0	LECBLVU
6125455.0	39.705097	-0.334603	36000.0	1675116720.0	LECBLVU
6125455.0	39.759613	-0.285699	36000.0	1675116750.0	LECBLVU
6125455.0	39.814232	-0.236354	36000.0	1675116780.0	LECBLVU
6125455.0	39.868999	-0.186912	36000.0	1675116810.0	LECBLVU
6125455.0	39.92408	-0.136923	35700.0	1675116840.0	LECBLVU
6125455.0	39.979176	-0.086769	35200.0	1675116870.0	LECBLVU
6125455.0	40.034054	-0.036379	34700.0	1675116900.0	LECBLVU
6125455.0	40.089069	0.01374	34300.0	1675116930.0	LECBLVU
6125455.0	40.144688	0.064515	33800.0	1675116960.0	LECBLVU
6125455.0	40.200771	0.115886	33300.0	1675116990.0	LECBLVU
6125455.0	40.26199	0.152872	32800.0	1675117020.0	LECBLVU
6125476.0	38.161733	-2.6186114	29000.0	1675115850.0	LECSYES
6125476.0	38.123614	-2.6695742	29000.0	1675115880.0	LECSYES
6125476.0	38.0851684	-2.7207982	29000.0	1675115910.0	LECSYES
6125476.0	38.0469786	-2.7716064	29000.0	1675115940.0	LECSYES
6125476.0	38.008743	-2.8224292	29000.0	1675115970.0	LECSYES
6125476.0	37.9707102	-2.8728058	29000.0	1675116000.0	LECSYES
6125476.0	37.9324544	-2.9234352	29000.0	1675116030.0	LECSYES
6125476.0	37.8941318	-2.9741524	29000.0	1675116060.0	LECSYES
6125476.0	37.8558098	-3.0248642	29000.0	1675116090.0	LECSYES
6125476.0	37.8173672	-3.0754972	29000.0	1675116120.0	LECSYES
6125504.0	38.0732556	-1.9783978	38000.0	1675115850.0	LECSYES
6125504.0	38.124008	-1.924062	38000.0	1675115880.0	LECSYES
6125504.0	38.1772912	-1.8737408	38000.0	1675115910.0	LECSYES
6125504.0	38.2308276	-1.824589	38000.0	1675115940.0	LECSYES
6125504.0	38.2837494	-1.7740612	38000.0	1675115970.0	LECSYES
6125504.0	38.3363956	-1.7228530000000002	38000.0	1675116000.0	LECSYES
6125504.0	38.3891888	-1.671681	38000.0	1675116030.0	LECSYES
6125504.0	38.4420442	-1.620547	38000.0	1675116060.0	LECSYES
6125504.0	38.4950074	-1.5690188	38000.0	1675116090.0	LECSYES
6125504.0	38.5478866	-1.5175524	38000.0	1675116120.0	LECSYES
6125504.0	38.60117	-1.4655326	38000.0	1675116150.0	LECSYES
6125504.0	38.653656	-1.414652	38000.0	1675116180.0	LECSYES
6125504.0	38.706585	-1.362965	38000.0	1675116210.0	LECSYES
6125504.0	38.753681	-1.300768	38000.0	1675116240.0	LECBLVU
6125504.0	38.795532	-1.232467	38000.0	1675116270.0	LECBLVU
6125504.0	38.835949	-1.162226	38000.0	1675116300.0	LECBLVU
6125504.0	38.877148	-1.092315	38000.0	1675116330.0	LECBLVU
6125504.0	38.918674	-1.023189	38000.0	1675116360.0	LECBLVU
6125504.0	38.960392	-0.954117	38000.0	1675116390.0	LECBLVU
6125504.0	39.001839	-0.884785	38000.0	1675116420.0	LECBLVU
6125504.0	39.043434	-0.815035	38000.0	1675116450.0	LECBLVU
6125504.0	39.089092	-0.75131	38000.0	1675116480.0	LECBLVU
6125504.0	39.140488	-0.695478	38000.0	1675116510.0	LECBLVU
6125504.0	39.192467	-0.641211	38000.0	1675116540.0	LECBLVU
6125504.0	39.244125	-0.586405	38000.0	1675116570.0	LECBLVU
6125504.0	39.295338	-0.530822	38000.0	1675116600.0	LECBLVU
6125504.0	39.348747	-0.479401	38000.0	1675116630.0	LECBLVU
6125504.0	39.402752	-0.428992	38000.0	1675116660.0	LECBLVU
6125504.0	39.456062	-0.376489	38000.0	1675116690.0	LECBLVU
6125504.0	39.509163	-0.324161	38000.0	1675116720.0	LECBLVU
6125504.0	39.562794	-0.271572	38000.0	1675116750.0	LECBLVU
6125504.0	39.615963	-0.21913	38000.0	1675116780.0	LECBLVU
6125504.0	39.669441	-0.166529	38000.0	1675116810.0	LECBLVU
6125504.0	39.723083	-0.114002	38000.0	1675116840.0	LECBLVU
6125504.0	39.776413	-0.061475	38000.0	1675116870.0	LECBLVU
6125504.0	39.829605	-0.00865	38000.0	1675116900.0	LECBLVU
6125504.0	39.877876	0.053454	38000.0	1675116930.0	LECBLVU
6125504.0	39.923298	0.119328	38000.0	1675116960.0	LECBLVU
6125504.0	39.969349	0.184845	38000.0	1675116990.0	LECBLVU
6125504.0	40.015804	0.24977	38000.0	1675117020.0	LECBLVU
6125504.0	40.062809	0.314667	38000.0	1675117050.0	LECBLVU
6125504.0	40.109421	0.379483	38000.0	1675117080.0	LECBLVU
6125504.0	40.155769	0.444585	38000.0	1675117110.0	LECBLVU
6125504.0	40.202194	0.509621	38000.0	1675117140.0	LECBLVU
6125504.0	40.248753	0.575135	38000.0	1675117170.0	LECBLVU
6125504.0	40.294975	0.640567	38000.0	1675117200.0	LECBLVU
6125504.0	40.34119	0.706195	38000.0	1675117230.0	LECBLVU
6125504.0	40.387722	0.772215	38000.0	1675117260.0	LECBLVU
6125504.0	40.434132	0.838216	38000.0	1675117290.0	LECBLVU
6127654.0	40.162868	-0.220199	39000.0	1675115850.0	LECBLVU
6127654.0	40.105312	-0.24274	39000.0	1675115880.0	LECBLVU
6127654.0	40.047855	-0.265268	39000.0	1675115910.0	LECBLVU
6127654.0	39.990322	-0.287822	39000.0	1675115940.0	LECBLVU
6127654.0	39.932804	-0.310254	39000.0	1675115970.0	LECBLVU
6127654.0	39.875278	-0.332584	39000.0	1675116000.0	LECBLVU
6127654.0	39.817501	-0.355066	39000.0	1675116030.0	LECBLVU
6127654.0	39.759968	-0.377389	39000.0	1675116060.0	LECBLVU
6127654.0	39.702446	-0.399675	39000.0	1675116090.0	LECBLVU
6127654.0	39.645271	-0.421782	39000.0	1675116120.0	LECBLVU
6127654.0	39.587051	-0.44439	39000.0	1675116150.0	LECBLVU
6127654.0	39.529613	-0.466571	39000.0	1675116180.0	LECBLVU
6127654.0	39.478733	-0.503427	39000.0	1675116210.0	LECBLVU
6127654.0	39.441685	-0.558887	39000.0	1675116240.0	LECBLVU
6127654.0	39.407524	-0.616643	39000.0	1675116270.0	LECBLVU
6127654.0	39.372875	-0.67519	39000.0	1675116300.0	LECBLVU
6127654.0	39.338379	-0.733641	39000.0	1675116330.0	LECBLVU
6127654.0	39.304123	-0.79202	39000.0	1675116360.0	LECBLVU
6127654.0	39.269878	-0.85	39000.0	1675116390.0	LECBLVU
6127654.0	39.235565	-0.908159	39000.0	1675116420.0	LECBLVU
6127654.0	39.201191	-0.966259	39000.0	1675116450.0	LECBLVU
6127654.0	39.166805	-1.024282	39000.0	1675116480.0	LECBLVU
6127654.0	39.132309	-1.082223	39000.0	1675116510.0	LECBLVU
6127654.0	39.0977144	-1.1400812	39000.0	1675116540.0	LECBLVU
6127654.0	39.0631032	-1.198067	39000.0	1675116570.0	LECBLVU
6127654.0	39.0284212	-1.2561898	39000.0	1675116600.0	LECBLVU
6127654.0	38.9934418	-1.3144784	39000.0	1675116630.0	LECSYES
6127654.0	38.958598	-1.3724164	39000.0	1675116660.0	LECSYES
6127654.0	38.9237802	-1.4303368	39000.0	1675116690.0	LECSYES
6127654.0	38.8891066	-1.487883	39000.0	1675116720.0	LECSYES
6127654.0	38.8542586	-1.5456068	39000.0	1675116750.0	LECSYES
6127654.0	38.819364	-1.6032368	39000.0	1675116780.0	LECSYES
6127654.0	38.7845006	-1.6609098	39000.0	1675116810.0	LECSYES
6127654.0	38.7493776	-1.7187892	39000.0	1675116840.0	LECSYES
6127654.0	38.7143458	-1.776541	39000.0	1675116870.0	LECSYES
6127654.0	38.6789842	-1.8343968	39000.0	1675116900.0	LECSYES
6127654.0	38.6437778	-1.892194	39000.0	1675116930.0	LECSYES
6127654.0	38.608552800000005	-1.949797	39000.0	1675116960.0	LECSYES
6127654.0	38.5731532	-2.0075502	39000.0	1675116990.0	LECSYES
6127654.0	38.5379734	-2.0650684	39000.0	1675117020.0	LECSYES
6127654.0	38.5028468	-2.1224372	39000.0	1675117050.0	LECSYES
6127654.0	38.4677274	-2.1795008	39000.0	1675117080.0	LECSYES
6127654.0	38.4321634	-2.2371862	39000.0	1675117110.0	LECSYES
6127654.0	38.3964838	-2.2947706	39000.0	1675117140.0	LECSYES
6127654.0	38.3602984	-2.3521582000000003	39000.0	1675117170.0	LECSYES
6127654.0	38.3215	-2.40621	39000.0	1675117200.0	LECSYES
6127654.0	38.2816212	-2.459308	39000.0	1675117230.0	LECSYES
6127654.0	38.2417426	-2.5125624	39000.0	1675117260.0	LECSYES
6127654.0	38.2019608	-2.5658108	38860.0	1675117290.0	LECSYES
6127654.0	38.16235	-2.6188148	37640.0	1675117320.0	LECSYES
6127654.0	38.1227334	-2.6716878	36240.0	1675117350.0	LECSYES
6127654.0	38.0829286	-2.7245462000000003	34760.0	1675117380.0	LECSYES
6127654.0	38.0430816	-2.777524	33340.0	1675117410.0	LECSYES
6127654.0	38.0027544	-2.8311738	31860.0	1675117440.0	LECSYES
6127654.0	37.9619404	-2.8852552	30460.0	1675117470.0	LECSYES
6127654.0	37.9206946	-2.9401084	29040.0	1675117500.0	LECSYES
6127654.0	37.877615000000006	-2.9969154	27620.0	1675117530.0	LECSYES
6127654.0	37.837039	-3.0502556	26220.0	1675117560.0	LECSYES
6127654.0	37.7982942	-3.1011282	24960.0	1675117590.0	LECSYES
6127668.0	39.211182	0.473785	37000.0	1675115880.0	LECBLVU
6127668.0	39.232677	0.400113	37000.0	1675115910.0	LECBLVU
6127668.0	39.254059	0.326463	37000.0	1675115940.0	LECBLVU
6127668.0	39.27544	0.252552	37000.0	1675115970.0	LECBLVU
6127668.0	39.29681	0.17864	37000.0	1675116000.0	LECBLVU
6127668.0	39.318211	0.10436	37000.0	1675116030.0	LECBLVU
6127668.0	39.339485	0.030466	37000.0	1675116060.0	LECBLVU
6127668.0	39.360714	-0.043429	37000.0	1675116090.0	LECBLVU
6127668.0	39.381794	-0.117345	37000.0	1675116120.0	LECBLVU
6127668.0	39.402802	-0.19081	37000.0	1675116150.0	LECBLVU
6127668.0	39.42371	-0.264316	37000.0	1675116180.0	LECBLVU
6127668.0	39.444775	-0.339076	37000.0	1675116210.0	LECBLVU
6127668.0	39.465534	-0.412862	37000.0	1675116240.0	LECBLVU
6127668.0	39.48951	-0.485155	37000.0	1675116270.0	LECBLVU
6127668.0	39.518135	-0.555743	37000.0	1675116300.0	LECBLVU
6127668.0	39.548336	-0.625116	37000.0	1675116330.0	LECBLVU
6127668.0	39.578552	-0.694421	37000.0	1675116360.0	LECBLVU
6127668.0	39.609238	-0.763843	37000.0	1675116390.0	LECBLVU
6127668.0	39.6396684	-0.8320732	37000.0	1675116420.0	LECBLVU
6127668.0	39.670063	-0.901373	37000.0	1675116450.0	LECBLVU
6127668.0	39.7003314	-0.9705764	37000.0	1675116480.0	LECBLVU
6127668.0	39.73077	-1.0401092	37000.0	1675116510.0	LECBLVU
6127673.0	39.991554	0.230181	34000.0	1675115850.0	LECBLVU
6127673.0	40.051304	0.252507	34000.0	1675115880.0	LECBLVU
6127673.0	40.11071	0.27481	34000.0	1675115910.0	LECBLVU
6127673.0	40.170197	0.297151	34000.0	1675115940.0	LECBLVU
6127673.0	40.229694	0.319595	34000.0	1675115970.0	LECBLVU
6127673.0	40.289124	0.342121	34000.0	1675116000.0	LECBLVU
6127673.0	40.348827	0.364857	34000.0	1675116030.0	LECBLVU
6127673.0	40.408291	0.387264	34100.0	1675116060.0	LECBLVU
6127673.0	40.469975	0.400905	34500.0	1675116090.0	LECBLVU
6127673.0	40.5317	0.416122	35000.0	1675116120.0	LECBLVU
6127673.0	40.594055	0.431709	35500.0	1675116150.0	LECBLVU
6127673.0	40.656158	0.447502	36000.0	1675116180.0	LECBLVU
6127695.0	37.8037158	-3.093536	20000.0	1675117500.0	LECSYES
6127695.0	37.8308274	-3.0578194	20000.0	1675117530.0	LECSYES
6127695.0	37.8570236	-3.0232104	20040.0	1675117560.0	LECSYES
6127695.0	37.8827792	-2.9892104	20000.0	1675117590.0	LECSYES
6127695.0	37.9091124	-2.9544324	20000.0	1675117620.0	LECSYES
6127695.0	37.9353494	-2.9197624	20000.0	1675117650.0	LECSYES
6127695.0	37.9616544	-2.8849128	20000.0	1675117680.0	LECSYES
6127695.0	37.9881056	-2.8498544	20000.0	1675117710.0	LECSYES
6127695.0	38.0143688	-2.8149668	20000.0	1675117740.0	LECSYES
6127695.0	38.0405878	-2.780093	20000.0	1675117770.0	LECSYES
6127695.0	38.0668988	-2.745198	20000.0	1675117800.0	LECSYES
6127695.0	38.093279	-2.710169	20000.0	1675117830.0	LECSYES
6127707.0	39.627644	-1.046922	38000.0	1675116300.0	LECBLVU
6127707.0	39.610779	-0.960213	38000.0	1675116330.0	LECBLVU
6127707.0	39.593742	-0.873714	38000.0	1675116360.0	LECBLVU
6127707.0	39.576847	-0.787111	38000.0	1675116390.0	LECBLVU
6127707.0	39.560143	-0.700965	38000.0	1675116420.0	LECBLVU
6127707.0	39.542755	-0.614218	38000.0	1675116450.0	LECBLVU
6127707.0	39.525246	-0.527877	38000.0	1675116480.0	LECBLVU
6127707.0	39.507851	-0.441605	38000.0	1675116510.0	LECBLVU
6127707.0	39.490833	-0.355256	38000.0	1675116540.0	LECBLVU
6127707.0	39.4739	-0.268864	38000.0	1675116570.0	LECBLVU
6127707.0	39.456673	-0.182057	38000.0	1675116600.0	LECBLVU
6127707.0	39.439175	-0.095718	38000.0	1675116630.0	LECBLVU
6127707.0	39.421539	-0.010087	38000.0	1675116660.0	LECBLVU
6127707.0	39.404015	0.07595	38000.0	1675116690.0	LECBLVU
6127707.0	39.38657	0.16147	38000.0	1675116720.0	LECBLVU
6127707.0	39.36908	0.246948	38000.0	1675116750.0	LECBLVU
6127707.0	39.351608	0.332425	38000.0	1675116780.0	LECBLVU
6127707.0	39.340233	0.42024	38000.0	1675116810.0	LECBLVU
6127707.0	39.335751	0.509246	38000.0	1675116840.0	LECBLVU
6127708.0	38.530926	-1.140023	38000.0	1675116450.0	LECBLVU
6127708.0	38.587921	-1.100999	38000.0	1675116480.0	LECBLVU
6127708.0	38.645	-1.062108	38000.0	1675116510.0	LECBLVU
6127708.0	38.702099	-1.023136	38000.0	1675116540.0	LECBLVU
6127708.0	38.759285	-0.984211	38000.0	1675116570.0	LECBLVU
6127708.0	38.816525	-0.945376	38000.0	1675116600.0	LECBLVU
6127708.0	38.873684	-0.906328	38000.0	1675116630.0	LECBLVU
6127708.0	38.930832	-0.867196	38000.0	1675116660.0	LECBLVU
6127708.0	38.988525	-0.827655	38000.0	1675116690.0	LECBLVU
6127708.0	39.045429	-0.788478	38000.0	1675116720.0	LECBLVU
6127708.0	39.102066	-0.749466	38000.0	1675116750.0	LECBLVU
6127708.0	39.158745	-0.710201	38000.0	1675116780.0	LECBLVU
6127708.0	39.215378	-0.670916	38000.0	1675116810.0	LECBLVU
6127708.0	39.272011	-0.631569	38000.0	1675116840.0	LECBLVU
6127708.0	39.328602	-0.592158	38000.0	1675116870.0	LECBLVU
6127708.0	39.385761	-0.552527	38000.0	1675116900.0	LECBLVU
6127708.0	39.442806	-0.513066	38000.0	1675116930.0	LECBLVU
6127708.0	39.49894	-0.472078	38000.0	1675116960.0	LECBLVU
6127708.0	39.553928	-0.426105	38000.0	1675116990.0	LECBLVU
6127708.0	39.609013	-0.380387	38000.0	1675117020.0	LECBLVU
6127708.0	39.664585	-0.334177	38000.0	1675117050.0	LECBLVU
6127708.0	39.719749	-0.288014	38000.0	1675117080.0	LECBLVU
6127708.0	39.773987	-0.242624	38000.0	1675117110.0	LECBLVU
6127708.0	39.82888	-0.19668	38000.0	1675117140.0	LECBLVU
6127708.0	39.883942	-0.150559	38000.0	1675117170.0	LECBLVU
6127708.0	39.938515	-0.104443	38000.0	1675117200.0	LECBLVU
6127708.0	39.992729	-0.058768	37600.0	1675117230.0	LECBLVU
6127708.0	40.045902	-0.013764	36600.0	1675117260.0	LECBLVU
6127708.0	40.098267	0.030628	35800.0	1675117290.0	LECBLVU
6127708.0	40.149689	0.07432	34900.0	1675117320.0	LECBLVU
6127708.0	40.200638	0.117541	34000.0	1675117350.0	LECBLVU
6127708.0	40.253967	0.151364	33000.0	1675117380.0	LECBLVU
6127724.0	39.869198	0.240516	32800.0	1675116150.0	LECBLVU
6127724.0	39.93343	0.256272	33300.0	1675116180.0	LECBLVU
6127724.0	39.997505	0.272016	33800.0	1675116210.0	LECBLVU
6127724.0	40.06068	0.287801	34000.0	1675116240.0	LECBLVU
6127724.0	40.123852	0.303896	34000.0	1675116270.0	LECBLVU
6127724.0	40.187519	0.320057	34700.0	1675116300.0	LECBLVU
6127724.0	40.249916	0.335786	35400.0	1675116330.0	LECBLVU
6127724.0	40.312073	0.351458	35900.0	1675116360.0	LECBLVU
6127724.0	40.374146	0.367093	36400.0	1675116390.0	LECBLVU
6127724.0	40.43618	0.382845	36900.0	1675116420.0	LECBLVU
6127724.0	40.498043	0.398582	37300.0	1675116450.0	LECBLVU
6127724.0	40.559971	0.414238	37700.0	1675116480.0	LECBLVU
6127724.0	40.621925	0.429921	38000.0	1675116510.0	LECBLVU
6127724.0	40.684113	0.445761	38000.0	1675116540.0	LECBLVU
6127728.0	40.312798	0.692681	33200.0	1675116000.0	LECBLVU
6127728.0	40.27483	0.637578	34000.0	1675116030.0	LECBLVU
6127728.0	40.237122	0.582991	34700.0	1675116060.0	LECBLVU
6127728.0	40.199993	0.528806	35000.0	1675116090.0	LECBLVU
6127728.0	40.165222	0.472305	35000.0	1675116120.0	LECBLVU
6127728.0	40.130024	0.415671	35000.0	1675116150.0	LECBLVU
6127728.0	40.094185	0.359493	35000.0	1675116180.0	LECBLVU
6127728.0	40.057915	0.303336	35000.0	1675116210.0	LECBLVU
6127728.0	40.021137	0.247353	35000.0	1675116240.0	LECBLVU
6127728.0	39.984665	0.191121	35000.0	1675116270.0	LECBLVU
6127728.0	39.948059	0.134495	35000.0	1675116300.0	LECBLVU
6127728.0	39.911594	0.077926	35000.0	1675116330.0	LECBLVU
6127728.0	39.874981	0.021095	35000.0	1675116360.0	LECBLVU
6127728.0	39.838211	-0.035523	35000.0	1675116390.0	LECBLVU
6127728.0	39.801544	-0.09191	35000.0	1675116420.0	LECBLVU
6127728.0	39.764805	-0.148345	35000.0	1675116450.0	LECBLVU
6127728.0	39.728153	-0.204441	35000.0	1675116480.0	LECBLVU
6127728.0	39.691223	-0.26084	35000.0	1675116510.0	LECBLVU
6127728.0	39.654316	-0.317224	35000.0	1675116540.0	LECBLVU
6127728.0	39.617279	-0.373502	35000.0	1675116570.0	LECBLVU
6127728.0	39.579926	-0.430338	35000.0	1675116600.0	LECBLVU
6127728.0	39.543003	-0.486543	35000.0	1675116630.0	LECBLVU
6127728.0	39.506157	-0.542605	35000.0	1675116660.0	LECBLVU
6127728.0	39.468994	-0.598837	35000.0	1675116690.0	LECBLVU
6127728.0	39.431931	-0.654604	35000.0	1675116720.0	LECBLVU
6127728.0	39.394531	-0.710583	35000.0	1675116750.0	LECBLVU
6127728.0	39.357414	-0.766295	35000.0	1675116780.0	LECBLVU
6127728.0	39.320454	-0.821847	35000.0	1675116810.0	LECBLVU
6127728.0	39.283573	-0.87715	35000.0	1675116840.0	LECBLVU
6127728.0	39.246578	-0.932628	35000.0	1675116870.0	LECBLVU
6127728.0	39.209576	-0.987941	35000.0	1675116900.0	LECBLVU
6127728.0	39.17245	-1.0425612	35000.0	1675116930.0	LECBLVU
6127728.0	39.1355266	-1.0975894	35000.0	1675116960.0	LECBLVU
6127728.0	39.0985926	-1.1525744	35000.0	1675116990.0	LECBLVU
6127728.0	39.061532	-1.2075642	35000.0	1675117020.0	LECBLVU
6127728.0	39.0243522	-1.2625746	35000.0	1675117050.0	LECBLVU
6127728.0	38.9897486	-1.320504	35000.0	1675117080.0	LECSYES
6127728.0	38.9548692	-1.3784463999999998	35000.0	1675117110.0	LECSYES
6127728.0	38.9201242	-1.4360788	35000.0	1675117140.0	LECSYES
6127728.0	38.8855508	-1.4934938	35000.0	1675117170.0	LECSYES
6127728.0	38.8507304	-1.5511424	35000.0	1675117200.0	LECSYES
6127728.0	38.8159032	-1.608882	35000.0	1675117230.0	LECSYES
6127728.0	38.7810706	-1.6665126	35000.0	1675117260.0	LECSYES
6127728.0	38.746214	-1.7240992	35000.0	1675117290.0	LECSYES
6127728.0	38.711199	-1.7816836	35000.0	1675117320.0	LECSYES
6127728.0	38.6760074	-1.839372	35000.0	1675117350.0	LECSYES
6127728.0	38.6408858	-1.8968024	35000.0	1675117380.0	LECSYES
6127728.0	38.605643	-1.954393	35000.0	1675117410.0	LECSYES
6127728.0	38.5704484	-2.0118552000000003	35000.0	1675117440.0	LECSYES
6127728.0	38.5353486	-2.0692466	35000.0	1675117470.0	LECSYES
6127728.0	38.500165	-2.1266044	35000.0	1675117500.0	LECSYES
6127728.0	38.4650992	-2.1837216	35000.0	1675117530.0	LECSYES
6127728.0	38.4295346	-2.2414442	35000.0	1675117560.0	LECSYES
6127728.0	38.393733	-2.2993694	35000.0	1675117590.0	LECSYES
6127728.0	38.3580422	-2.3565526	35000.0	1675117620.0	LECSYES
6127728.0	38.318108200000005	-2.4095358	35000.0	1675117650.0	LECSYES
6127728.0	38.2785682	-2.4628686	35000.0	1675117680.0	LECSYES
6127728.0	38.2388622	-2.516069	35000.0	1675117710.0	LECSYES
6127728.0	38.1993076	-2.5691266	35000.0	1675117740.0	LECSYES
6127728.0	38.159611	-2.6220032	35000.0	1675117770.0	LECSYES
6127728.0	38.119900400000006	-2.6749564	35000.0	1675117800.0	LECSYES
6127728.0	38.0802444	-2.7279402	35000.0	1675117830.0	LECSYES
6127740.0	40.671341	0.338943	32600.0	1675116150.0	LECBLVU
6127748.0	39.600399	-1.041036	34000.0	1675116570.0	LECBLVU
6127748.0	39.590752	-0.954263	34000.0	1675116600.0	LECBLVU
6127748.0	39.583282	-0.867171	34000.0	1675116630.0	LECBLVU
6127748.0	39.575924	-0.77954	34000.0	1675116660.0	LECBLVU
6127748.0	39.568485	-0.691882	34000.0	1675116690.0	LECBLVU
6127748.0	39.563072	-0.604577	34000.0	1675116720.0	LECBLVU
6127748.0	39.553051	-0.516655	34000.0	1675116750.0	LECBLVU
6127748.0	39.545845	-0.429255	34000.0	1675116780.0	LECBLVU
6127748.0	39.545364	-0.34155	34000.0	1675116810.0	LECBLVU
6127748.0	39.54369	-0.253368	34000.0	1675116840.0	LECBLVU
6127748.0	39.541874	-0.165813	34300.0	1675116870.0	LECBLVU
6127748.0	39.540062	-0.07807	34800.0	1675116900.0	LECBLVU
6127748.0	39.53833	0.009172	35300.0	1675116930.0	LECBLVU
6127748.0	39.536545	0.096389	35600.0	1675116960.0	LECBLVU
6127748.0	39.53474	0.184442	35900.0	1675116990.0	LECBLVU
6127748.0	39.532772	0.273288	36000.0	1675117020.0	LECBLVU
6127748.0	39.530773	0.362367	36000.0	1675117050.0	LECBLVU
6127748.0	39.528816	0.450557	36000.0	1675117080.0	LECBLVU
6127748.0	39.526745	0.539045	36000.0	1675117110.0	LECBLVU
6127757.0	39.016678	-0.010034	32500.0	1675116150.0	LECBLVU
6127757.0	39.079311	-0.009621	33000.0	1675116180.0	LECBLVU
6127757.0	39.142673	-0.009329	33600.0	1675116210.0	LECBLVU
6127757.0	39.206455	-0.008915	34200.0	1675116240.0	LECBLVU
6127757.0	39.269825	-0.008	34900.0	1675116270.0	LECBLVU
6127757.0	39.333244	-0.00513	35600.0	1675116300.0	LECBLVU
6127757.0	39.395451	0.009074	36200.0	1675116330.0	LECBLVU
6127757.0	39.457203	0.031509	36700.0	1675116360.0	LECBLVU
6127757.0	39.5187	0.053965	37200.0	1675116390.0	LECBLVU
6127757.0	39.580276	0.076481	37600.0	1675116420.0	LECBLVU
6127757.0	39.641579	0.099018	38000.0	1675116450.0	LECBLVU
6127757.0	39.702763	0.121791	38000.0	1675116480.0	LECBLVU
6127757.0	39.763874	0.144712	38000.0	1675116510.0	LECBLVU
6127757.0	39.824596	0.167549	38000.0	1675116540.0	LECBLVU
6127757.0	39.885384	0.190425	38000.0	1675116570.0	LECBLVU
6127757.0	39.946125	0.213059	38000.0	1675116600.0	LECBLVU
6127757.0	40.006832	0.235733	38000.0	1675116630.0	LECBLVU
6127757.0	40.067799	0.25855	38000.0	1675116660.0	LECBLVU
6127757.0	40.128376	0.281457	38000.0	1675116690.0	LECBLVU
6127757.0	40.188984	0.304337	38000.0	1675116720.0	LECBLVU
6127757.0	40.249535	0.327237	38000.0	1675116750.0	LECBLVU
6127757.0	40.310181	0.350153	38000.0	1675116780.0	LECBLVU
6127757.0	40.370804	0.373196	38000.0	1675116810.0	LECBLVU
6127757.0	40.431438	0.39628	38000.0	1675116840.0	LECBLVU
6127757.0	40.492134	0.419426	38000.0	1675116870.0	LECBLVU
6127757.0	40.552822	0.442634	38000.0	1675116900.0	LECBLVU
6127757.0	40.61359	0.465882	38000.0	1675116930.0	LECBLVU
6127757.0	40.674503	0.48917	38000.0	1675116960.0	LECBLVU
6127815.0	38.560921	-1.119611	38000.0	1675117050.0	LECBLVU
6127815.0	38.618286	-1.08078	38000.0	1675117080.0	LECBLVU
6127815.0	38.675255	-1.042109	38000.0	1675117110.0	LECBLVU
6127815.0	38.732159	-1.003397	38000.0	1675117140.0	LECBLVU
6127815.0	38.788986	-0.964642	38000.0	1675117170.0	LECBLVU
6127815.0	38.845734	-0.925825	38000.0	1675117200.0	LECBLVU
6127815.0	38.902466	-0.887011	38000.0	1675117230.0	LECBLVU
6127815.0	38.959019	-0.847981	38000.0	1675117260.0	LECBLVU
6127815.0	39.015949	-0.808751	38000.0	1675117290.0	LECBLVU
6127815.0	39.071068	-0.766411	38000.0	1675117320.0	LECBLVU
6127815.0	39.122334	-0.714905	38000.0	1675117350.0	LECBLVU
6127815.0	39.172791	-0.661332	38000.0	1675117380.0	LECBLVU
6127815.0	39.223431	-0.607367	38000.0	1675117410.0	LECBLVU
6127815.0	39.273808	-0.553425	38000.0	1675117440.0	LECBLVU
6127815.0	39.325439	-0.50238	38000.0	1675117470.0	LECBLVU
6127815.0	39.378704	-0.451858	38000.0	1675117500.0	LECBLVU
6127815.0	39.430954	-0.400807	38000.0	1675117530.0	LECBLVU
6127815.0	39.483067	-0.349549	38000.0	1675117560.0	LECBLVU
6127815.0	39.535309	-0.298239	38000.0	1675117590.0	LECBLVU
6127815.0	39.587624	-0.246984	38000.0	1675117620.0	LECBLVU
6127815.0	39.640308	-0.195078	38000.0	1675117650.0	LECBLVU
6127815.0	39.693287	-0.143208	38000.0	1675117680.0	LECBLVU
6127815.0	39.745735	-0.091746	38000.0	1675117710.0	LECBLVU
6127815.0	39.798145	-0.040056	38000.0	1675117740.0	LECBLVU
6127815.0	39.852299	0.008241	38000.0	1675117770.0	LECBLVU
6127815.0	39.908436	0.050125	38000.0	1675117800.0	LECBLVU
6127815.0	39.964653	0.091793	38000.0	1675117830.0	LECBLVU
6127826.0	39.222527	0.433045	34900.0	1675117140.0	LECBLVU
6127826.0	39.242935	0.362795	34900.0	1675117170.0	LECBLVU
6127826.0	39.263222	0.292591	34900.0	1675117200.0	LECBLVU
6127826.0	39.283512	0.222411	34900.0	1675117230.0	LECBLVU
6127826.0	39.303761	0.152191	34900.0	1675117260.0	LECBLVU
6127826.0	39.323952	0.081953	34900.0	1675117290.0	LECBLVU
6127826.0	39.344181	0.011695	34900.0	1675117320.0	LECBLVU
6127826.0	39.364536	-0.05852	34900.0	1675117350.0	LECBLVU
6127826.0	39.384666	-0.1289	34900.0	1675117380.0	LECBLVU
6127826.0	39.404602	-0.199275	34900.0	1675117410.0	LECBLVU
6127826.0	39.424377	-0.269536	34900.0	1675117440.0	LECBLVU
6127826.0	39.44418	-0.339794	34900.0	1675117470.0	LECBLVU
6127826.0	39.464302	-0.410293	34900.0	1675117500.0	LECBLVU
6127826.0	39.484409	-0.480188	34900.0	1675117530.0	LECBLVU
6127826.0	39.511692	-0.546018	34800.0	1675117560.0	LECBLVU
6127826.0	39.54081	-0.611603	34400.0	1675117590.0	LECBLVU
6127826.0	39.570026	-0.677095	33900.0	1675117620.0	LECBLVU
6127826.0	39.599285	-0.742859	33400.0	1675117650.0	LECBLVU
6127826.0	39.6287432	-0.8082758	33000.0	1675117680.0	LECBLVU
6127826.0	39.6577448	-0.8749068	32900.0	1675117710.0	LECBLVU
6127826.0	39.6870016	-0.9422284	32900.0	1675117740.0	LECBLVU
6127826.0	39.716497	-1.0096155999999998	32900.0	1675117770.0	LECBLVU
6127832.0	39.841133	0.535462	32600.0	1675116900.0	LECBLVU
6127832.0	39.898335	0.580658	33200.0	1675116930.0	LECBLVU
6127832.0	39.955547	0.626123	33700.0	1675116960.0	LECBLVU
6127832.0	40.013012	0.671899	34300.0	1675116990.0	LECBLVU
6127832.0	40.070309	0.71771	34800.0	1675117020.0	LECBLVU
6127832.0	40.127701	0.763486	35500.0	1675117050.0	LECBLVU
6127832.0	40.184242	0.808714	36000.0	1675117080.0	LECBLVU
6127832.0	40.241196	0.854274	36000.0	1675117110.0	LECBLVU
6127832.0	40.29813	0.899932	36000.0	1675117140.0	LECBLVU
6127832.0	40.359848	0.930952	36000.0	1675117170.0	LECBLVU
6127832.0	40.423016	0.950262	36000.0	1675117200.0	LECBLVU
6127835.0	40.463776	0.879908	37000.0	1675117350.0	LECBLVU
6127835.0	40.423908	0.822561	37000.0	1675117380.0	LECBLVU
6127835.0	40.386135	0.762564	37000.0	1675117410.0	LECBLVU
6127835.0	40.347969	0.703507	37000.0	1675117440.0	LECBLVU
6127835.0	40.309486	0.644584	37000.0	1675117470.0	LECBLVU
6127835.0	40.271061	0.585879	37000.0	1675117500.0	LECBLVU
6127835.0	40.232605	0.527261	37000.0	1675117530.0	LECBLVU
6127835.0	40.194389	0.469032	37000.0	1675117560.0	LECBLVU
6127835.0	40.156025	0.41076	37000.0	1675117590.0	LECBLVU
6127835.0	40.117817	0.352856	37000.0	1675117620.0	LECBLVU
6127835.0	40.079464	0.294887	37000.0	1675117650.0	LECBLVU
6127835.0	40.041031	0.236614	37000.0	1675117680.0	LECBLVU
6127835.0	40.002834	0.178641	37000.0	1675117710.0	LECBLVU
6127835.0	39.964497	0.120799	37000.0	1675117740.0	LECBLVU
6127835.0	39.926044	0.063065	37000.0	1675117770.0	LECBLVU
6127835.0	39.887497	0.005354	37000.0	1675117800.0	LECBLVU
6127835.0	39.848919	-0.052358	37000.0	1675117830.0	LECBLVU
6127849.0	38.870155	0.304452	36000.0	1675116900.0	LECBLVU
6127849.0	38.931114	0.334405	36000.0	1675116930.0	LECBLVU
6127849.0	38.992012	0.364388	36000.0	1675116960.0	LECBLVU
6127849.0	39.052952	0.394443	36000.0	1675116990.0	LECBLVU
6127849.0	39.113834	0.42455	36000.0	1675117020.0	LECBLVU
6127849.0	39.175026	0.454704	36000.0	1675117050.0	LECBLVU
6127849.0	39.23604134693877	0.4837909489795917	36000.0	1675117080.0	LECBLVU
6127849.0	39.2979754285714	0.5076886428571421	36000.0	1675117110.0	LECBLVU
6127849.0	39.35990951020403	0.5315863367346925	36000.0	1675117140.0	LECBLVU
6127849.0	39.421843591836655	0.5554840306122428	36000.0	1675117170.0	LECBLVU
6127849.0	39.48377767346928	0.5793817244897932	36000.0	1675117200.0	LECBLVU
6127849.0	39.54571175510191	0.6032794183673436	36000.0	1675117230.0	LECBLVU
6127849.0	39.60764583673454	0.6271771122448939	36000.0	1675117260.0	LECBLVU
6127849.0	39.66957991836717	0.6510748061224443	36000.0	1675117290.0	LECBLVU
6127849.0	39.7315139999998	0.6749724999999946	36000.0	1675117320.0	LECBLVU
6127849.0	39.79344808163243	0.698870193877545	36000.0	1675117350.0	LECBLVU
6127849.0	39.855382163265055	0.7227678877550954	36000.0	1675117380.0	LECBLVU
6127849.0	39.91731624489768	0.7466655816326457	36000.0	1675117410.0	LECBLVU
6127849.0	39.97925032653031	0.7705632755101961	36000.0	1675117440.0	LECBLVU
6127849.0	40.04118440816294	0.7944609693877465	36000.0	1675117470.0	LECBLVU
6127849.0	40.10311848979557	0.8183586632652968	36000.0	1675117500.0	LECBLVU
6127849.0	40.1650525714282	0.8422563571428472	36000.0	1675117530.0	LECBLVU
6127849.0	40.22698665306083	0.8661540510203976	36000.0	1675117560.0	LECBLVU
6127849.0	40.289818	0.885052	36000.0	1675117590.0	LECBLVU
6127849.0	40.353291	0.903078	36000.0	1675117620.0	LECBLVU
6127849.0	40.415040666666656	0.9206495	36000.0	1675117650.0	LECBLVU
6127858.0	38.979053	-2.7734396	35000.0	1675117140.0	LECSYES
6127858.0	38.911780400000005	-2.7754932	34900.0	1675117170.0	LECSYES
6127858.0	38.8446632	-2.7776116	34900.0	1675117200.0	LECSYES
6127858.0	38.777612600000005	-2.7800284	34900.0	1675117230.0	LECSYES
6127858.0	38.7110136	-2.7858026	34900.0	1675117260.0	LECSYES
6127858.0	38.646633	-2.804845	34900.0	1675117290.0	LECSYES
6127858.0	38.5836916	-2.8361576000000004	34900.0	1675117320.0	LECSYES
6127858.0	38.5247486	-2.866755	34820.0	1675117350.0	LECSYES
6127858.0	38.4674734	-2.8337604	34900.0	1675117380.0	LECSYES
6127858.0	38.4839114	-2.7546196	34900.0	1675117410.0	LECSYES
6127858.0	38.5386266	-2.7116258	34540.0	1675117440.0	LECSYES
6127858.0	38.6034968	-2.6795206	33800.0	1675117470.0	LECSYES
6127858.0	38.6676556	-2.709588	33700.0	1675117500.0	LECSYES
6127858.0	38.689112	-2.790202	33480.0	1675117530.0	LECSYES
6127858.0	38.641197000000005	-2.8557704	32880.0	1675117560.0	LECSYES
6127858.0	38.5687974	-2.8766044	32420.0	1675117590.0	LECSYES
6127858.0	38.4976424	-2.8920186	33320.0	1675117620.0	LECSYES
6127858.0	38.4399938	-2.8386332	34200.0	1675117650.0	LECSYES
6127858.0	38.4501736	-2.7448648	34400.0	1675117680.0	LECSYES
6127858.0	38.5064642	-2.6812872000000003	34420.0	1675117710.0	LECSYES
6127858.0	38.5784558	-2.6664116	34500.0	1675117740.0	LECSYES
6127858.0	38.6512766	-2.6747094	34780.0	1675117770.0	LECSYES
6127858.0	38.6547666	-2.7034376	34300.0	1675117800.0	LECSYES
6127906.0	39.222313	0.435642	40000.0	1675117530.0	LECBLVU
6127906.0	39.243649	0.362142	40000.0	1675117560.0	LECBLVU
6127906.0	39.264774	0.28888	40000.0	1675117590.0	LECBLVU
6127906.0	39.286041	0.215785	40000.0	1675117620.0	LECBLVU
6127906.0	39.307178	0.142713	40000.0	1675117650.0	LECBLVU
6127906.0	39.328396	0.06923	40000.0	1675117680.0	LECBLVU
6127906.0	39.349407	-0.003907	40000.0	1675117710.0	LECBLVU
6127906.0	39.370224	-0.076655	40000.0	1675117740.0	LECBLVU
6127906.0	39.391197	-0.14945	40000.0	1675117770.0	LECBLVU
6127906.0	39.411858	-0.222475	40000.0	1675117800.0	LECBLVU
6127906.0	39.432919	-0.296929	40000.0	1675117830.0	LECBLVU
6127907.0	38.714333	-0.207487	34000.0	1675117290.0	LECBLVU
6127907.0	38.759315	-0.244928	34000.0	1675117320.0	LECBLVU
6127907.0	38.80415	-0.282435	34000.0	1675117350.0	LECBLVU
6127907.0	38.848942	-0.31986	34000.0	1675117380.0	LECBLVU
6127907.0	38.893318	-0.357218	34000.0	1675117410.0	LECBLVU
6127907.0	38.938099	-0.394888	34000.0	1675117440.0	LECBLVU
6127907.0	38.982933	-0.432437	34000.0	1675117470.0	LECBLVU
6127907.0	39.027706	-0.470075	34000.0	1675117500.0	LECBLVU
6127907.0	39.07235	-0.507822	34000.0	1675117530.0	LECBLVU
6127907.0	39.116863	-0.545486	34000.0	1675117560.0	LECBLVU
6127907.0	39.161362	-0.583262	34000.0	1675117590.0	LECBLVU
6127907.0	39.205746	-0.621233	34000.0	1675117620.0	LECBLVU
6127907.0	39.250118	-0.659166	34000.0	1675117650.0	LECBLVU
6127907.0	39.294609	-0.697259	34000.0	1675117680.0	LECBLVU
6127907.0	39.338871	-0.735223	34000.0	1675117710.0	LECBLVU
6127907.0	39.383038	-0.77321	34000.0	1675117740.0	LECBLVU
6127907.0	39.427357	-0.811272	33600.0	1675117770.0	LECBLVU
6127907.0	39.472706	-0.84993	33100.0	1675117800.0	LECBLVU
6127907.0	39.518406	-0.888628	33000.0	1675117830.0	LECBLVU
6127936.0	38.9959458	-2.609269	34940.0	1675117770.0	LECSYES
6127936.0	38.9446082	-2.6720242	33880.0	1675117800.0	LECSYES
6127936.0	38.916979	-2.7486968000000003	33000.0	1675117830.0	LECSYES
6127963.0	39.698231	0.438332	32500.0	1675117740.0	LECBLVU
6127963.0	39.754757	0.481893	32800.0	1675117770.0	LECBLVU
6127963.0	39.812057	0.526253	33200.0	1675117800.0	LECBLVU
6127963.0	39.868904	0.570256	33700.0	1675117830.0	LECBLVU
