RTKey,Lat,Lon,Alt,Unixtime,Sector
6126842,40.476982,0.903733,37700.0,1675139480.0,LECBLVU
6126932,40.285645,0.160868,32500.0,1675139825.0,LECBLVU
6127000,40.477573,0.900149,36000.0,1675140520.0,LECBLVU
6127612,37.538155,-4.332561,19600.0,1675139848.0,LECSNO1
6127613,37.679565,-3.257329,32300.0,1675140529.0,LECSNO1
6128754,37.810677,-3.084801,39000.0,1675140964.0,LECSNO1
6128758,38.993992,-3.533985,40000.0,1675139158.0,LECSNO1
6128764,39.747829,-1.079728,33000.0,1675139699.0,LECBLVU
6128768,40.416538,0.196182,32500.0,1675140340.0,LECBLVU
6128779,40.373711,0.195839,32600.0,1675140085.0,LECBLVU
6128794,38.99234,-3.881093,38000.0,1675139228.0,LECSNO1
6128802,38.532005,-1.139379,35400.0,1675139825.0,LECBLVU
6128811,40.473587,0.899403,36000.0,1675140915.0,LECBLVU
6128850,37.616806,-3.926007,33000.0,1675140963.0,LECSNO1
6128879,38.998512,-3.568487,32000.0,1675139773.0,LECSNO1
6128888,38.908695,-1.454111,33000.0,1675140964.0,LECSNO1
6128915,40.382133,1.055491,36000.0,1675140235.0,LECBLVU
6128920,38.994656,-3.542452,38000.0,1675140123.0,LECSNO1
6128943,38.999207,-3.900383,34000.0,1675140508.0,LECSNO1
6128948,40.025528,-0.273749,32500.0,1675140145.0,LECBLVU
6128954,38.990044,-3.538074,35900.0,1675140203.0,LECSNO1
6128968,38.996262,-3.570518,38000.0,1675140533.0,LECSNO1
6128975,39.518913,0.004532,37000.0,1675140960.0,LECBLVU
6128995,40.697319,0.497887,37400.0,1675140560.0,LECBLVU
6129023,38.66824,-4.231945,33000.0,1675140498.0,LECSNO1
6129049,40.470428,0.909768,40000.0,1675140920.0,LECBLVU
6129060,38.520748,-3.588961,36000.0,1675140963.0,LECSNO1
6129061,40.254936,0.329343,37700.0,1675140960.0,LECBLVU
6129071,39.314484,0.233291,38000.0,1675140960.0,LECBLVU
