RTKey	Lat	Lon	Alt	Unixtime	Sector
4803138.0	40.75220919999999	1.2976708000000003	36000.0	1657917060.0	LECBGOI
4803138.0	40.7917828	1.3544051999999998	36000.0	1657917090.0	LECBGOI
4803138.0	40.83104100000001	1.4112451999999998	36000.0	1657917120.0	LECBGOI
4803138.0	40.8700018	1.4677102	36000.0	1657917150.0	LECBGOI
4803138.0	40.9089686	1.5243369999999998	36000.0	1657917180.0	LECBGOI
4803138.0	40.94787520000001	1.5808442	36000.0	1657917210.0	LECBGOI
4803138.0	40.986736	1.6374304000000002	36000.0	1657917240.0	LECBGOI
4803138.0	41.025644	1.6940947999999998	36000.0	1657917270.0	LECBGOI
4803138.0	41.06459959999999	1.7510682	36000.0	1657917300.0	LECBGOI
4803138.0	41.1039226	1.8083442	36000.0	1657917330.0	LECBGOI
4803138.0	41.14281859999999	1.865401	36000.0	1657917360.0	LECBGOI
4803138.0	41.181727	1.9229794	36000.0	1657917390.0	LECBGOI
4803255.0	41.32266139999999	1.5158103999999997	38000.0	1657917060.0	LECBGOI
4803255.0	41.3207826	1.5964068	38000.0	1657917090.0	LECBGOI
4803255.0	41.3188392	1.676848	38000.0	1657917120.0	LECBGOI
4803255.0	41.3168506	1.7565593999999998	38000.0	1657917150.0	LECBGOI
4803255.0	41.31454600000001	1.836519	38000.0	1657917180.0	LECBGOI
4803255.0	41.3122304	1.9161374000000004	38000.0	1657917210.0	LECBGOI
4803266.0	41.8774476	0.6885826000000002	36000.0	1657917060.0	LECBGOI
4803266.0	41.921672400000006	0.7036154	36000.0	1657917090.0	LECBGOI
4803266.0	41.96631760000001	0.7187496000000002	36000.0	1657917120.0	LECBGOI
4803266.0	42.011366	0.7340497999999999	36000.0	1657917150.0	LECBGOI
4803266.0	42.05654279999999	0.7493955999999998	36000.0	1657917180.0	LECBGOI
4803266.0	42.1018418	0.7648029999999999	36000.0	1657917210.0	LECBGOI
4803266.0	42.1473118	0.7802028000000001	36000.0	1657917240.0	LECBGOI
4803266.0	42.192861	0.7957622000000002	36000.0	1657917270.0	LECBGOI
4803266.0	42.2385356	0.8113698000000001	36000.0	1657917300.0	LECBGOI
4803266.0	42.28453160000001	0.8272301999999999	36000.0	1657917330.0	LECBGOI
4803266.0	42.33021660000001	0.8430342000000001	36000.0	1657917360.0	LECBGOI
4803266.0	42.3758174	0.8588606000000002	36000.0	1657917390.0	LECBGOI
4803266.0	42.42129559999999	0.8745388000000001	36000.0	1657917420.0	LECBGOI
4803266.0	42.4670206	0.8842156000000001	36000.0	1657917450.0	LECBGOI
4803266.0	42.51331200000001	0.8843205999999998	36000.0	1657917480.0	LECBGOI
4803266.0	42.5596074	0.8829704	36000.0	1657917510.0	LECBGOI
4803266.0	42.6058	0.8817126000000001	36000.0	1657917540.0	LECBGOI
4803266.0	42.65201019999999	0.8810309999999998	36000.0	1657917570.0	LECBGOI
4803266.0	42.69843079999999	0.8806812	36000.0	1657917600.0	LECBGOI
4803266.0	42.74461620000001	0.8804763999999999	36000.0	1657917630.0	LECBGOI
4803266.0	42.7907082	0.8803394000000001	36000.0	1657917660.0	LECBGOI
4803294.0	41.343784	0.4285625999999999	34000.0	1657917060.0	LECBP2R
4803294.0	41.3425736	0.5096023999999999	34000.0	1657917090.0	LECBP2R
4803294.0	41.3414508	0.5907576	34000.0	1657917120.0	LECBGOI
4803294.0	41.34014020000001	0.671841	34000.0	1657917150.0	LECBGOI
4803294.0	41.33874979999999	0.7528422000000001	34000.0	1657917180.0	LECBGOI
4803294.0	41.337195	0.8336231999999999	34000.0	1657917210.0	LECBGOI
4803294.0	41.33574360000001	0.914334	34000.0	1657917240.0	LECBGOI
4803294.0	41.334288	0.9951569999999998	34000.0	1657917270.0	LECBGOI
4803294.0	41.33279220000001	1.0762189999999998	34000.0	1657917300.0	LECBGOI
4803294.0	41.33105880000001	1.1581179999999998	34000.0	1657917330.0	LECBGOI
4803294.0	41.3292992	1.2397515999999995	34000.0	1657917360.0	LECBGOI
4803294.0	41.32747380000001	1.3208281999999996	34000.0	1657917390.0	LECBGOI
4803294.0	41.32571499999999	1.4019976	34000.0	1657917420.0	LECBGOI
4803294.0	41.3238162	1.4832025999999996	34000.0	1657917450.0	LECBGOI
4803294.0	41.321769	1.5645742000000002	34000.0	1657917480.0	LECBGOI
4803294.0	41.31971519999999	1.646012	34000.0	1657917510.0	LECBGOI
4803294.0	41.317764	1.7277022000000004	34000.0	1657917540.0	LECBGOI
4803294.0	41.3155372	1.8085848	34000.0	1657917570.0	LECBGOI
4803294.0	41.31331739999999	1.8900368	34000.0	1657917600.0	LECBGOI
4803302.0	40.98673139999999	-0.128897	37000.0	1657917060.0	LECBP2R
4803302.0	40.969006	-0.204546	37000.0	1657917090.0	LECBP2R
4803302.0	40.951771	-0.277747	37000.0	1657917120.0	LECBP2R
4803302.0	40.934509	-0.35102	36600.0	1657917150.0	LECBP2R
4803302.0	40.916981	-0.424579	35900.0	1657917180.0	LECBP2R
4803302.0	40.899227	-0.498732	35000.0	1657917210.0	LECBP2R
4803302.0	40.881737	-0.571206	33900.0	1657917240.0	LECBP2R
4803302.0	40.864498	-0.642881	32900.0	1657917270.0	LECBP2R
4803302.0	40.847565	-0.713738	32000.0	1657917300.0	LECBP2R
4803309.0	41.03076300000001	0.0572907999999999	33000.0	1657917060.0	LECBP2R
4803309.0	41.01696540000001	-0.0181446	33000.0	1657917090.0	LECBP2R
4803309.0	41.002514	-0.096023	33000.0	1657917120.0	LECBP2R
4803309.0	40.988258	-0.171483	33000.0	1657917150.0	LECBP2R
4803309.0	40.974155	-0.246651	33000.0	1657917180.0	LECBP2R
4803309.0	40.960014	-0.322447	33000.0	1657917210.0	LECBP2R
4803309.0	40.945705	-0.398339	33000.0	1657917240.0	LECBP2R
4803309.0	40.931496	-0.474268	33000.0	1657917270.0	LECBP2R
4803309.0	40.917187	-0.550273	33000.0	1657917300.0	LECBP2R
4803309.0	40.902691	-0.626548	33000.0	1657917330.0	LECBP2R
4803319.0	41.05251819999999	0.0408778	35000.0	1657917060.0	LECBP2R
4803319.0	41.0416264	-0.0416879999999999	35000.0	1657917090.0	LECBP2R
4803319.0	41.030109	-0.126967	35000.0	1657917120.0	LECBP2R
4803319.0	41.01897	-0.209188	35000.0	1657917150.0	LECBP2R
4803319.0	41.004654	-0.291201	35000.0	1657917180.0	LECBP2R
4803319.0	40.986259	-0.37262	35000.0	1657917210.0	LECBP2R
4803319.0	40.963142	-0.45223	35000.0	1657917240.0	LECBP2R
4803319.0	40.941433	-0.532349	35000.0	1657917270.0	LECBP2R
4803319.0	40.919853	-0.612421	35000.0	1657917300.0	LECBP2R
4803319.0	40.897984	-0.692741	35000.0	1657917330.0	LECBP2R
4803344.0	41.353054	-0.478438	35100.0	1657917210.0	LECBP2R
4803344.0	41.352589	-0.396323	35600.0	1657917240.0	LECBP2R
4803344.0	41.351902	-0.314404	36000.0	1657917270.0	LECBP2R
4803344.0	41.351234	-0.232752	36000.0	1657917300.0	LECBP2R
4803344.0	41.3506732	-0.1530076	36000.0	1657917330.0	LECBP2R
4803344.0	41.3498	-0.0713654	36000.0	1657917360.0	LECBP2R
4803344.0	41.348930200000005	0.0103152	36000.0	1657917390.0	LECBP2R
4803344.0	41.34798	0.094772	36000.0	1657917420.0	LECBP2R
4803344.0	41.346947	0.176441	36000.0	1657917450.0	LECBP2R
4803344.0	41.34589	0.258085	36000.0	1657917480.0	LECBP2R
4803344.0	41.344711	0.339772	36000.0	1657917510.0	LECBP2R
4803344.0	41.343529	0.421854	36000.0	1657917540.0	LECBP2R
4803344.0	41.342388	0.504265	36000.0	1657917570.0	LECBGOI
4803344.0	41.34147419999999	0.5842543999999998	36080.0	1657917600.0	LECBGOI
4803344.0	41.34031539999999	0.6669114000000002	36080.0	1657917630.0	LECBGOI
4803344.0	41.3387976	0.7489262	36020.0	1657917660.0	LECBGOI
4803344.0	41.33717419999999	0.8303721999999999	36000.0	1657917690.0	LECBGOI
4803344.0	41.33568059999999	0.9117776	36000.0	1657917720.0	LECBGOI
4803344.0	41.33405800000001	0.9929636	36000.0	1657917750.0	LECBGOI
4803344.0	41.33244740000001	1.0740827999999996	36000.0	1657917780.0	LECBGOI
4803344.0	41.33079779999999	1.1551630000000002	36000.0	1657917810.0	LECBGOI
4803344.0	41.3290816	1.2366203999999996	36000.0	1657917840.0	LECBGOI
4803344.0	41.32731860000001	1.3177101999999996	35980.0	1657917870.0	LECBGOI
4803344.0	41.325427200000014	1.3989499999999997	36000.0	1657917900.0	LECBGOI
4803344.0	41.3233914	1.4811223999999998	36000.0	1657917930.0	LECBGOI
4803364.0	42.746927000000014	0.8934856	35900.0	1657917060.0	LECBGOI
4803364.0	42.800237	0.8672483999999999	36000.0	1657917090.0	LECBGOI
4803375.0	40.6689724	-0.0196493999999999	39960.0	1657917060.0	LECBP2R
4803375.0	40.61168160000001	-0.0424646	38740.0	1657917090.0	LECBP2R
4803375.0	40.552071	-0.06647	37300.0	1657917120.0	LECBP2R
4803375.0	40.493645	-0.08999	35900.0	1657917150.0	LECBP2R
4803375.0	40.436001	-0.112852	35100.0	1657917180.0	LECBP2R
4803375.0	40.379879	-0.134922	34200.0	1657917210.0	LECBP2R
4803375.0	40.324459	-0.156469	33200.0	1657917240.0	LECBP2R
4803375.0	40.270172	-0.177939	32200.0	1657917270.0	LECBP2R
4803397.0	41.11521640000001	0.1586359999999999	37000.0	1657917060.0	LECBP2R
4803397.0	41.054893	0.134643	37000.0	1657917090.0	LECBP2R
4803397.0	40.992798	0.109652	37000.0	1657917120.0	LECBP2R
4803397.0	40.932724	0.08553	37000.0	1657917150.0	LECBP2R
4803397.0	40.872684	0.061559	37000.0	1657917180.0	LECBP2R
4803397.0	40.812737	0.037717	37000.0	1657917210.0	LECBP2R
4803397.0	40.75333	0.013906	37000.0	1657917240.0	LECBP2R
4803397.0	40.694187	-0.009978	37000.0	1657917270.0	LECBP2R
4803397.0	40.63504	-0.033646	37000.0	1657917300.0	LECBP2R
4803397.0	40.57737566666667	-0.0565759999999999	37000.0	1657917330.0	LECBP2R
4803397.0	40.518687000000014	-0.079906	36740.0	1657917360.0	LECBP2R
4803397.0	40.45959680000001	-0.1032594	35720.0	1657917390.0	LECBP2R
4803397.0	40.399719	-0.126981	34500.0	1657917420.0	LECBP2R
4803397.0	40.340946	-0.150217	32900.0	1657917450.0	LECBP2R
4803397.0	40.281029	-0.173652	31800.0	1657917480.0	LECBP2R
4803406.0	41.18588879999999	1.9283776	35000.0	1657917210.0	LECBGOI
4803406.0	41.1444572	1.8669916	35000.0	1657917240.0	LECBGOI
4803406.0	41.10253799999999	1.8049070000000005	35000.0	1657917270.0	LECBGOI
4803406.0	41.0604706	1.7431846000000002	35000.0	1657917300.0	LECBGOI
4803406.0	41.01817520000001	1.6812174000000004	35000.0	1657917330.0	LECBGOI
4803406.0	40.975801	1.6193749999999998	35000.0	1657917360.0	LECBGOI
4803406.0	40.9333674	1.5575096	35000.0	1657917390.0	LECBGOI
4803406.0	40.89081520000001	1.4954537999999995	35000.0	1657917420.0	LECBGOI
4803406.0	40.8482598	1.4334408	35000.0	1657917450.0	LECBGOI
4803406.0	40.8055622	1.3715102	35000.0	1657917480.0	LECBGOI
4803406.0	40.7627558	1.30953	35000.0	1657917510.0	LECBGOI
4803406.0	40.71977640000001	1.2473831999999998	35000.0	1657917540.0	LECBGOI
4803406.0	40.67690319999999	1.1857482	35000.0	1657917570.0	LECBGOI
4803406.0	40.633900200000014	1.1239545999999998	35000.0	1657917600.0	LECBGOI
4803406.0	40.59095979999999	1.0622389999999995	35000.0	1657917630.0	LECBGOI
4803406.0	40.54783340000001	1.0004882000000004	35000.0	1657917660.0	LECBGOI
4803406.0	40.50518120000001	0.939377	35000.0	1657917690.0	LECBGOI
4803410.0	42.1884642	-0.1854809999999999	34000.0	1657917630.0	LECBP2R
4803410.0	42.16018939999999	-0.1096191999999999	34100.0	1657917660.0	LECBP2R
4803410.0	42.13196320000001	-0.0337311999999999	34100.0	1657917690.0	LECBP2R
4803410.0	42.10376660000001	0.0420643999999999	34100.0	1657917720.0	LECBP2R
4803410.0	42.07552	0.1178169999999999	34080.0	1657917750.0	LECBP2R
4803410.0	42.046394	0.19604	34000.0	1657917780.0	LECBP2R
4803410.0	42.018108	0.271566	34000.0	1657917810.0	LECBP2R
4803410.0	41.989742	0.346917	34000.0	1657917840.0	LECBP2R
4803410.0	41.961411	0.422067	34000.0	1657917870.0	LECBP2R
4803410.0	41.933147	0.497263	34000.0	1657917900.0	LECBP2R
4803410.0	41.9055638	0.5702726000000001	34000.0	1657917930.0	LECBP2R
4803429.0	41.6297788	0.2886796	37000.0	1657917060.0	LECBP2R
4803429.0	41.56763059999999	0.2731236000000001	37000.0	1657917090.0	LECBP2R
4803429.0	41.50341	0.257125	37000.0	1657917120.0	LECBP2R
4803429.0	41.441257	0.241716	37000.0	1657917150.0	LECBP2R
4803429.0	41.379051	0.226292	37000.0	1657917180.0	LECBP2R
4803429.0	41.316723	0.210875	37000.0	1657917210.0	LECBP2R
4803429.0	41.254227	0.195511	37000.0	1657917240.0	LECBP2R
4803429.0	41.191574	0.180133	37000.0	1657917270.0	LECBP2R
4803429.0	41.129002	0.164694	37000.0	1657917300.0	LECBP2R
4803429.0	41.0701508	0.1407251999999999	37000.0	1657917330.0	LECBP2R
4803429.0	41.00949179999999	0.1162674	37000.0	1657917360.0	LECBP2R
4803429.0	40.94892479999999	0.0919131999999999	37000.0	1657917390.0	LECBP2R
4803429.0	40.88641	0.066883	37000.0	1657917420.0	LECBP2R
4803429.0	40.826061	0.042841	37000.0	1657917450.0	LECBP2R
4803429.0	40.766239	0.018962	37000.0	1657917480.0	LECBP2R
4803429.0	40.706612	-0.005141	37000.0	1657917510.0	LECBP2R
4803429.0	40.647144	-0.029009	37000.0	1657917540.0	LECBP2R
4803429.0	40.587692	-0.052617	37000.0	1657917570.0	LECBP2R
4803429.0	40.528419	-0.076144	37000.0	1657917600.0	LECBP2R
4803429.0	40.469429	-0.099003	36100.0	1657917630.0	LECBP2R
4803429.0	40.4117098	-0.1210589999999999	34760.0	1657917660.0	LECBP2R
4803429.0	40.3523068	-0.1444752	33540.0	1657917690.0	LECBP2R
4803429.0	40.2931888	-0.1679835999999999	32520.0	1657917720.0	LECBP2R
4803429.0	40.234077	-0.191983	31600.0	1657917750.0	LECBP2R
4803446.0	42.210922200000006	0.4356388000000001	39000.0	1657917060.0	LECBP2R
4803446.0	42.14830780000001	0.4197269999999999	39000.0	1657917090.0	LECBP2R
4803446.0	42.083565	0.403273	39000.0	1657917120.0	LECBP2R
4803446.0	42.021366	0.387484	39000.0	1657917150.0	LECBP2R
4803446.0	41.959248	0.371992	39000.0	1657917180.0	LECBP2R
4803446.0	41.896774	0.356421	39000.0	1657917210.0	LECBP2R
4803446.0	41.834599	0.341053	39000.0	1657917240.0	LECBP2R
4803446.0	41.772331	0.325493	39000.0	1657917270.0	LECBP2R
4803446.0	41.710098	0.309827	39000.0	1657917300.0	LECBP2R
4803446.0	41.64956540000001	0.2945402000000001	39000.0	1657917330.0	LECBP2R
4803446.0	41.58721459999999	0.2788444	39000.0	1657917360.0	LECBP2R
4803446.0	41.5248092	0.2634574	39000.0	1657917390.0	LECBP2R
4803446.0	41.460545	0.247705	39000.0	1657917420.0	LECBP2R
4803446.0	41.398689	0.232376	39000.0	1657917450.0	LECBP2R
4803446.0	41.337032	0.217183	39000.0	1657917480.0	LECBP2R
4803446.0	41.27512	0.201711	39000.0	1657917510.0	LECBP2R
4803446.0	41.213268	0.186377	39000.0	1657917540.0	LECBP2R
4803446.0	41.151531	0.171135	39000.0	1657917570.0	LECBP2R
4803446.0	41.090809	0.150527	39000.0	1657917600.0	LECBP2R
4803446.0	41.030861	0.125628	39000.0	1657917630.0	LECBP2R
4803446.0	40.972786	0.1020126	39000.0	1657917660.0	LECBP2R
4803446.0	40.912946	0.0781114	39000.0	1657917690.0	LECBP2R
4803446.0	40.85375419999999	0.0544908	39000.0	1657917720.0	LECBP2R
4803446.0	40.79447519999999	0.0307589999999999	39000.0	1657917750.0	LECBP2R
4803446.0	40.733143	0.006394	39000.0	1657917780.0	LECBP2R
4803446.0	40.673855	-0.016926	39000.0	1657917810.0	LECBP2R
4803446.0	40.615009	-0.040281	38900.0	1657917840.0	LECBP2R
4803446.0	40.557407	-0.063356	38400.0	1657917870.0	LECBP2R
4803446.0	40.498581	-0.086873	37800.0	1657917900.0	LECBP2R
4803446.0	40.439114	-0.110621	36800.0	1657917930.0	LECBP2R
4803459.0	42.44870440000001	0.4954788	37000.0	1657917060.0	LECBP2R
4803459.0	42.38846780000001	0.4801639999999999	37000.0	1657917090.0	LECBP2R
4803459.0	42.326118	0.464304	37000.0	1657917120.0	LECBP2R
4803459.0	42.265774	0.448917	37000.0	1657917150.0	LECBP2R
4803459.0	42.205456	0.433647	37000.0	1657917180.0	LECBP2R
4803459.0	42.145138	0.418382	37000.0	1657917210.0	LECBP2R
4803459.0	42.084778	0.403168	37000.0	1657917240.0	LECBP2R
4803459.0	42.024448	0.38787	37000.0	1657917270.0	LECBP2R
4803459.0	41.965527	0.373012	37000.0	1657917300.0	LECBP2R
4803459.0	41.90545640000001	0.3579087999999999	37000.0	1657917330.0	LECBP2R
4803459.0	41.845081400000005	0.3427774	37000.0	1657917360.0	LECBP2R
4803459.0	41.78489819999999	0.3276836	37000.0	1657917390.0	LECBP2R
4803459.0	41.722782	0.3121	37000.0	1657917420.0	LECBP2R
4803459.0	41.662712	0.296984	37000.0	1657917450.0	LECBP2R
4803459.0	41.602604	0.281895	37000.0	1657917480.0	LECBP2R
4803459.0	41.542446	0.266856	37000.0	1657917510.0	LECBP2R
4803459.0	41.4823	0.251888	37000.0	1657917540.0	LECBP2R
4803459.0	41.422085	0.237014	37000.0	1657917570.0	LECBP2R
4803459.0	41.361847	0.222121	37000.0	1657917600.0	LECBP2R
4803459.0	41.30329699999999	0.207668	37000.0	1657917630.0	LECBP2R
4803459.0	41.24302100000001	0.19285	37000.0	1657917660.0	LECBP2R
4803459.0	41.18272580000001	0.1780193999999999	37000.0	1657917690.0	LECBP2R
4803459.0	41.122502	0.1627144	37000.0	1657917720.0	LECBP2R
4803459.0	41.06397060000001	0.1382858	37000.0	1657917750.0	LECBP2R
4803459.0	41.00351	0.11401	37000.0	1657917780.0	LECBP2R
4803459.0	40.94508	0.090468	37000.0	1657917810.0	LECBP2R
4803459.0	40.886677	0.067076	37000.0	1657917840.0	LECBP2R
4803459.0	40.828453	0.043809	37000.0	1657917870.0	LECBP2R
4803459.0	40.770725	0.020682	37000.0	1657917900.0	LECBP2R
4803459.0	40.713024	-0.002517	37000.0	1657917930.0	LECBP2R
4803460.0	40.87062179999999	0.4196775999999999	31580.0	1657917750.0	LECBGOI
4803460.0	40.871056	0.33754	32500.0	1657917780.0	LECBGOI
4803460.0	40.87149	0.258612	33400.0	1657917810.0	LECBP2R
4803460.0	40.871803	0.179619	34100.0	1657917840.0	LECBP2R
4803460.0	40.872044	0.10056	34600.0	1657917870.0	LECBP2R
4803460.0	40.872147	0.021349	35000.0	1657917900.0	LECBP2R
4803460.0	40.872253	-0.057446	35000.0	1657917930.0	LECBP2R
4803463.0	42.5182768	0.5136344	41000.0	1657917060.0	LECBP2R
4803463.0	42.457849800000005	0.4981896	41000.0	1657917090.0	LECBP2R
4803463.0	42.39587	0.482242	41000.0	1657917120.0	LECBP2R
4803463.0	42.336231	0.466859	41000.0	1657917150.0	LECBP2R
4803463.0	42.276287	0.451508	41000.0	1657917180.0	LECBP2R
4803463.0	42.216423	0.43634	41000.0	1657917210.0	LECBP2R
4803463.0	42.156651	0.421153	41000.0	1657917240.0	LECBP2R
4803463.0	42.096931	0.406105	41000.0	1657917270.0	LECBP2R
4803463.0	42.03868966666667	0.3913411666666667	41000.0	1657917300.0	LECBP2R
4803463.0	41.97924680000001	0.3763486	41000.0	1657917330.0	LECBP2R
4803463.0	41.9194936	0.3613587999999999	41000.0	1657917360.0	LECBP2R
4803463.0	41.8596444	0.3462891999999999	41000.0	1657917390.0	LECBP2R
4803463.0	41.797321	0.330568	41000.0	1657917420.0	LECBP2R
4803463.0	41.736938	0.315267	41000.0	1657917450.0	LECBP2R
4803463.0	41.676487	0.30015	41000.0	1657917480.0	LECBP2R
4803463.0	41.615883	0.285107	41000.0	1657917510.0	LECBP2R
4803463.0	41.555172	0.27007	41000.0	1657917540.0	LECBP2R
4803463.0	41.494343	0.255017	41000.0	1657917570.0	LECBP2R
4803463.0	41.433475	0.239925	41000.0	1657917600.0	LECBP2R
4803463.0	41.3743802	0.225321	41000.0	1657917630.0	LECBP2R
4803463.0	41.3136676	0.2103021999999999	41000.0	1657917660.0	LECBP2R
4803463.0	41.2536592	0.195489	41000.0	1657917690.0	LECBP2R
4803463.0	41.19436239999999	0.180916	41000.0	1657917720.0	LECBP2R
4803463.0	41.13510419999999	0.166336	41000.0	1657917750.0	LECBP2R
4803463.0	41.075603	0.142947	41000.0	1657917780.0	LECBP2R
4803463.0	41.017986	0.119849	41000.0	1657917810.0	LECBP2R
4803463.0	40.960526	0.096611	41000.0	1657917840.0	LECBP2R
4803463.0	40.902931	0.073459	41000.0	1657917870.0	LECBP2R
4803463.0	40.844975	0.050263	41000.0	1657917900.0	LECBP2R
4803463.0	40.786648	0.027026	41000.0	1657917930.0	LECBP2R
4803477.0	42.66381340000001	0.5453310000000001	37000.0	1657917120.0	LECBP2R
4803477.0	42.60134359999999	0.5341834	37000.0	1657917150.0	LECBP2R
4803477.0	42.53967939999999	0.5186280000000001	37000.0	1657917180.0	LECBP2R
4803477.0	42.47795339999999	0.5028099999999999	37000.0	1657917210.0	LECBP2R
4803477.0	42.41444	0.486686	37000.0	1657917240.0	LECBP2R
4803477.0	42.352684	0.470982	37000.0	1657917270.0	LECBP2R
4803477.0	42.29276620000001	0.4557259999999999	37000.0	1657917300.0	LECBP2R
4803477.0	42.23110939999999	0.4400648	37000.0	1657917330.0	LECBP2R
4803477.0	42.1699002	0.4245802	37000.0	1657917360.0	LECBP2R
4803477.0	42.10838000000001	0.4091231999999999	37000.0	1657917390.0	LECBP2R
4803477.0	42.044701	0.393091	37000.0	1657917420.0	LECBP2R
4803477.0	41.983284	0.37749	37000.0	1657917450.0	LECBP2R
4803477.0	41.921879	0.362006	37000.0	1657917480.0	LECBP2R
4803477.0	41.860687	0.346637	37000.0	1657917510.0	LECBP2R
4803477.0	41.799442	0.331252	37000.0	1657917540.0	LECBP2R
4803477.0	41.738178	0.31594	37000.0	1657917570.0	LECBP2R
4803477.0	41.676842	0.300656	37000.0	1657917600.0	LECBP2R
4803477.0	41.6171638	0.2857414	37000.0	1657917630.0	LECBP2R
4803477.0	41.555654800000006	0.2703381999999999	37000.0	1657917660.0	LECBP2R
4803477.0	41.4940738	0.254981	37000.0	1657917690.0	LECBP2R
4803477.0	41.43224860000001	0.2397082	37000.0	1657917720.0	LECBP2R
4803477.0	41.3706346	0.2245047999999999	37000.0	1657917750.0	LECBP2R
4803477.0	41.306938	0.208789	37000.0	1657917780.0	LECBP2R
4803477.0	41.245358	0.193636	37000.0	1657917810.0	LECBP2R
4803477.0	41.183773	0.178466	37000.0	1657917840.0	LECBP2R
4803477.0	41.122654	0.161619	37000.0	1657917870.0	LECBP2R
4803477.0	41.062805	0.138415	37000.0	1657917900.0	LECBP2R
4803477.0	41.003242	0.113992	37000.0	1657917930.0	LECBP2R
4803504.0	42.6369808	0.5433364	37000.0	1657917450.0	LECBP2R
4803504.0	42.57373379999999	0.5273521999999999	37000.0	1657917480.0	LECBP2R
4803504.0	42.5104058	0.5111796000000001	37000.0	1657917510.0	LECBP2R
4803504.0	42.445362	0.494594	37000.0	1657917540.0	LECBP2R
4803504.0	42.382172	0.478487	37000.0	1657917570.0	LECBP2R
4803504.0	42.319042	0.462432	37000.0	1657917600.0	LECBP2R
4803504.0	42.25771439999999	0.4468138000000001	37000.0	1657917630.0	LECBP2R
4803504.0	42.19464179999999	0.430774	37000.0	1657917660.0	LECBP2R
4803504.0	42.1317236	0.414808	37000.0	1657917690.0	LECBP2R
4803504.0	42.06870059999999	0.398895	37000.0	1657917720.0	LECBP2R
4803504.0	42.00575039999999	0.3830117999999999	37000.0	1657917750.0	LECBP2R
4803504.0	41.940742	0.366671	37000.0	1657917780.0	LECBP2R
4803504.0	41.877884	0.350914	37000.0	1657917810.0	LECBP2R
4803504.0	41.816441	0.335569	36600.0	1657917840.0	LECBP2R
4803504.0	41.755192	0.319937	35000.0	1657917870.0	LECBP2R
4803504.0	41.693069	0.30419	33600.0	1657917900.0	LECBP2R
4803504.0	41.630508	0.288545	32100.0	1657917930.0	LECBP2R
4803509.0	42.67307620000001	0.5525669999999999	35000.0	1657917480.0	LECBP2R
4803509.0	42.61121639999999	0.5370194	35000.0	1657917510.0	LECBP2R
4803509.0	42.54936039999999	0.5208168000000001	35000.0	1657917540.0	LECBP2R
4803509.0	42.4873364	0.5051239999999998	35000.0	1657917570.0	LECBP2R
4803509.0	42.423485	0.48917	35000.0	1657917600.0	LECBP2R
4803509.0	42.363196	0.4739706000000001	35000.0	1657917630.0	LECBP2R
4803509.0	42.301184000000006	0.4581190000000001	35000.0	1657917660.0	LECBP2R
4803509.0	42.23947820000001	0.4424001999999999	35000.0	1657917690.0	LECBP2R
4803509.0	42.17879739999999	0.4221287999999999	35000.0	1657917720.0	LECBP2R
4803509.0	42.1209806	0.3909276000000001	35000.0	1657917750.0	LECBP2R
4803509.0	42.06179	0.357053	35000.0	1657917780.0	LECBP2R
4803509.0	42.004326	0.324873	35000.0	1657917810.0	LECBP2R
4803509.0	41.946903	0.292815	35000.0	1657917840.0	LECBP2R
4803509.0	41.889572	0.260945	35000.0	1657917870.0	LECBP2R
4803509.0	41.832146	0.22902	35000.0	1657917900.0	LECBP2R
4803509.0	41.774658	0.197106	35000.0	1657917930.0	LECBP2R
4803523.0	42.6430172	0.5451367999999999	37000.0	1657917630.0	LECBP2R
4803523.0	42.58064300000001	0.5289915999999999	37000.0	1657917660.0	LECBP2R
4803523.0	42.518237000000006	0.5129814000000001	37000.0	1657917690.0	LECBP2R
4803523.0	42.45576879999999	0.4973217999999999	37000.0	1657917720.0	LECBP2R
4803523.0	42.39374199999999	0.4815650000000001	37000.0	1657917750.0	LECBP2R
4803523.0	42.329357	0.46512	37000.0	1657917780.0	LECBP2R
4803523.0	42.267124	0.449282	37000.0	1657917810.0	LECBP2R
4803523.0	42.204941	0.433474	37000.0	1657917840.0	LECBP2R
4803523.0	42.14278	0.417672	37000.0	1657917870.0	LECBP2R
4803523.0	42.080605	0.40199	37000.0	1657917900.0	LECBP2R
4803523.0	42.01844	0.386359	37000.0	1657917930.0	LECBP2R
4803540.0	42.46033500000001	0.498333	30800.0	1657917870.0	LECBP2R
4803540.0	42.3936	0.481301	31600.0	1657917900.0	LECBP2R
4803540.0	42.32822	0.464729	32500.0	1657917930.0	LECBP2R
