RTKey,Lat,Lon,Alt,Unixtime,Sector
4803138,41.195908,1.943973,36000.0,1657917401.0,LECBGOI
4803255,41.311775,1.932521,38000.0,1657917216.0,LECBGOI
4803266,42.807598,0.880301,36000.0,1657917671.0,LECBGOI
4803294,41.312519,1.919837,34000.0,1657917611.0,LECBGOI
4803302,40.847565,-0.713738,32000.0,1657917300.0,LECBP2R
4803309,40.888956,-0.698253,33000.0,1657917358.0,LECBP2R
4803319,40.897984,-0.692741,35000.0,1657917330.0,LECBP2R
4803344,41.322319,1.524955,36000.0,1657917946.0,LECBGOI
4803364,42.810875,0.862028,36000.0,1657917096.0,LECBGOI
4803375,40.234158,-0.19218,32000.0,1657917290.0,LECBP2R
4803397,40.232952,-0.192569,31400.0,1657917505.0,LECBP2R
4803406,40.482361,0.90657,35000.0,1657917706.0,LECBGOI
4803410,41.890385,0.610385,34000.0,1657917946.0,LECBP2R
4803429,40.234077,-0.191983,31600.0,1657917750.0,LECBP2R
4803446,40.409344,-0.122326,36000.0,1657917945.0,LECBP2R
4803459,40.684204,-0.014113,37000.0,1657917945.0,LECBP2R
4803460,40.872242,-0.09604,35000.0,1657917945.0,LECBP2R
4803463,40.757549,0.015366,41000.0,1657917945.0,LECBP2R
4803477,40.973499,0.101939,37000.0,1657917945.0,LECBP2R
4803504,41.599163,0.280745,31400.0,1657917945.0,LECBP2R
4803509,41.745903,0.181192,35000.0,1657917945.0,LECBP2R
4803523,41.987358,0.378554,37000.0,1657917945.0,LECBP2R
4803540,42.295811,0.456575,33000.0,1657917945.0,LECBP2R
