RTKey,Lat,Lon,Alt,Unixtime,Sector
4803138,41.195908,1.943973,36000.0,1657917401.0,LECBGOI
4803255,41.311775,1.932521,38000.0,1657917216.0,LECBGOI
4803266,42.807598,0.880301,36000.0,1657917671.0,LECBGOI
4803294,41.312519,1.919837,34000.0,1657917611.0,LECBGOI
4803302,40.847565,-0.713738,32000.0,1657917300.0,LECBP2R
4803309,40.888956,-0.698253,33000.0,1657917358.0,LECBP2R
4803319,40.897984,-0.692741,35000.0,1657917330.0,LECBP2R
4803335,41.312229,1.923438,36000.0,1657917946.0,LECBGOI
4803375,40.234158,-0.19218,32000.0,1657917290.0,LECBP2R
4803397,40.232952,-0.192569,31400.0,1657917505.0,LECBP2R
4803406,40.482361,0.90657,35000.0,1657917706.0,LECBGOI
4803410,41.751354,0.974441,34000.0,1657918091.0,LECBGOI
4803429,40.234077,-0.191983,31600.0,1657917750.0,LECBP2R
4803446,40.240105,-0.188842,31800.0,1657918030.0,LECBP2R
4803459,40.407791,-0.123998,34500.0,1657918091.0,LECBP2R
4803460,40.871914,-0.463326,35000.0,1657918087.0,LECBP2R
4803463,40.474937,-0.0971,41000.0,1657918091.0,LECBP2R
4803477,40.68816,-0.012476,36900.0,1657918091.0,LECBP2R
4803504,41.45063,0.243994,30700.0,1657918020.0,LECBP2R
4803509,41.468197,0.027724,35000.0,1657918091.0,LECBP2R
4803523,41.686947,0.303385,37000.0,1657918091.0,LECBP2R
4803540,42.020058,0.288255,37100.0,1657918091.0,LECBP2R
