RTKey	Lat	Lon	Alt	Unixtime	Sector
6125191.0	43.290803200000006	0.7518318	38000.0	1675116540.0	LFBBNH4
6125191.0	43.3239166	0.8304353999999999	38000.0	1675116570.0	LFBBNH4
6125191.0	43.3572734	0.9087626	38000.0	1675116600.0	LFBBNH4
6125191.0	43.3908904	0.9867598	38000.0	1675116630.0	LFBBNH4
6125191.0	43.4247762	1.0650064	38000.0	1675116660.0	LFBBNH4
6125191.0	43.4654064	1.1348665999999998	38000.0	1675116690.0	LFBBNH4
6125191.0	43.5063892	1.2043732	38000.0	1675116720.0	LFBBNH4
6125191.0	43.545773	1.272241	38000.0	1675116750.0	LFBBNH4
6125191.0	43.586246	1.342265	38000.0	1675116780.0	LFBBNH4
6125191.0	43.626629	1.412283	38000.0	1675116810.0	LFBBNH4
6125191.0	43.667072	1.482355	38000.0	1675116840.0	LFBBNH4
6125191.0	43.707653	1.552425	38000.0	1675116870.0	LFBBNH4
6125191.0	43.748474	1.622342	38000.0	1675116900.0	LFBBNH4
6125191.0	43.789143	1.69319	38000.0	1675116930.0	LFBBNH4
6125191.0	43.8314304	1.766972	38000.0	1675116960.0	LFBBNH4
6125191.0	43.87154	1.835513	38000.0	1675116990.0	LFBBNH4
6125389.0	43.427086	0.849906	38000.0	1675116540.0	LFBBNH4
6125389.0	43.48487759999999	0.8490489999999999	38000.0	1675116570.0	LFBBNH4
6125389.0	43.54194560000001	0.8323514000000002	38000.0	1675116600.0	LFBBNH4
6125435.0	42.791687	0.750215	38000.0	1675116540.0	LECBGO3
6125435.0	42.848911	0.729202	38000.0	1675116570.0	LFBBNH4
6125435.0	42.90460120000001	0.7087978	38000.0	1675116600.0	LFBBNH4
6125435.0	42.961836000000005	0.6876334000000001	38000.0	1675116630.0	LFBBNH4
6125435.0	43.021015	0.665796	38000.0	1675116660.0	LFBBNH4
6125435.0	43.078335	0.644835	38000.0	1675116690.0	LFBBNH4
6125435.0	43.135677	0.623812	38000.0	1675116720.0	LFBBNH4
6125435.0	43.193085	0.602819	38000.0	1675116750.0	LFBBNH4
6125435.0	43.250416	0.581674	38000.0	1675116780.0	LFBBNH4
6125435.0	43.307659	0.56056	38000.0	1675116810.0	LFBBNH4
6125435.0	43.364712	0.53925	38000.0	1675116840.0	LFBBNH4
6125446.0	42.611805	0.858386	38000.0	1675116540.0	LECBGO3
6125446.0	42.672039	0.859158	38000.0	1675116570.0	LECBGO3
6125446.0	42.73031120000001	0.8599507999999998	38000.0	1675116600.0	LECBGO3
6125446.0	42.78987800000001	0.8604934	38000.0	1675116630.0	LECBGO3
6125446.0	42.851543	0.860831	38000.0	1675116660.0	LFBBNH4
6125446.0	42.911167	0.861293	38000.0	1675116690.0	LFBBNH4
6125446.0	42.97094	0.861936	38000.0	1675116720.0	LFBBNH4
6125446.0	43.030743	0.862694	38000.0	1675116750.0	LFBBNH4
6125446.0	43.090576	0.863521	38000.0	1675116780.0	LFBBNH4
6125446.0	43.150372	0.86435	38000.0	1675116810.0	LFBBNH4
6125446.0	43.209076	0.856582	38000.0	1675116840.0	LFBBNH4
6125446.0	43.262722	0.829942	38000.0	1675116870.0	LFBBNH4
6125446.0	43.314999	0.799937	38000.0	1675116900.0	LFBBNH4
6125446.0	43.367264	0.770019	38000.0	1675116930.0	LFBBNH4
6125446.0	43.419422	0.740053	38000.0	1675116960.0	LFBBNH4
6125446.0	43.4699998	0.7108311999999999	38000.0	1675116990.0	LFBBNH4
6125474.0	42.351181	0.900769	38000.0	1675116540.0	LECBGO3
6125474.0	42.412121	0.899731	38000.0	1675116570.0	LECBGO3
6125474.0	42.47122120000001	0.8987314000000001	38000.0	1675116600.0	LECBGO3
6125474.0	42.53181999999999	0.8976407999999998	38000.0	1675116630.0	LECBGO3
6125474.0	42.594257	0.896427	38000.0	1675116660.0	LECBGO3
6125474.0	42.654686	0.895292	38000.0	1675116690.0	LECBGO3
6125474.0	42.714981	0.894224	38000.0	1675116720.0	LECBGO3
6125474.0	42.775005	0.893177	38000.0	1675116750.0	LECBGO3
6125474.0	42.834644	0.892017	38000.0	1675116780.0	LFBBNH4
6125474.0	42.894398	0.890832	38000.0	1675116810.0	LFBBNH4
6125474.0	42.95372	0.884794	38000.0	1675116840.0	LFBBNH4
6125474.0	43.009583	0.864491	38000.0	1675116870.0	LFBBNH4
6125474.0	43.065319	0.843085	38000.0	1675116900.0	LFBBNH4
6125474.0	43.120693	0.819734	38000.0	1675116930.0	LFBBNH4
6125474.0	43.17606	0.796433	38000.0	1675116960.0	LFBBNH4
6125474.0	43.22995540000001	0.7736534	38000.0	1675116990.0	LFBBNH4
6125474.0	43.285394200000006	0.7503492	38000.0	1675117020.0	LFBBNH4
6125474.0	43.342587	0.725964	38000.0	1675117050.0	LFBBNH4
6125474.0	43.397823	0.702226	38000.0	1675117080.0	LFBBNH4
6125474.0	43.452705	0.678654	38000.0	1675117110.0	LFBBNH4
6125490.0	43.267509	0.964176	37000.0	1675117050.0	LFBBNH4
6125490.0	43.327145	0.963665	37500.0	1675117080.0	LFBBNH4
6125490.0	43.385963	0.963385	37800.0	1675117110.0	LFBBNH4
6125490.0	43.44521	0.963239	38000.0	1675117140.0	LFBBNH4
6125490.0	43.504189	0.962408	38000.0	1675117170.0	LFBBNH4
6125490.0	43.56353	0.961756	38000.0	1675117200.0	LFBBNH4
6125490.0	43.623619	0.962796	38000.0	1675117230.0	LFBBNH4
6125504.0	40.480587	0.904307	38000.0	1675117320.0	LECBGO3
6125504.0	40.526939	0.970531	38000.0	1675117350.0	LECBGO3
6125504.0	40.573135	1.036933	38000.0	1675117380.0	LECBGO3
6125504.0	40.619709	1.103512	38000.0	1675117410.0	LECBGO3
6125504.0	40.66581	1.169942	38000.0	1675117440.0	LECBGO3
6125504.0	40.710521600000014	1.2344982000000004	38000.0	1675117470.0	LECBGO3
6125504.0	40.756347000000005	1.3005703999999998	38000.0	1675117500.0	LECBGO3
6125504.0	40.8021596	1.3670175999999998	38000.0	1675117530.0	LECBGO3
6125504.0	40.847780400000005	1.4333383999999998	38000.0	1675117560.0	LECBGO3
6125504.0	40.8934278	1.4996045999999996	38000.0	1675117590.0	LECBGO3
6125504.0	40.9389934	1.5659812000000002	38000.0	1675117620.0	LECBGO3
6125504.0	40.98449519999999	1.6325056000000002	38000.0	1675117650.0	LECBGO3
6125504.0	41.03010959999999	1.6993095999999996	38000.0	1675117680.0	LECBGO3
6125504.0	41.07559659999999	1.7658996	38000.0	1675117710.0	LECBGO3
6125504.0	41.1210038	1.8326582	38000.0	1675117740.0	LECBGO3
6127673.0	41.397541	0.63573	38000.0	1675116540.0	LECBGO3
6127673.0	41.459328	0.651611	38000.0	1675116570.0	LECBGO3
6127673.0	41.52116	0.667587	38000.0	1675116600.0	LECBGO3
6127673.0	41.5811538	0.6834391999999999	38000.0	1675116630.0	LECBGO3
6127673.0	41.644901	0.700361	38000.0	1675116660.0	LECBGO3
6127673.0	41.706589	0.716294	38000.0	1675116690.0	LECBGO3
6127673.0	41.768288	0.732034	38000.0	1675116720.0	LECBGO3
6127673.0	41.829967	0.747736	38000.0	1675116750.0	LECBGO3
6127673.0	41.891624	0.763601	38000.0	1675116780.0	LECBGO3
6127673.0	41.953178	0.779452	38000.0	1675116810.0	LECBGO3
6127673.0	42.014442	0.795356	38000.0	1675116840.0	LECBGO3
6127673.0	42.075737	0.81167	38000.0	1675116870.0	LECBGO3
6127673.0	42.137165	0.828036	38000.0	1675116900.0	LECBGO3
6127673.0	42.19865	0.844029	38000.0	1675116930.0	LECBGO3
6127673.0	42.260063	0.860097	38000.0	1675116960.0	LECBGO3
6127673.0	42.31971039999999	0.8759206	38000.0	1675116990.0	LECBGO3
6127673.0	42.3812582	0.8923534	38000.0	1675117020.0	LECBGO3
6127673.0	42.44495	0.909333	38000.0	1675117050.0	LECBGO3
6127673.0	42.506927	0.925767	38000.0	1675117080.0	LECBGO3
6127673.0	42.568588	0.942167	38000.0	1675117110.0	LECBGO3
6127673.0	42.630272	0.958824	38000.0	1675117140.0	LECBGO3
6127673.0	42.69194	0.975557	38000.0	1675117170.0	LECBGO3
6127673.0	42.753532	0.992458	38000.0	1675117200.0	LECBGO3
6127673.0	42.815071	1.009392	38000.0	1675117230.0	LFBBNH4
6127673.0	42.876606	1.026177	38000.0	1675117260.0	LFBBNH4
6127673.0	42.938061	1.037531	38000.0	1675117290.0	LFBBNH4
6127673.0	42.999477	1.049316	38000.0	1675117320.0	LFBBNH4
6127673.0	43.060802	1.057467	38000.0	1675117350.0	LFBBNH4
6127673.0	43.1166538	1.0402901999999996	38000.0	1675117380.0	LFBBNH4
6127673.0	43.171055	1.00653	38000.0	1675117410.0	LFBBNH4
6127673.0	43.223827	0.974595	38000.0	1675117440.0	LFBBNH4
6127673.0	43.276222	0.94295	38000.0	1675117470.0	LFBBNH4
6127673.0	43.328403	0.911185	38000.0	1675117500.0	LFBBNH4
6127673.0	43.380379	0.879323	38000.0	1675117530.0	LFBBNH4
6127673.0	43.432171	0.847135	38000.0	1675117560.0	LFBBNH4
6127673.0	43.48407	0.814711	38000.0	1675117590.0	LFBBNH4
6127673.0	43.534558800000006	0.7833688000000001	38000.0	1675117620.0	LFBBNH4
6127716.0	41.6762688	1.6331547999999996	36780.0	1675116660.0	LECBGO3
6127716.0	41.7354768	1.623925	37480.0	1675116690.0	LECBGO3
6127716.0	41.7938542	1.6146906000000003	37880.0	1675116720.0	LECBGO3
6127716.0	41.8524162	1.6053928	38000.0	1675116750.0	LECBGO3
6127716.0	41.91167040000001	1.5959668000000002	38000.0	1675116780.0	LECBGO3
6127716.0	41.97058919999999	1.5867273999999998	38000.0	1675116810.0	LECBGO3
6127716.0	42.0293462	1.5774169999999998	38000.0	1675116840.0	LECBGO3
6127716.0	42.088289	1.5680635999999997	38000.0	1675116870.0	LECBGO3
6127716.0	42.14739439999999	1.5586236000000004	38000.0	1675116900.0	LECBGO3
6127716.0	42.206744	1.5492532	38000.0	1675116930.0	LECBGO3
6127716.0	42.26599739999999	1.5397800000000004	38000.0	1675116960.0	LECBGO3
6127716.0	42.32525220000001	1.5302582000000002	38000.0	1675116990.0	LECBGO3
6127716.0	42.3847188	1.5207069999999998	38000.0	1675117020.0	LECBGO3
6127716.0	42.4440962	1.5110924000000003	38000.0	1675117050.0	LFBBNH4
6127716.0	42.50332120000001	1.5012126	38000.0	1675117080.0	LFBBNH4
6127716.0	42.5622128	1.4913726000000005	38000.0	1675117110.0	LFBBNH4
6127716.0	42.6210482	1.481496	38000.0	1675117140.0	LFBBNH4
6127716.0	42.6801448	1.4717562000000002	38000.0	1675117170.0	LFBBNH4
6127716.0	42.739137000000014	1.4619347999999996	38000.0	1675117200.0	LFBBNH4
6127716.0	42.7978508	1.4521306000000005	38000.0	1675117230.0	LFBBNH4
6127716.0	42.85660779999999	1.4423676	38000.0	1675117260.0	LFBBNH4
6127716.0	42.91543700000001	1.4325241999999998	38000.0	1675117290.0	LFBBNH4
6127716.0	42.9741826	1.4227348	38000.0	1675117320.0	LFBBNH4
6127716.0	43.03248660000001	1.4130264000000003	38000.0	1675117350.0	LFBBNH4
6127716.0	43.09150260000001	1.403129	38000.0	1675117380.0	LFBBNH4
6127716.0	43.15019659999999	1.3933270000000002	38000.0	1675117410.0	LFBBNH4
6127716.0	43.2087962	1.3834331999999996	38000.0	1675117440.0	LFBBNH4
6127716.0	43.26737259999999	1.3735987999999997	38000.0	1675117470.0	LFBBNH4
6127716.0	43.3259564	1.3637240000000004	38000.0	1675117500.0	LFBBNH4
6127716.0	43.3845646	1.3539544000000003	38000.0	1675117530.0	LFBBNH4
6127716.0	43.44306619999999	1.3438922000000002	38000.0	1675117560.0	LFBBNH4
6127716.0	43.5010452	1.3348849999999997	38000.0	1675117590.0	LFBBNH4
6127716.0	43.5593002	1.3244107999999997	38000.0	1675117620.0	LFBBNH4
6127716.0	43.61755399999999	1.3132571999999998	38000.0	1675117650.0	LFBBNH4
6127716.0	43.67580600000001	1.3034683999999996	38000.0	1675117680.0	LFBBNH4
6127716.0	43.73453439999999	1.2937720000000004	38000.0	1675117710.0	LFBBNH4
6127716.0	43.79447979999999	1.2834662	38000.0	1675117740.0	LFBBNH4
6127724.0	40.746849	0.461821	38000.0	1675116570.0	LECBGO3
6127724.0	40.809345	0.477782	38000.0	1675116600.0	LECBGO3
6127724.0	40.872124	0.493812	38000.0	1675116630.0	LECBGO3
6127724.0	40.934597	0.509764	38000.0	1675116660.0	LECBGO3
6127724.0	40.997353	0.525985	38000.0	1675116690.0	LECBGO3
6127724.0	41.059769	0.542262	38000.0	1675116720.0	LECBGO3
6127724.0	41.122147	0.558436	38000.0	1675116750.0	LECBGO3
6127724.0	41.184387	0.574531	38000.0	1675116780.0	LECBGO3
6127724.0	41.246258	0.590548	38000.0	1675116810.0	LECBGO3
6127724.0	41.30809	0.606484	38000.0	1675116840.0	LECBGO3
6127724.0	41.370003	0.622582	38000.0	1675116870.0	LECBGO3
6127724.0	41.431709	0.63871	38000.0	1675116900.0	LECBGO3
6127724.0	41.493313	0.654892	38000.0	1675116930.0	LECBGO3
6127724.0	41.554813	0.671126	38000.0	1675116960.0	LECBGO3
6127724.0	41.616058	0.68717	38000.0	1675116990.0	LECBGO3
6127724.0	41.675591800000014	0.7027935999999999	38000.0	1675117020.0	LECBGO3
6127724.0	41.739086	0.719541	38000.0	1675117050.0	LECBGO3
6127724.0	41.800518	0.735739	38000.0	1675117080.0	LECBGO3
6127724.0	41.862015	0.751989	38000.0	1675117110.0	LECBGO3
6127724.0	41.923523	0.768313	38000.0	1675117140.0	LECBGO3
6127724.0	41.985043	0.784556	38000.0	1675117170.0	LECBGO3
6127724.0	42.046589	0.800806	38000.0	1675117200.0	LECBGO3
6127724.0	42.10825	0.817265	38000.0	1675117230.0	LECBGO3
6127724.0	42.170406	0.833953	38000.0	1675117260.0	LECBGO3
6127724.0	42.23241	0.85054	38000.0	1675117290.0	LECBGO3
6127724.0	42.294456	0.867314	38000.0	1675117320.0	LECBGO3
6127724.0	42.357021	0.873672	38000.0	1675117350.0	LECBGO3
6127724.0	42.417046	0.8724924000000002	38000.0	1675117380.0	LECBGO3
6127724.0	42.48103	0.872567	38000.0	1675117410.0	LECBGO3
6127724.0	42.542934	0.872509	38000.0	1675117440.0	LECBGO3
6127724.0	42.604752	0.872518	38000.0	1675117470.0	LECBGO3
6127724.0	42.666534	0.872482	38000.0	1675117500.0	LECBGO3
6127724.0	42.725368	0.8571	38000.0	1675117530.0	LECBGO3
6127724.0	42.782383	0.835821	38000.0	1675117560.0	LECBGO3
6127724.0	42.839188	0.813849	38000.0	1675117590.0	LFBBNH4
6127724.0	42.894297	0.7925732	38000.0	1675117620.0	LFBBNH4
6127724.0	42.95097279999999	0.7706109999999999	38000.0	1675117650.0	LFBBNH4
6127724.0	43.00951	0.747834	38000.0	1675117680.0	LFBBNH4
6127724.0	43.066074	0.725707	38000.0	1675117710.0	LFBBNH4
6127724.0	43.122513	0.703655	38000.0	1675117740.0	LFBBNH4
6127740.0	42.611717	0.840187	36500.0	1675117110.0	LECBGO3
6127740.0	42.671192	0.842933	36800.0	1675117140.0	LECBGO3
6127740.0	42.730247	0.846002	37000.0	1675117170.0	LECBGO3
6127740.0	42.789749	0.848757	37000.0	1675117200.0	LECBGO3
6127740.0	42.849365	0.851223	37400.0	1675117230.0	LFBBNH4
6127740.0	42.907814	0.853541	37900.0	1675117260.0	LFBBNH4
6127740.0	42.965492	0.856003	38400.0	1675117290.0	LFBBNH4
6127740.0	43.022404	0.858791	38900.0	1675117320.0	LFBBNH4
6127740.0	43.078053	0.857457	39400.0	1675117350.0	LFBBNH4
6127740.0	43.127177	0.8368796	39780.0	1675117380.0	LFBBNH4
6127740.0	43.177387	0.809825	40100.0	1675117410.0	LFBBNH4
6127740.0	43.225681	0.783674	40500.0	1675117440.0	LFBBNH4
6127740.0	43.272987	0.757832	40900.0	1675117470.0	LFBBNH4
6127740.0	43.320286	0.732042	41300.0	1675117500.0	LFBBNH4
6127740.0	43.366825	0.706471	41700.0	1675117530.0	LFBBNH4
6127740.0	43.412964	0.681071	42100.0	1675117560.0	LFBBNH4
6127740.0	43.459007	0.655428	42300.0	1675117590.0	LFBBNH4
6127746.0	43.291786	1.076992	38000.0	1675116540.0	LFBBNH4
6127746.0	43.34995679999999	1.0873035999999996	38000.0	1675116570.0	LFBBNH4
6127746.0	43.4096898	1.0981147999999996	38000.0	1675116600.0	LFBBNH4
6127746.0	43.46944499999999	1.1089142	38000.0	1675116630.0	LFBBNH4
6127746.0	43.530846	1.111148	38000.0	1675116660.0	LFBBNH4
6127746.0	43.585087	1.08864	38000.0	1675116690.0	LFBBNH4
6127746.0	43.636715	1.057391	38000.0	1675116720.0	LFBBNH4
6127746.0	43.688782	1.027121	38000.0	1675116750.0	LFBBNH4
6127757.0	40.735611	0.512804	38000.0	1675116990.0	LECBGO3
6127757.0	40.79508983333334	0.5359811666666668	38000.0	1675117020.0	LECBGO3
6127757.0	40.857323	0.559852	38000.0	1675117050.0	LECBGO3
6127757.0	40.917408	0.582897	38000.0	1675117080.0	LECBGO3
6127757.0	40.977489	0.606203	38000.0	1675117110.0	LECBGO3
6127757.0	41.037464	0.629726	38000.0	1675117140.0	LECBGO3
6127757.0	41.097328	0.652786	38000.0	1675117170.0	LECBGO3
6127757.0	41.157257	0.675841	38000.0	1675117200.0	LECBGO3
6127757.0	41.21703	0.699094	38000.0	1675117230.0	LECBGO3
6127757.0	41.27676	0.722542	38000.0	1675117260.0	LECBGO3
6127757.0	41.336487	0.745767	38000.0	1675117290.0	LECBGO3
6127757.0	41.396221	0.769232	38000.0	1675117320.0	LECBGO3
6127757.0	41.456001	0.792672	38000.0	1675117350.0	LECBGO3
6127757.0	41.51439816666667	0.8154190000000001	38000.0	1675117380.0	LECBGO3
6127757.0	41.575943	0.839543	38000.0	1675117410.0	LECBGO3
6127757.0	41.635719	0.863242	38000.0	1675117440.0	LECBGO3
6127757.0	41.695492	0.887029	38000.0	1675117470.0	LECBGO3
6127757.0	41.755287	0.910814	38000.0	1675117500.0	LECBGO3
6127757.0	41.815113	0.934285	38000.0	1675117530.0	LECBGO3
6127757.0	41.874962	0.957687	38000.0	1675117560.0	LECBGO3
6127757.0	41.934822	0.981176	38000.0	1675117590.0	LECBGO3
6127757.0	41.994606	1.004797	38000.0	1675117620.0	LECBGO3
6127757.0	42.0526778	1.0277147999999998	38000.0	1675117650.0	LECBGO3
6127757.0	42.114311	1.052191	38000.0	1675117680.0	LECBGO3
6127757.0	42.174061	1.076098	38000.0	1675117710.0	LECBGO3
6127757.0	42.234135	1.10052	38000.0	1675117740.0	LECBGO3
6127798.0	40.9855742	1.4877096	36880.0	1675116780.0	LECBGO3
6127798.0	41.04499699999999	1.4718510000000002	37480.0	1675116810.0	LECBGO3
6127798.0	41.10366180000001	1.456319	38000.0	1675116840.0	LECBGO3
6127798.0	41.16243939999999	1.4406319999999997	38000.0	1675116870.0	LECBGO3
6127798.0	41.22109439999999	1.4247944	38000.0	1675116900.0	LECBGO3
6127798.0	41.27979939999999	1.4089246	38000.0	1675116930.0	LECBGO3
6127798.0	41.33852639999999	1.3930531999999998	38000.0	1675116960.0	LECBGO3
6127798.0	41.3972852	1.3772426000000002	38000.0	1675116990.0	LECBGO3
6127798.0	41.4560692	1.3614489999999997	38000.0	1675117020.0	LECBGO3
6127798.0	41.5150596	1.3454594000000004	38000.0	1675117050.0	LECBGO3
6127798.0	41.57378399999999	1.3295658	38000.0	1675117080.0	LECBGO3
6127798.0	41.632445	1.3136832	38000.0	1675117110.0	LECBGO3
6127798.0	41.69087579999999	1.2974480000000002	38000.0	1675117140.0	LECBGO3
6127798.0	41.74920280000001	1.2813488000000002	38000.0	1675117170.0	LECBGO3
6127798.0	41.80769399999999	1.2655818	38000.0	1675117200.0	LECBGO3
6127798.0	41.8659458	1.2499120000000004	38000.0	1675117230.0	LECBGO3
6127798.0	41.9241346	1.234098	38000.0	1675117260.0	LECBGO3
6127798.0	41.9822786	1.2181263999999996	38000.0	1675117290.0	LECBGO3
6127798.0	42.041805	1.20159	38000.0	1675117320.0	LECBGO3
6127798.0	42.099392	1.1854	38000.0	1675117350.0	LECBGO3
6127798.0	42.153685800000005	1.1635906	38000.0	1675117380.0	LECBGO3
6127798.0	42.211426	1.140634	38000.0	1675117410.0	LECBGO3
6127798.0	42.267242	1.118361	38000.0	1675117440.0	LECBGO3
6127798.0	42.323002	1.096163	38000.0	1675117470.0	LECBGO3
6127798.0	42.378757	1.074061	38000.0	1675117500.0	LECBGO3
6127798.0	42.434505	1.051854	38000.0	1675117530.0	LECBGO3
6127798.0	42.490196	1.029407	38000.0	1675117560.0	LECBGO3
6127798.0	42.545929	1.007078	38000.0	1675117590.0	LECBGO3
6127798.0	42.600427	0.9852741666666666	38000.0	1675117620.0	LECBGO3
6127798.0	42.65601899999999	0.9630044000000002	38000.0	1675117650.0	LECBGO3
6127798.0	42.713799	0.939788	38000.0	1675117680.0	LECBGO3
6127798.0	42.769657	0.917235	38000.0	1675117710.0	LECBGO3
6127798.0	42.825394	0.89444	38000.0	1675117740.0	LFBBNH4
6127807.0	40.72366579999999	1.394967	36780.0	1675116780.0	LECBGO3
6127807.0	40.77972599999999	1.3656555999999995	37580.0	1675116810.0	LECBGO3
6127807.0	40.83643260000001	1.3453899999999996	38000.0	1675116840.0	LECBGO3
6127807.0	40.89612360000001	1.3371495999999998	38000.0	1675116870.0	LECBGO3
6127807.0	40.95530939999999	1.3280754	38000.0	1675116900.0	LECBGO3
6127807.0	41.01367819999999	1.3154852	38000.0	1675116930.0	LECBGO3
6127807.0	41.07173379999999	1.3026125999999998	38000.0	1675116960.0	LECBGO3
6127807.0	41.12988520000001	1.2889672	38000.0	1675116990.0	LECBGO3
6127807.0	41.18829600000001	1.2755071999999996	38000.0	1675117020.0	LECBGO3
6127807.0	41.2477744	1.266057	38000.0	1675117050.0	LECBGO3
6127807.0	41.30728140000001	1.2563296000000004	38000.0	1675117080.0	LECBGO3
6127807.0	41.36658439999999	1.2464608	38000.0	1675117110.0	LECBGO3
6127807.0	41.4259824	1.2363084	38000.0	1675117140.0	LECBGO3
6127807.0	41.48532420000001	1.2257829999999996	38000.0	1675117170.0	LECBGO3
6127807.0	41.546459	1.214925	38000.0	1675117200.0	LECBGO3
6127807.0	41.60598	1.204486	38000.0	1675117230.0	LECBGO3
6127807.0	41.665497	1.19405	38000.0	1675117260.0	LECBGO3
6127807.0	41.725113	1.183618	38000.0	1675117290.0	LECBGO3
6127807.0	41.78471	1.173257	38000.0	1675117320.0	LECBGO3
6127807.0	41.844318	1.162921	38000.0	1675117350.0	LECBGO3
6127807.0	41.90210800000001	1.1528180000000003	38000.0	1675117380.0	LECBGO3
6127807.0	41.963562	1.142036	38000.0	1675117410.0	LECBGO3
6127807.0	42.02298	1.131555	38000.0	1675117440.0	LECBGO3
6127807.0	42.081978	1.12101	38000.0	1675117470.0	LECBGO3
6127807.0	42.141388	1.112617	38000.0	1675117500.0	LECBGO3
6127807.0	42.201134	1.105262	38000.0	1675117530.0	LECBGO3
6127807.0	42.260891	1.097848	38000.0	1675117560.0	LECBGO3
6127807.0	42.320595	1.090039	38000.0	1675117590.0	LECBGO3
6127807.0	42.378858166666674	1.082244	38000.0	1675117620.0	LECBGO3
6127807.0	42.43814980000001	1.0740302000000004	38000.0	1675117650.0	LECBGO3
6127807.0	42.499443	1.065444	38000.0	1675117680.0	LECBGO3
6127807.0	42.557297	1.051497	38000.0	1675117710.0	LECBGO3
6127807.0	42.613247	1.02754	38000.0	1675117740.0	LECBGO3
6127819.0	41.13939099999999	1.3804215999999996	36800.0	1675117110.0	LECBGO3
6127819.0	41.19944	1.3666545999999995	37180.0	1675117140.0	LECBGO3
6127819.0	41.25848739999999	1.3532267999999998	37500.0	1675117170.0	LECBGO3
6127819.0	41.3175094	1.3396782000000005	37800.0	1675117200.0	LECBGO3
6127819.0	41.3765532	1.3261231999999996	38000.0	1675117230.0	LECBGO3
6127819.0	41.43557119999999	1.3126870000000004	38000.0	1675117260.0	LECBGO3
6127819.0	41.4945762	1.2990751999999997	38000.0	1675117290.0	LECBGO3
6127819.0	41.5535404	1.2854086000000002	38000.0	1675117320.0	LECBGO3
6127819.0	41.6124814	1.2716864000000003	38000.0	1675117350.0	LECBGO3
6127819.0	41.67133019999999	1.2580562	38000.0	1675117380.0	LECBGO3
6127819.0	41.73041699999999	1.2443694000000003	38000.0	1675117410.0	LECBGO3
6127819.0	41.78914680000001	1.2307617999999998	38000.0	1675117440.0	LECBGO3
6127819.0	41.847607800000006	1.2171335999999997	38000.0	1675117470.0	LECBGO3
6127819.0	41.907875	1.203227	38000.0	1675117500.0	LECBGO3
6127819.0	41.966549	1.189728	38000.0	1675117530.0	LECBGO3
6127819.0	42.025002	1.176004	38000.0	1675117560.0	LECBGO3
6127819.0	42.083351	1.16201	38000.0	1675117590.0	LECBGO3
6127819.0	42.141716	1.14826	38000.0	1675117620.0	LECBGO3
6127819.0	42.19846659999999	1.1351586000000002	38000.0	1675117650.0	LECBGO3
6127819.0	42.258713	1.120886	38000.0	1675117680.0	LECBGO3
6127819.0	42.316963	1.106882	38000.0	1675117710.0	LECBGO3
6127819.0	42.375195	1.092943	38000.0	1675117740.0	LECBGO3
6127835.0	41.17619580000001	1.914492	37000.0	1675116810.0	LECBGO3
6127835.0	41.13693799999999	1.8564526000000003	37000.0	1675116840.0	LECBGO3
6127835.0	41.09723159999999	1.7977198	37000.0	1675116870.0	LECBGO3
6127835.0	41.05806259999999	1.740056	37000.0	1675116900.0	LECBGO3
6127835.0	41.01871599999999	1.6824181999999996	37000.0	1675116930.0	LECBGO3
6127835.0	40.9793458	1.6248524000000004	37000.0	1675116960.0	LECBGO3
6127835.0	40.93998639999999	1.5673496	37000.0	1675116990.0	LECBGO3
6127835.0	40.9006052	1.5098835999999998	37000.0	1675117020.0	LECBGO3
6127835.0	40.86094680000001	1.452167	37000.0	1675117050.0	LECBGO3
6127835.0	40.82144739999999	1.3949134000000003	37000.0	1675117080.0	LECBGO3
6127835.0	40.7819132	1.3378807999999998	37000.0	1675117110.0	LECBGO3
6127835.0	40.74242919999999	1.2808525999999996	37000.0	1675117140.0	LECBGO3
6127835.0	40.70317700000001	1.2238957999999998	37000.0	1675117170.0	LECBGO3
6127835.0	40.662739	1.165346	37000.0	1675117200.0	LECBGO3
6127835.0	40.623215	1.108409	37000.0	1675117230.0	LECBGO3
6127835.0	40.583527	1.051451	37000.0	1675117260.0	LECBGO3
6127835.0	40.543644	0.994363	37000.0	1675117290.0	LECBGO3
6127835.0	40.503666	0.937058	37000.0	1675117320.0	LECBGO3
6127870.0	40.95157500000001	1.2956761999999995	36980.0	1675117380.0	LECBGO3
6127870.0	41.0121516	1.2856800000000004	37500.0	1675117410.0	LECBGO3
6127870.0	41.071578400000014	1.2759156	37980.0	1675117440.0	LECBGO3
6127870.0	41.13099259999999	1.2663365999999996	38000.0	1675117470.0	LECBGO3
6127870.0	41.19048659999999	1.2570055999999996	38000.0	1675117500.0	LECBGO3
6127870.0	41.24990740000001	1.2474287999999996	38000.0	1675117530.0	LECBGO3
6127870.0	41.309192200000005	1.2378656	38000.0	1675117560.0	LECBGO3
6127870.0	41.368346	1.2283075999999995	38000.0	1675117590.0	LECBGO3
6127870.0	41.42706120000001	1.2188117999999997	38000.0	1675117620.0	LECBGO3
6127870.0	41.485937	1.2092558000000002	38000.0	1675117650.0	LECBGO3
6127870.0	41.546791	1.199349	38000.0	1675117680.0	LECBGO3
6127870.0	41.605629	1.189762	38000.0	1675117710.0	LECBGO3
6127870.0	41.664513	1.180225	38000.0	1675117740.0	LECBGO3
6127885.0	41.42062399999999	1.8361860000000003	37000.0	1675117110.0	LECBGO3
6127885.0	41.40474599999999	1.7645644	37000.0	1675117140.0	LECBGO3
6127885.0	41.38886139999999	1.6929012	37000.0	1675117170.0	LECBGO3
6127885.0	41.37252060000001	1.6211633999999997	37000.0	1675117200.0	LECBGO3
6127885.0	41.35624440000001	1.5495062000000004	37000.0	1675117230.0	LECBGO3
6127885.0	41.3399418	1.477879	37000.0	1675117260.0	LECBGO3
6127885.0	41.32369739999999	1.4061898	37000.0	1675117290.0	LECBGO3
6127885.0	41.3074628	1.3345347999999997	37000.0	1675117320.0	LECBGO3
6127885.0	41.29115340000001	1.2629156	37000.0	1675117350.0	LECBGO3
6127885.0	41.2749065	1.190991666666667	37000.0	1675117380.0	LECBGO3
6127885.0	41.258251	1.117263	37000.0	1675117410.0	LECBGO3
6127885.0	41.241898	1.04566	37000.0	1675117440.0	LECBGO3
6127885.0	41.225487	0.974115	37000.0	1675117470.0	LECBGO3
6127885.0	41.208981	0.902716	37000.0	1675117500.0	LECBGO3
6127885.0	41.192448	0.831462	37000.0	1675117530.0	LECBGO3
6127885.0	41.175919	0.760398	37000.0	1675117560.0	LECBGO3
6127885.0	41.159588	0.689544	37000.0	1675117590.0	LECBGO3
6127885.0	41.146671	0.617568	37000.0	1675117620.0	LECBGO3
6127885.0	41.133523	0.5478457999999998	37000.0	1675117650.0	LECBGO3
6127885.0	41.119595	0.474155	37000.0	1675117680.0	LECBGO3
6127912.0	39.7598906	1.3593913999999998	38000.0	1675117350.0	LECBGO3
6127912.0	39.8212964	1.3511503999999996	38000.0	1675117380.0	LECBGO3
6127912.0	39.884682	1.342635	38000.0	1675117410.0	LECBGO3
6127912.0	39.9442474	1.3346129999999996	38000.0	1675117440.0	LECBGO3
6127912.0	40.0055004	1.326407	38000.0	1675117470.0	LECBGO3
6127912.0	40.06675239999999	1.3182598000000003	38000.0	1675117500.0	LECBGO3
6127912.0	40.1279054	1.3100504	38000.0	1675117530.0	LECBGO3
6127912.0	40.18877320000001	1.3018612000000005	38000.0	1675117560.0	LECBGO3
6127912.0	40.24967640000001	1.2937358000000003	38000.0	1675117590.0	LECBGO3
6127912.0	40.31063219999999	1.2855518	38000.0	1675117620.0	LECBGO3
6127912.0	40.37148320000001	1.2772842	38000.0	1675117650.0	LECBGO3
6127912.0	40.4325388	1.2689974000000002	38000.0	1675117680.0	LECBGO3
6127912.0	40.4932792	1.2608926	38000.0	1675117710.0	LECBGO3
6127912.0	40.553955	1.2526503999999996	38000.0	1675117740.0	LECBGO3
6127918.0	41.072952	1.181734	36700.0	1675117680.0	LECBGO3
6127918.0	41.133217	1.173324	37200.0	1675117710.0	LECBGO3
6127918.0	41.192097	1.165429	37900.0	1675117740.0	LECBGO3
6127974.0	43.27496	0.714797	37000.0	1675116540.0	LFBBNH4
6127974.0	43.215519	0.698625	37100.0	1675116570.0	LFBBNH4
6127974.0	43.15771579999999	0.6828968000000001	37000.0	1675116600.0	LFBBNH4
6127974.0	43.09818659999999	0.6667799999999998	37080.0	1675116630.0	LFBBNH4
6127974.0	43.036781	0.650587	37000.0	1675116660.0	LFBBNH4
6127974.0	42.977386	0.634873	37000.0	1675116690.0	LFBBNH4
6127974.0	42.918007	0.619392	37000.0	1675116720.0	LFBBNH4
6127974.0	42.858639	0.603985	37000.0	1675116750.0	LFBBNH4
6127974.0	42.7995	0.58858	37000.0	1675116780.0	LFBBNH4
6127974.0	42.740772	0.57311	37000.0	1675116810.0	LFBBNH4
6127989.0	43.29192160000001	2.0134868000000004	39000.0	1675116540.0	LFBBNH4
6127989.0	43.22502959999999	2.0295832000000003	39000.0	1675116570.0	LFBBNH4
6127989.0	43.1581658	2.0453595999999994	39000.0	1675116600.0	LFBBNH4
6127989.0	43.09085839999999	2.0612206000000004	39000.0	1675116630.0	LFBBNH4
6127989.0	43.0238986	2.0770528000000006	39000.0	1675116660.0	LFBBNH4
6127989.0	42.95692059999999	2.0929666000000005	39000.0	1675116690.0	LFBBNH4
6127989.0	42.88990500000001	2.1088603999999997	39000.0	1675116720.0	LFBBNH4
6127989.0	42.82290819999999	2.1247631999999994	39000.0	1675116750.0	LFBBNH4
6127989.0	42.75597919999999	2.1406068	39000.0	1675116780.0	LFBBNH4
6127989.0	42.68908119999999	2.1563235999999995	39000.0	1675116810.0	LFBBNH4
6127989.0	42.62219419999999	2.1719286000000007	39000.0	1675116840.0	LFBBNH4
6127989.0	42.55530319999999	2.1875101999999997	39000.0	1675116870.0	LFBBNH4
6127989.0	42.4883832	2.2032406000000004	39000.0	1675116900.0	LFBBNH4
6127992.0	43.272065600000005	0.3905738	37000.0	1675116540.0	LFBBNH4
6127992.0	43.2380458	0.3297234	37000.0	1675116570.0	LFBBNH4
6127992.0	43.2042222	0.2691186	37000.0	1675116600.0	LFBBNH4
6127992.0	43.1702644	0.2082318	37000.0	1675116630.0	LFBBNH4
6127992.0	43.136274	0.1473006	37000.0	1675116660.0	LFBBNH4
6128038.0	43.87842900000001	1.7642734	37000.0	1675116540.0	LFBBNH4
6128038.0	43.81296500000001	1.777369	37000.0	1675116570.0	LFBBNH4
6128038.0	43.7471668	1.7904673999999998	37000.0	1675116600.0	LFBBNH4
6128038.0	43.68182560000001	1.8033682	37000.0	1675116630.0	LFBBNH4
6128038.0	43.616575800000014	1.816216	37000.0	1675116660.0	LFBBNH4
6128038.0	43.55170819999999	1.828822	37000.0	1675116690.0	LFBBNH4
6128038.0	43.4869998	1.8416830000000004	37000.0	1675116720.0	LFBBNH4
6128038.0	43.422365	1.854322	37000.0	1675116750.0	LFBBNH4
6128038.0	43.3579288	1.8668654	37000.0	1675116780.0	LFBBNH4
6128038.0	43.293547200000006	1.8794472	37000.0	1675116810.0	LFBBNH4
6128038.0	43.2291718	1.8919186	37000.0	1675116840.0	LFBBNH4
6128038.0	43.164733	1.9044412	37000.0	1675116870.0	LFBBNH4
6128038.0	43.100241	1.9167974	37000.0	1675116900.0	LFBBNH4
6128038.0	43.0356896	1.9290696	37000.0	1675116930.0	LFBBNH4
6128038.0	42.97113439999999	1.9414538	37000.0	1675116960.0	LFBBNH4
6128038.0	42.9059596	1.954124	37000.0	1675116990.0	LFBBNH4
6128038.0	42.84148779999999	1.9667404	37000.0	1675117020.0	LFBBNH4
6128038.0	42.77708539999999	1.9792648000000004	37000.0	1675117050.0	LFBBNH4
6128038.0	42.7127276	1.9915622	37000.0	1675117080.0	LFBBNH4
6128038.0	42.64825839999999	2.0039156	37000.0	1675117110.0	LFBBNH4
6128038.0	42.5837134	2.0161398	37000.0	1675117140.0	LFBBNH4
6128038.0	42.51925739999999	2.0282292	37000.0	1675117170.0	LFBBNH4
6128038.0	42.4549464	2.0403782000000006	37000.0	1675117200.0	LFBBNH4
6128038.0	42.391215400000014	2.0524434000000005	37000.0	1675117230.0	LFBBNH4
6128064.0	44.03893079999999	1.8058522000000004	37000.0	1675116600.0	LFBBNH4
6128064.0	43.97630979999999	1.8190426	37000.0	1675116630.0	LFBBNH4
6128064.0	43.91372419999999	1.8270512	37000.0	1675116660.0	LFBBNH4
6128064.0	43.85104040000001	1.8334066	37000.0	1675116690.0	LFBBNH4
6128064.0	43.78830419999999	1.839739	37000.0	1675116720.0	LFBBNH4
6128064.0	43.72562840000001	1.8459184000000004	37000.0	1675116750.0	LFBBNH4
6128064.0	43.6628192	1.8520934	37000.0	1675116780.0	LFBBNH4
6128064.0	43.60003079999999	1.8582202000000003	37000.0	1675116810.0	LFBBNH4
6128064.0	43.53726379999999	1.8642662000000003	37000.0	1675116840.0	LFBBNH4
6128064.0	43.474554	1.8702562	37000.0	1675116870.0	LFBBNH4
6128064.0	43.41210020000001	1.8761228	37000.0	1675116900.0	LFBBNH4
6128064.0	43.3502352	1.8820162	37000.0	1675116930.0	LFBBNH4
6128064.0	43.288256	1.8881216	37000.0	1675116960.0	LFBBNH4
6128064.0	43.226348	1.8941472	37000.0	1675116990.0	LFBBNH4
6128064.0	43.16422520000001	1.9000778000000005	37000.0	1675117020.0	LFBBNH4
6128064.0	43.102462200000005	1.9059732	37000.0	1675117050.0	LFBBNH4
6128064.0	43.04066480000001	1.911713	37000.0	1675117080.0	LFBBNH4
6128064.0	42.978866200000006	1.9175458000000003	37000.0	1675117110.0	LFBBNH4
6128064.0	42.917095	1.923418	37000.0	1675117140.0	LFBBNH4
6128064.0	42.85535420000001	1.9292566	37000.0	1675117170.0	LFBBNH4
6128064.0	42.793705400000015	1.9351318	37000.0	1675117200.0	LFBBNH4
6128064.0	42.73177500000001	1.9409922	37000.0	1675117230.0	LFBBNH4
6128064.0	42.6705994	1.949988	37000.0	1675117260.0	LFBBNH4
6128064.0	42.6088428	1.9689686	37000.0	1675117290.0	LFBBNH4
6128064.0	42.547338800000006	1.991494	37000.0	1675117320.0	LFBBNH4
6128064.0	42.4857768	2.0135490000000003	37000.0	1675117350.0	LFBBNH4
6128064.0	42.42402900000001	2.035659199999999	37000.0	1675117380.0	LFBBNH4
6128103.0	43.98912	1.6956642000000004	37000.0	1675116870.0	LFBBNH4
6128103.0	43.9258646	1.7103133999999998	37000.0	1675116900.0	LFBBNH4
6128103.0	43.86250959999999	1.7247854	37000.0	1675116930.0	LFBBNH4
6128103.0	43.79910859999999	1.7392052	37000.0	1675116960.0	LFBBNH4
6128103.0	43.73524640000001	1.7538122	37000.0	1675116990.0	LFBBNH4
6128103.0	43.67174360000001	1.7682825999999996	37000.0	1675117020.0	LFBBNH4
6128103.0	43.60838660000001	1.7826529999999996	37000.0	1675117050.0	LFBBNH4
6128103.0	43.54514379999999	1.7968854	37000.0	1675117080.0	LFBBNH4
6128103.0	43.48221280000001	1.8110474	37000.0	1675117110.0	LFBBNH4
6128103.0	43.4194868	1.8250828000000003	37000.0	1675117140.0	LFBBNH4
6128103.0	43.35690659999999	1.8390882	37000.0	1675117170.0	LFBBNH4
6128103.0	43.29445380000001	1.8531126	37000.0	1675117200.0	LFBBNH4
6128103.0	43.23217259999999	1.8670386000000003	37000.0	1675117230.0	LFBBNH4
6128103.0	43.17008559999999	1.8808218000000003	37000.0	1675117260.0	LFBBNH4
6128103.0	43.10787359999999	1.8946048	37000.0	1675117290.0	LFBBNH4
6128103.0	43.0456296	1.908343	37000.0	1675117320.0	LFBBNH4
6128103.0	42.9832682	1.9221620000000004	37000.0	1675117350.0	LFBBNH4
6128103.0	42.92061840000001	1.9360824	37000.0	1675117380.0	LFBBNH4
6128103.0	42.8579782	1.9500272	37000.0	1675117410.0	LFBBNH4
6128103.0	42.79564940000001	1.9638122	37000.0	1675117440.0	LFBBNH4
6128103.0	42.7333062	1.9774626	37000.0	1675117470.0	LFBBNH4
6128103.0	42.6709394	1.9910780000000003	37000.0	1675117500.0	LFBBNH4
6128103.0	42.60843980000001	2.0046524	37000.0	1675117530.0	LFBBNH4
6128103.0	42.545615	2.0182152	37000.0	1675117560.0	LFBBNH4
6128103.0	42.483174600000005	2.034219200000001	37000.0	1675117590.0	LFBBNH4
6128103.0	42.4209898	2.055556599999999	37000.0	1675117620.0	LFBBNH4
6128105.0	43.538078	0.778787	37000.0	1675117230.0	LFBBNH4
6128105.0	43.478378	0.763199	37000.0	1675117260.0	LFBBNH4
6128105.0	43.418686	0.747389	37000.0	1675117290.0	LFBBNH4
6128105.0	43.35894	0.731632	37000.0	1675117320.0	LFBBNH4
6128105.0	43.299255	0.715927	37000.0	1675117350.0	LFBBNH4
6128105.0	43.241240600000005	0.7007974	37000.0	1675117380.0	LFBBNH4
6128105.0	43.179676	0.68456	37000.0	1675117410.0	LFBBNH4
6128105.0	43.120094	0.669078	37000.0	1675117440.0	LFBBNH4
6128105.0	43.060593	0.653555	37000.0	1675117470.0	LFBBNH4
6128105.0	43.001152	0.638083	37000.0	1675117500.0	LFBBNH4
6128105.0	42.942558	0.619707	37000.0	1675117530.0	LFBBNH4
6128105.0	42.883976	0.601591	37000.0	1675117560.0	LFBBNH4
6128105.0	42.825569	0.582714	37000.0	1675117590.0	LFBBNH4
6128105.0	42.768510333333325	0.5648488333333334	37000.0	1675117620.0	LFBBNH4
6128105.0	42.71036060000001	0.5470372	37000.0	1675117650.0	LFBBNH4
6128111.0	42.9790884	-0.054556	37000.0	1675117560.0	LFBBNH4
6128111.0	42.9273036	-0.0935518	37000.0	1675117590.0	LFBBNH4
6128111.0	42.8758274	-0.132555	37000.0	1675117620.0	LFBBNH4
6128111.0	42.8243192	-0.1713261999999999	37000.0	1675117650.0	LFBBNH4
6128128.0	44.069281	1.8200176	37000.0	1675116990.0	LFBBNH4
6128128.0	44.0052778	1.8292586	37000.0	1675117020.0	LFBBNH4
6128128.0	43.94115959999999	1.8384108	37000.0	1675117050.0	LFBBNH4
6128128.0	43.8765482	1.8475768000000004	37000.0	1675117080.0	LFBBNH4
6128128.0	43.81211920000001	1.8567852	37000.0	1675117110.0	LFBBNH4
6128128.0	43.74767739999999	1.8660624000000003	37000.0	1675117140.0	LFBBNH4
6128128.0	43.68327840000001	1.8753038	37000.0	1675117170.0	LFBBNH4
6128128.0	43.61893240000001	1.8843342000000003	37100.0	1675117200.0	LFBBNH4
6128128.0	43.55464359999999	1.8932326	37000.0	1675117230.0	LFBBNH4
6128128.0	43.4908076	1.9022054	37000.0	1675117260.0	LFBBNH4
6128128.0	43.42715340000001	1.9111536	37000.0	1675117290.0	LFBBNH4
6128128.0	43.36357359999999	1.9201220000000003	37000.0	1675117320.0	LFBBNH4
6128128.0	43.300117400000005	1.9290596	37000.0	1675117350.0	LFBBNH4
6128128.0	43.236446400000005	1.9379736000000003	37000.0	1675117380.0	LFBBNH4
6128128.0	43.17279860000001	1.9468116	37000.0	1675117410.0	LFBBNH4
6128128.0	43.10945920000001	1.9555898	37000.0	1675117440.0	LFBBNH4
6128128.0	43.04612039999999	1.9643014	37000.0	1675117470.0	LFBBNH4
6128128.0	42.98282320000001	1.9729694000000004	37000.0	1675117500.0	LFBBNH4
6128128.0	42.91949920000001	1.9816524	37000.0	1675117530.0	LFBBNH4
6128128.0	42.8561904	1.9903730000000004	37000.0	1675117560.0	LFBBNH4
6128128.0	42.7928434	1.999204	37000.0	1675117590.0	LFBBNH4
6128128.0	42.72946219999999	2.0078407999999994	37000.0	1675117620.0	LFBBNH4
6128128.0	42.6656452	2.0165328	37000.0	1675117650.0	LFBBNH4
6128128.0	42.60206120000001	2.025188	37000.0	1675117680.0	LFBBNH4
6128128.0	42.538451	2.0338947999999992	37020.0	1675117710.0	LFBBNH4
6128128.0	42.4750148	2.0425463999999995	37100.0	1675117740.0	LFBBNH4
6128140.0	43.452404	0.615727	39000.0	1675117530.0	LFBBNH4
6128140.0	43.390583	0.611018	39000.0	1675117560.0	LFBBNH4
6128140.0	43.328362	0.606185	39000.0	1675117590.0	LFBBNH4
6128140.0	43.2678542	0.6014812	39000.0	1675117620.0	LFBBNH4
6128140.0	43.2055542	0.5967891999999998	39000.0	1675117650.0	LFBBNH4
6128140.0	43.141819	0.587282	39000.0	1675117680.0	LFBBNH4
6128140.0	43.081585	0.570793	39000.0	1675117710.0	LFBBNH4
6128140.0	43.021412	0.553993	39000.0	1675117740.0	LFBBNH4
6128198.0	44.1141548	1.9845726	37000.0	1675117440.0	LFBBNH4
6128198.0	44.0525128	1.9870636	37000.0	1675117470.0	LFBBNH4
6128198.0	43.9906656	1.9899672	37000.0	1675117500.0	LFBBNH4
6128198.0	43.92862540000001	1.99289	37000.0	1675117530.0	LFBBNH4
6128198.0	43.865978600000005	1.9956394	37000.0	1675117560.0	LFBBNH4
6128198.0	43.8035094	1.998372	37000.0	1675117590.0	LFBBNH4
6128198.0	43.7407464	2.0012115999999995	37000.0	1675117620.0	LFBBNH4
6128198.0	43.67822820000001	2.0040574000000007	37100.0	1675117650.0	LFBBNH4
6128198.0	43.61572820000001	2.0067612	37100.0	1675117680.0	LFBBNH4
6128198.0	43.55340260000001	2.0092842	37000.0	1675117710.0	LFBBNH4
6128198.0	43.491384800000006	2.011787799999999	37000.0	1675117740.0	LFBBNH4
6128201.0	43.9889972	2.8152822000000004	37000.0	1675117590.0	LFBBNH4
6128201.0	43.92422900000001	2.816665199999999	37000.0	1675117620.0	LFBBNH4
6128201.0	43.86003500000001	2.8175548	37000.0	1675117650.0	LFBBNH4
6128201.0	43.79596800000001	2.8179322	37000.0	1675117680.0	LFBBNH4
6128201.0	43.73202499999999	2.8189654000000006	37000.0	1675117710.0	LFBBNH4
6128201.0	43.668528	2.8195086000000003	37000.0	1675117740.0	LFBBNH4
6128235.0	43.916996	1.497139	37000.0	1675117560.0	LFBBNH4
6128235.0	43.876095	1.439753	37000.0	1675117590.0	LFBBNH4
6128235.0	43.835377	1.382236	37000.0	1675117620.0	LFBBNH4
6128235.0	43.7939354	1.3220486	37000.0	1675117650.0	LFBBNH4
6128235.0	43.7538268	1.2636282	37000.0	1675117680.0	LFBBNH4
6128235.0	43.714672	1.207032	37000.0	1675117710.0	LFBBNH4
6128235.0	43.674206	1.148963	37000.0	1675117740.0	LFBBNH4
