RTKey,Lat,Lon,Alt,Unixtime,Sector
6125191,43.885212,1.859146,38000.0,1675117000.0,LFBBNH4
6125238,41.117508,1.956505,36500.0,1675116221.0,LECBGO3
6125314,43.954208,1.860017,38000.0,1675116235.0,LFBBNH4
6125358,43.580509,0.832024,38000.0,1675115991.0,LFBBNH4
6125370,43.40987,0.544453,38000.0,1675116330.0,LFBBNH4
6125389,43.569614,0.814395,38000.0,1675116616.0,LFBBNH4
6125406,41.311783,1.931128,43000.0,1675116371.0,LECBGO3
6125435,43.40242,0.525033,38000.0,1675116860.0,LFBBNH4
6125446,43.506458,0.689928,38000.0,1675117011.0,LFBBNH4
6125490,43.425468,0.963249,38000.0,1675117130.0,LFBBNH4
6127673,42.609722,0.953246,38000.0,1675117130.0,LECBGO3
6127716,42.593449,1.48614,38000.0,1675117126.0,LFBBNH4
6127724,41.903019,0.762876,38000.0,1675117130.0,LECBGO3
6127729,41.771534,0.652352,45000.0,1675116420.0,LECBGO3
6127739,42.338848,1.044708,38000.0,1675117130.0,LECBGO3
6127740,42.651333,0.84201,36700.0,1675117130.0,LECBGO3
6127746,43.688782,1.027121,38000.0,1675116750.0,LFBBNH4
6127757,41.017517,0.621909,38000.0,1675117130.0,LECBGO3
6127798,41.663635,1.30503,38000.0,1675117126.0,LECBGO3
6127807,41.39827,1.241073,38000.0,1675117126.0,LECBGO3
6127819,41.171432,1.373083,37000.0,1675117126.0,LECBGO3
6127835,40.760815,1.307462,37000.0,1675117126.0,LECBGO3
6127885,41.412136,1.797994,37000.0,1675117126.0,LECBGO3
6127924,42.700272,0.559016,37000.0,1675116415.0,LFBBNH4
6127974,42.701408,0.562911,37000.0,1675116830.0,LFBBNH4
6127989,42.431934,2.230642,38900.0,1675116926.0,LFBBNH4
6127992,43.131718,0.139203,37000.0,1675116664.0,LFBBNH4
6128018,43.558048,1.835453,36600.0,1675116496.0,LFBBNH4
6128038,42.61385,2.010406,37000.0,1675117126.0,LFBBNH4
6128064,42.945915,1.920667,37000.0,1675117126.0,LFBBNH4
6128103,43.44875,1.818501,37000.0,1675117126.0,LFBBNH4
6128128,43.77774,1.861739,37000.0,1675117126.0,LFBBNH4
