RTKey,Lat,Lon,Alt,Unixtime,Sector
6125191,43.885212,1.859146,38000.0,1675117000.0,LFBBNH4
6125314,43.954208,1.860017,38000.0,1675116235.0,LFBBNH4
6125370,43.40987,0.544453,38000.0,1675116330.0,LFBBNH4
6125389,43.569614,0.814395,38000.0,1675116616.0,LFBBNH4
6125406,41.311783,1.931128,43000.0,1675116371.0,LECBGO3
6125435,43.40242,0.525033,38000.0,1675116860.0,LFBBNH4
6125446,43.506458,0.689928,38000.0,1675117011.0,LFBBNH4
6125474,43.489307,0.663047,38000.0,1675117130.0,LFBBNH4
6125490,43.653313,0.962653,38000.0,1675117245.0,LFBBNH4
6125504,40.955685,1.590352,38000.0,1675117631.0,LECBGO3
6127716,43.580849,1.320638,38000.0,1675117631.0,LFBBNH4
6127724,42.915077,0.784529,38000.0,1675117631.0,LFBBNH4
6127729,41.771534,0.652352,45000.0,1675116420.0,LECBGO3
6127739,43.318031,0.857765,38000.0,1675117631.0,LFBBNH4
6127740,43.482285,0.642556,42400.0,1675117606.0,LFBBNH4
6127746,43.688782,1.027121,38000.0,1675116750.0,LFBBNH4
6127757,42.014851,1.012776,38000.0,1675117631.0,LECBGO3
6127798,42.620636,0.977199,38000.0,1675117631.0,LECBGO3
6127807,42.400436,1.079251,38000.0,1675117631.0,LECBGO3
6127819,42.161491,1.143693,38000.0,1675117631.0,LECBGO3
6127835,40.483784,0.908442,37000.0,1675117335.0,LECBGO3
6127870,41.448429,1.21537,38000.0,1675117630.0,LECBGO3
6127885,41.142227,0.593613,37000.0,1675117630.0,LECBGO3
6127912,40.332962,1.282528,38000.0,1675117631.0,LECBGO3
6127924,42.700272,0.559016,37000.0,1675116415.0,LFBBNH4
6127974,42.701408,0.562911,37000.0,1675116830.0,LFBBNH4
6127989,42.431934,2.230642,38900.0,1675116926.0,LFBBNH4
6127992,43.131718,0.139203,37000.0,1675116664.0,LFBBNH4
6128018,43.558048,1.835453,36600.0,1675116496.0,LFBBNH4
6128038,42.367825,2.057004,37000.0,1675117241.0,LFBBNH4
6128064,42.370857,2.05464,37000.0,1675117406.0,LFBBNH4
6128103,42.397915,2.06353,37000.0,1675117631.0,LFBBNH4
6128105,42.747337,0.558355,37000.0,1675117631.0,LFBBNH4
6128111,42.860416,-0.144256,37000.0,1675117629.0,LFBBNH4
6128128,42.705891,2.011088,37000.0,1675117631.0,LFBBNH4
6128140,43.244999,0.599744,39000.0,1675117631.0,LFBBNH4
6128198,43.717831,2.002292,37100.0,1675117631.0,LFBBNH4
6128201,43.900616,2.817238,37000.0,1675117631.0,LFBBNH4
6128235,43.821903,1.362947,37000.0,1675117630.0,LFBBNH4
