RTKey,Lat,Lon,Alt,Unixtime,Sector
6125191,43.885212,1.859146,38000.0,1675117000.0,LFBBNH4
6125238,41.117508,1.956505,36500.0,1675116221.0,LECBGO3
6125314,43.954208,1.860017,38000.0,1675116235.0,LFBBNH4
6125358,43.580509,0.832024,38000.0,1675115991.0,LFBBNH4
6125370,43.40987,0.544453,38000.0,1675116330.0,LFBBNH4
6125389,43.569614,0.814395,38000.0,1675116616.0,LFBBNH4
6125406,41.311783,1.931128,43000.0,1675116371.0,LECBGO3
6125435,43.40242,0.525033,38000.0,1675116860.0,LFBBNH4
6125474,43.268772,0.757338,38000.0,1675117011.0,LFBBNH4
6127673,42.362789,0.887413,38000.0,1675117011.0,LECBGO3
6127716,42.36673,1.52357,38000.0,1675117011.0,LECBGO3
6127724,41.657227,0.697953,38000.0,1675117011.0,LECBGO3
6127729,41.771534,0.652352,45000.0,1675116420.0,LECBGO3
6127739,42.100555,1.070505,38000.0,1675117011.0,LECBGO3
6127746,43.688782,1.027121,38000.0,1675116750.0,LFBBNH4
6127757,40.77634,0.528679,38000.0,1675117010.0,LECBGO3
6127798,41.438435,1.366178,38000.0,1675117011.0,LECBGO3
6127807,41.170738,1.279511,38000.0,1675117011.0,LECBGO3
6127835,40.912418,1.527122,37000.0,1675117011.0,LECBGO3
6127924,42.700272,0.559016,37000.0,1675116415.0,LFBBNH4
6127974,42.701408,0.562911,37000.0,1675116830.0,LFBBNH4
6127989,42.431934,2.230642,38900.0,1675116926.0,LFBBNH4
6127992,43.131718,0.139203,37000.0,1675116664.0,LFBBNH4
6128018,43.558048,1.835453,36600.0,1675116496.0,LFBBNH4
6128038,42.860821,1.962973,37000.0,1675117011.0,LFBBNH4
6128064,43.18277,1.898324,37000.0,1675117011.0,LFBBNH4
6128103,43.690804,1.763959,37000.0,1675117011.0,LFBBNH4
6128128,44.024506,1.826478,37000.0,1675117011.0,LFBBNH4
