RTKey	Lat	Lon	Alt	Unixtime	Sector
4803138.0	40.94787520000001	1.5808442	36000.0	1657917210.0	LECBGOI
4803138.0	40.986736	1.6374304000000002	36000.0	1657917240.0	LECBGOI
4803138.0	41.025644	1.6940947999999998	36000.0	1657917270.0	LECBGOI
4803138.0	41.06459959999999	1.7510682	36000.0	1657917300.0	LECBGOI
4803138.0	41.1039226	1.8083442	36000.0	1657917330.0	LECBGOI
4803138.0	41.14281859999999	1.865401	36000.0	1657917360.0	LECBGOI
4803138.0	41.181727	1.9229794	36000.0	1657917390.0	LECBGOI
4803255.0	41.3122304	1.9161374000000004	38000.0	1657917210.0	LECBGOI
4803266.0	42.1018418	0.7648029999999999	36000.0	1657917210.0	LECBGOI
4803266.0	42.1473118	0.7802028000000001	36000.0	1657917240.0	LECBGOI
4803266.0	42.192861	0.7957622000000002	36000.0	1657917270.0	LECBGOI
4803266.0	42.2385356	0.8113698000000001	36000.0	1657917300.0	LECBGOI
4803266.0	42.28453160000001	0.8272301999999999	36000.0	1657917330.0	LECBGOI
4803266.0	42.33021660000001	0.8430342000000001	36000.0	1657917360.0	LECBGOI
4803266.0	42.3758174	0.8588606000000002	36000.0	1657917390.0	LECBGOI
4803266.0	42.42129559999999	0.8745388000000001	36000.0	1657917420.0	LECBGOI
4803266.0	42.4670206	0.8842156000000001	36000.0	1657917450.0	LECBGOI
4803266.0	42.51331200000001	0.8843205999999998	36000.0	1657917480.0	LECBGOI
4803266.0	42.5596074	0.8829704	36000.0	1657917510.0	LECBGOI
4803266.0	42.6058	0.8817126000000001	36000.0	1657917540.0	LECBGOI
4803266.0	42.65201019999999	0.8810309999999998	36000.0	1657917570.0	LECBGOI
4803266.0	42.69843079999999	0.8806812	36000.0	1657917600.0	LECBGOI
4803266.0	42.74461620000001	0.8804763999999999	36000.0	1657917630.0	LECBGOI
4803266.0	42.7907082	0.8803394000000001	36000.0	1657917660.0	LECBGOI
4803294.0	41.337195	0.8336231999999999	34000.0	1657917210.0	LECBGOI
4803294.0	41.33574360000001	0.914334	34000.0	1657917240.0	LECBGOI
4803294.0	41.334288	0.9951569999999998	34000.0	1657917270.0	LECBGOI
4803294.0	41.33279220000001	1.0762189999999998	34000.0	1657917300.0	LECBGOI
4803294.0	41.33105880000001	1.1581179999999998	34000.0	1657917330.0	LECBGOI
4803294.0	41.3292992	1.2397515999999995	34000.0	1657917360.0	LECBGOI
4803294.0	41.32747380000001	1.3208281999999996	34000.0	1657917390.0	LECBGOI
4803294.0	41.32571499999999	1.4019976	34000.0	1657917420.0	LECBGOI
4803294.0	41.3238162	1.4832025999999996	34000.0	1657917450.0	LECBGOI
4803294.0	41.321769	1.5645742000000002	34000.0	1657917480.0	LECBGOI
4803294.0	41.31971519999999	1.646012	34000.0	1657917510.0	LECBGOI
4803294.0	41.317764	1.7277022000000004	34000.0	1657917540.0	LECBGOI
4803294.0	41.3155372	1.8085848	34000.0	1657917570.0	LECBGOI
4803294.0	41.31331739999999	1.8900368	34000.0	1657917600.0	LECBGOI
4803302.0	40.899227	-0.498732	35000.0	1657917210.0	LECBP2R
4803302.0	40.881737	-0.571206	33900.0	1657917240.0	LECBP2R
4803302.0	40.864498	-0.642881	32900.0	1657917270.0	LECBP2R
4803302.0	40.847565	-0.713738	32000.0	1657917300.0	LECBP2R
4803309.0	40.960014	-0.322447	33000.0	1657917210.0	LECBP2R
4803309.0	40.945705	-0.398339	33000.0	1657917240.0	LECBP2R
4803309.0	40.931496	-0.474268	33000.0	1657917270.0	LECBP2R
4803309.0	40.917187	-0.550273	33000.0	1657917300.0	LECBP2R
4803309.0	40.902691	-0.626548	33000.0	1657917330.0	LECBP2R
4803319.0	40.986259	-0.37262	35000.0	1657917210.0	LECBP2R
4803319.0	40.963142	-0.45223	35000.0	1657917240.0	LECBP2R
4803319.0	40.941433	-0.532349	35000.0	1657917270.0	LECBP2R
4803319.0	40.919853	-0.612421	35000.0	1657917300.0	LECBP2R
4803319.0	40.897984	-0.692741	35000.0	1657917330.0	LECBP2R
4803335.0	41.310581	-0.121343	36000.0	1657917210.0	LECBP2R
4803335.0	41.319283	-0.039523	36000.0	1657917240.0	LECBP2R
4803335.0	41.328083	0.042317	36000.0	1657917270.0	LECBP2R
4803335.0	41.336872	0.124155	36000.0	1657917300.0	LECBP2R
4803335.0	41.345096000000005	0.2037494	36000.0	1657917330.0	LECBP2R
4803335.0	41.3465338	0.2872098	36000.0	1657917360.0	LECBP2R
4803335.0	41.34472140000001	0.3709091999999999	36000.0	1657917390.0	LECBP2R
4803335.0	41.343349	0.457691	36000.0	1657917420.0	LECBP2R
4803335.0	41.3420166	0.5393196000000001	36000.0	1657917450.0	LECBGOI
4803335.0	41.34064779999999	0.6234976	36020.0	1657917480.0	LECBGOI
4803335.0	41.3392884	0.7075124000000002	36000.0	1657917510.0	LECBGOI
4803335.0	41.33791439999999	0.7912977999999999	36000.0	1657917540.0	LECBGOI
4803335.0	41.33650100000001	0.8741469999999999	36000.0	1657917570.0	LECBGOI
4803335.0	41.33500839999999	0.9571829999999998	36000.0	1657917600.0	LECBGOI
4803335.0	41.3333998	1.0405384000000004	36000.0	1657917630.0	LECBGOI
4803335.0	41.3317302	1.1236025999999997	36000.0	1657917660.0	LECBGOI
4803335.0	41.3299892	1.2065256	36000.0	1657917690.0	LECBGOI
4803335.0	41.3282068	1.2899348000000002	36000.0	1657917720.0	LECBGOI
4803335.0	41.32631839999999	1.3729939999999996	36000.0	1657917750.0	LECBGOI
4803335.0	41.3243414	1.4568846	36000.0	1657917780.0	LECBGOI
4803335.0	41.322479	1.5408989999999998	36000.0	1657917810.0	LECBGOI
4803335.0	41.3205006	1.6251734000000002	36000.0	1657917840.0	LECBGOI
4803335.0	41.31856859999999	1.7097175999999998	36100.0	1657917870.0	LECBGOI
4803335.0	41.316176	1.7937806	36100.0	1657917900.0	LECBGOI
4803335.0	41.31357139999999	1.8784754	36000.0	1657917930.0	LECBGOI
4803375.0	40.379879	-0.134922	34200.0	1657917210.0	LECBP2R
4803375.0	40.324459	-0.156469	33200.0	1657917240.0	LECBP2R
4803375.0	40.270172	-0.177939	32200.0	1657917270.0	LECBP2R
4803397.0	40.812737	0.037717	37000.0	1657917210.0	LECBP2R
4803397.0	40.75333	0.013906	37000.0	1657917240.0	LECBP2R
4803397.0	40.694187	-0.009978	37000.0	1657917270.0	LECBP2R
4803397.0	40.63504	-0.033646	37000.0	1657917300.0	LECBP2R
4803397.0	40.57737566666667	-0.0565759999999999	37000.0	1657917330.0	LECBP2R
4803397.0	40.518687000000014	-0.079906	36740.0	1657917360.0	LECBP2R
4803397.0	40.45959680000001	-0.1032594	35720.0	1657917390.0	LECBP2R
4803397.0	40.399719	-0.126981	34500.0	1657917420.0	LECBP2R
4803397.0	40.340946	-0.150217	32900.0	1657917450.0	LECBP2R
4803397.0	40.281029	-0.173652	31800.0	1657917480.0	LECBP2R
4803406.0	41.18588879999999	1.9283776	35000.0	1657917210.0	LECBGOI
4803406.0	41.1444572	1.8669916	35000.0	1657917240.0	LECBGOI
4803406.0	41.10253799999999	1.8049070000000005	35000.0	1657917270.0	LECBGOI
4803406.0	41.0604706	1.7431846000000002	35000.0	1657917300.0	LECBGOI
4803406.0	41.01817520000001	1.6812174000000004	35000.0	1657917330.0	LECBGOI
4803406.0	40.975801	1.6193749999999998	35000.0	1657917360.0	LECBGOI
4803406.0	40.9333674	1.5575096	35000.0	1657917390.0	LECBGOI
4803406.0	40.89081520000001	1.4954537999999995	35000.0	1657917420.0	LECBGOI
4803406.0	40.8482598	1.4334408	35000.0	1657917450.0	LECBGOI
4803406.0	40.8055622	1.3715102	35000.0	1657917480.0	LECBGOI
4803406.0	40.7627558	1.30953	35000.0	1657917510.0	LECBGOI
4803406.0	40.71977640000001	1.2473831999999998	35000.0	1657917540.0	LECBGOI
4803406.0	40.67690319999999	1.1857482	35000.0	1657917570.0	LECBGOI
4803406.0	40.633900200000014	1.1239545999999998	35000.0	1657917600.0	LECBGOI
4803406.0	40.59095979999999	1.0622389999999995	35000.0	1657917630.0	LECBGOI
4803406.0	40.54783340000001	1.0004882000000004	35000.0	1657917660.0	LECBGOI
4803406.0	40.50518120000001	0.939377	35000.0	1657917690.0	LECBGOI
4803410.0	42.1884642	-0.1854809999999999	34000.0	1657917630.0	LECBP2R
4803410.0	42.16018939999999	-0.1096191999999999	34100.0	1657917660.0	LECBP2R
4803410.0	42.13196320000001	-0.0337311999999999	34100.0	1657917690.0	LECBP2R
4803410.0	42.10376660000001	0.0420643999999999	34100.0	1657917720.0	LECBP2R
4803410.0	42.07552	0.1178169999999999	34080.0	1657917750.0	LECBP2R
4803410.0	42.046394	0.19604	34000.0	1657917780.0	LECBP2R
4803410.0	42.018108	0.271566	34000.0	1657917810.0	LECBP2R
4803410.0	41.989742	0.346917	34000.0	1657917840.0	LECBP2R
4803410.0	41.961411	0.422067	34000.0	1657917870.0	LECBP2R
4803410.0	41.933147	0.497263	34000.0	1657917900.0	LECBP2R
4803410.0	41.9055638	0.5702726000000001	34000.0	1657917930.0	LECBP2R
4803410.0	41.87711059999999	0.6454722	34000.0	1657917960.0	LECBP2R
4803410.0	41.8485178	0.7205894000000002	34000.0	1657917990.0	LECBGOI
4803410.0	41.8197446	0.7961280000000001	34000.0	1657918020.0	LECBGOI
4803410.0	41.79097899999999	0.8713557999999998	34000.0	1657918050.0	LECBGOI
4803410.0	41.7619654	0.9467856	34000.0	1657918080.0	LECBGOI
4803429.0	41.316723	0.210875	37000.0	1657917210.0	LECBP2R
4803429.0	41.254227	0.195511	37000.0	1657917240.0	LECBP2R
4803429.0	41.191574	0.180133	37000.0	1657917270.0	LECBP2R
4803429.0	41.129002	0.164694	37000.0	1657917300.0	LECBP2R
4803429.0	41.0701508	0.1407251999999999	37000.0	1657917330.0	LECBP2R
4803429.0	41.00949179999999	0.1162674	37000.0	1657917360.0	LECBP2R
4803429.0	40.94892479999999	0.0919131999999999	37000.0	1657917390.0	LECBP2R
4803429.0	40.88641	0.066883	37000.0	1657917420.0	LECBP2R
4803429.0	40.826061	0.042841	37000.0	1657917450.0	LECBP2R
4803429.0	40.766239	0.018962	37000.0	1657917480.0	LECBP2R
4803429.0	40.706612	-0.005141	37000.0	1657917510.0	LECBP2R
4803429.0	40.647144	-0.029009	37000.0	1657917540.0	LECBP2R
4803429.0	40.587692	-0.052617	37000.0	1657917570.0	LECBP2R
4803429.0	40.528419	-0.076144	37000.0	1657917600.0	LECBP2R
4803429.0	40.469429	-0.099003	36100.0	1657917630.0	LECBP2R
4803429.0	40.4117098	-0.1210589999999999	34760.0	1657917660.0	LECBP2R
4803429.0	40.3523068	-0.1444752	33540.0	1657917690.0	LECBP2R
4803429.0	40.2931888	-0.1679835999999999	32520.0	1657917720.0	LECBP2R
4803429.0	40.234077	-0.191983	31600.0	1657917750.0	LECBP2R
4803446.0	41.896774	0.356421	39000.0	1657917210.0	LECBP2R
4803446.0	41.834599	0.341053	39000.0	1657917240.0	LECBP2R
4803446.0	41.772331	0.325493	39000.0	1657917270.0	LECBP2R
4803446.0	41.710098	0.309827	39000.0	1657917300.0	LECBP2R
4803446.0	41.64956540000001	0.2945402000000001	39000.0	1657917330.0	LECBP2R
4803446.0	41.58721459999999	0.2788444	39000.0	1657917360.0	LECBP2R
4803446.0	41.5248092	0.2634574	39000.0	1657917390.0	LECBP2R
4803446.0	41.460545	0.247705	39000.0	1657917420.0	LECBP2R
4803446.0	41.398689	0.232376	39000.0	1657917450.0	LECBP2R
4803446.0	41.337032	0.217183	39000.0	1657917480.0	LECBP2R
4803446.0	41.27512	0.201711	39000.0	1657917510.0	LECBP2R
4803446.0	41.213268	0.186377	39000.0	1657917540.0	LECBP2R
4803446.0	41.151531	0.171135	39000.0	1657917570.0	LECBP2R
4803446.0	41.090809	0.150527	39000.0	1657917600.0	LECBP2R
4803446.0	41.030861	0.125628	39000.0	1657917630.0	LECBP2R
4803446.0	40.972786	0.1020126	39000.0	1657917660.0	LECBP2R
4803446.0	40.912946	0.0781114	39000.0	1657917690.0	LECBP2R
4803446.0	40.85375419999999	0.0544908	39000.0	1657917720.0	LECBP2R
4803446.0	40.79447519999999	0.0307589999999999	39000.0	1657917750.0	LECBP2R
4803446.0	40.733143	0.006394	39000.0	1657917780.0	LECBP2R
4803446.0	40.673855	-0.016926	39000.0	1657917810.0	LECBP2R
4803446.0	40.615009	-0.040281	38900.0	1657917840.0	LECBP2R
4803446.0	40.557407	-0.063356	38400.0	1657917870.0	LECBP2R
4803446.0	40.498581	-0.086873	37800.0	1657917900.0	LECBP2R
4803446.0	40.439114	-0.110621	36800.0	1657917930.0	LECBP2R
4803446.0	40.379623	-0.134044	35200.0	1657917960.0	LECBP2R
4803446.0	40.319927	-0.157533	33600.0	1657917990.0	LECBP2R
4803446.0	40.260059	-0.181087	32200.0	1657918020.0	LECBP2R
4803459.0	42.145138	0.418382	37000.0	1657917210.0	LECBP2R
4803459.0	42.084778	0.403168	37000.0	1657917240.0	LECBP2R
4803459.0	42.024448	0.38787	37000.0	1657917270.0	LECBP2R
4803459.0	41.965527	0.373012	37000.0	1657917300.0	LECBP2R
4803459.0	41.90545640000001	0.3579087999999999	37000.0	1657917330.0	LECBP2R
4803459.0	41.845081400000005	0.3427774	37000.0	1657917360.0	LECBP2R
4803459.0	41.78489819999999	0.3276836	37000.0	1657917390.0	LECBP2R
4803459.0	41.722782	0.3121	37000.0	1657917420.0	LECBP2R
4803459.0	41.662712	0.296984	37000.0	1657917450.0	LECBP2R
4803459.0	41.602604	0.281895	37000.0	1657917480.0	LECBP2R
4803459.0	41.542446	0.266856	37000.0	1657917510.0	LECBP2R
4803459.0	41.4823	0.251888	37000.0	1657917540.0	LECBP2R
4803459.0	41.422085	0.237014	37000.0	1657917570.0	LECBP2R
4803459.0	41.361847	0.222121	37000.0	1657917600.0	LECBP2R
4803459.0	41.30329699999999	0.207668	37000.0	1657917630.0	LECBP2R
4803459.0	41.24302100000001	0.19285	37000.0	1657917660.0	LECBP2R
4803459.0	41.18272580000001	0.1780193999999999	37000.0	1657917690.0	LECBP2R
4803459.0	41.122502	0.1627144	37000.0	1657917720.0	LECBP2R
4803459.0	41.06397060000001	0.1382858	37000.0	1657917750.0	LECBP2R
4803459.0	41.00351	0.11401	37000.0	1657917780.0	LECBP2R
4803459.0	40.94508	0.090468	37000.0	1657917810.0	LECBP2R
4803459.0	40.886677	0.067076	37000.0	1657917840.0	LECBP2R
4803459.0	40.828453	0.043809	37000.0	1657917870.0	LECBP2R
4803459.0	40.770725	0.020682	37000.0	1657917900.0	LECBP2R
4803459.0	40.713024	-0.002517	37000.0	1657917930.0	LECBP2R
4803459.0	40.655418	-0.025635	37000.0	1657917960.0	LECBP2R
4803459.0	40.597908	-0.048519	36900.0	1657917990.0	LECBP2R
4803459.0	40.540245	-0.071406	36400.0	1657918020.0	LECBP2R
4803459.0	40.48423940000001	-0.0936184	35720.0	1657918050.0	LECBP2R
4803459.0	40.4281518	-0.1158943999999999	34840.0	1657918080.0	LECBP2R
4803460.0	40.87062179999999	0.4196775999999999	31580.0	1657917750.0	LECBGOI
4803460.0	40.871056	0.33754	32500.0	1657917780.0	LECBGOI
4803460.0	40.87149	0.258612	33400.0	1657917810.0	LECBP2R
4803460.0	40.871803	0.179619	34100.0	1657917840.0	LECBP2R
4803460.0	40.872044	0.10056	34600.0	1657917870.0	LECBP2R
4803460.0	40.872147	0.021349	35000.0	1657917900.0	LECBP2R
4803460.0	40.872253	-0.057446	35000.0	1657917930.0	LECBP2R
4803460.0	40.872284	-0.134987	35000.0	1657917960.0	LECBP2R
4803460.0	40.872353	-0.212353	35000.0	1657917990.0	LECBP2R
4803460.0	40.87233	-0.290136	35000.0	1657918020.0	LECBP2R
4803460.0	40.8721062	-0.36743	35000.0	1657918050.0	LECBP2R
4803460.0	40.8719564	-0.4451665999999999	35000.0	1657918080.0	LECBP2R
4803463.0	42.216423	0.43634	41000.0	1657917210.0	LECBP2R
4803463.0	42.156651	0.421153	41000.0	1657917240.0	LECBP2R
4803463.0	42.096931	0.406105	41000.0	1657917270.0	LECBP2R
4803463.0	42.03868966666667	0.3913411666666667	41000.0	1657917300.0	LECBP2R
4803463.0	41.97924680000001	0.3763486	41000.0	1657917330.0	LECBP2R
4803463.0	41.9194936	0.3613587999999999	41000.0	1657917360.0	LECBP2R
4803463.0	41.8596444	0.3462891999999999	41000.0	1657917390.0	LECBP2R
4803463.0	41.797321	0.330568	41000.0	1657917420.0	LECBP2R
4803463.0	41.736938	0.315267	41000.0	1657917450.0	LECBP2R
4803463.0	41.676487	0.30015	41000.0	1657917480.0	LECBP2R
4803463.0	41.615883	0.285107	41000.0	1657917510.0	LECBP2R
4803463.0	41.555172	0.27007	41000.0	1657917540.0	LECBP2R
4803463.0	41.494343	0.255017	41000.0	1657917570.0	LECBP2R
4803463.0	41.433475	0.239925	41000.0	1657917600.0	LECBP2R
4803463.0	41.3743802	0.225321	41000.0	1657917630.0	LECBP2R
4803463.0	41.3136676	0.2103021999999999	41000.0	1657917660.0	LECBP2R
4803463.0	41.2536592	0.195489	41000.0	1657917690.0	LECBP2R
4803463.0	41.19436239999999	0.180916	41000.0	1657917720.0	LECBP2R
4803463.0	41.13510419999999	0.166336	41000.0	1657917750.0	LECBP2R
4803463.0	41.075603	0.142947	41000.0	1657917780.0	LECBP2R
4803463.0	41.017986	0.119849	41000.0	1657917810.0	LECBP2R
4803463.0	40.960526	0.096611	41000.0	1657917840.0	LECBP2R
4803463.0	40.902931	0.073459	41000.0	1657917870.0	LECBP2R
4803463.0	40.844975	0.050263	41000.0	1657917900.0	LECBP2R
4803463.0	40.786648	0.027026	41000.0	1657917930.0	LECBP2R
4803463.0	40.728466	0.003694	41000.0	1657917960.0	LECBP2R
4803463.0	40.670242	-0.019598	41000.0	1657917990.0	LECBP2R
4803463.0	40.611946	-0.04285	41000.0	1657918020.0	LECBP2R
4803463.0	40.55514519999999	-0.0653908	41000.0	1657918050.0	LECBP2R
4803463.0	40.49656500000001	-0.0885558	41000.0	1657918080.0	LECBP2R
4803477.0	42.47795339999999	0.5028099999999999	37000.0	1657917210.0	LECBP2R
4803477.0	42.41444	0.486686	37000.0	1657917240.0	LECBP2R
4803477.0	42.352684	0.470982	37000.0	1657917270.0	LECBP2R
4803477.0	42.29276620000001	0.4557259999999999	37000.0	1657917300.0	LECBP2R
4803477.0	42.23110939999999	0.4400648	37000.0	1657917330.0	LECBP2R
4803477.0	42.1699002	0.4245802	37000.0	1657917360.0	LECBP2R
4803477.0	42.10838000000001	0.4091231999999999	37000.0	1657917390.0	LECBP2R
4803477.0	42.044701	0.393091	37000.0	1657917420.0	LECBP2R
4803477.0	41.983284	0.37749	37000.0	1657917450.0	LECBP2R
4803477.0	41.921879	0.362006	37000.0	1657917480.0	LECBP2R
4803477.0	41.860687	0.346637	37000.0	1657917510.0	LECBP2R
4803477.0	41.799442	0.331252	37000.0	1657917540.0	LECBP2R
4803477.0	41.738178	0.31594	37000.0	1657917570.0	LECBP2R
4803477.0	41.676842	0.300656	37000.0	1657917600.0	LECBP2R
4803477.0	41.6171638	0.2857414	37000.0	1657917630.0	LECBP2R
4803477.0	41.555654800000006	0.2703381999999999	37000.0	1657917660.0	LECBP2R
4803477.0	41.4940738	0.254981	37000.0	1657917690.0	LECBP2R
4803477.0	41.43224860000001	0.2397082	37000.0	1657917720.0	LECBP2R
4803477.0	41.3706346	0.2245047999999999	37000.0	1657917750.0	LECBP2R
4803477.0	41.306938	0.208789	37000.0	1657917780.0	LECBP2R
4803477.0	41.245358	0.193636	37000.0	1657917810.0	LECBP2R
4803477.0	41.183773	0.178466	37000.0	1657917840.0	LECBP2R
4803477.0	41.122654	0.161619	37000.0	1657917870.0	LECBP2R
4803477.0	41.062805	0.138415	37000.0	1657917900.0	LECBP2R
4803477.0	41.003242	0.113992	37000.0	1657917930.0	LECBP2R
4803477.0	40.943756	0.089985	37000.0	1657917960.0	LECBP2R
4803477.0	40.884335	0.066237	37000.0	1657917990.0	LECBP2R
4803477.0	40.82539	0.042742	37000.0	1657918020.0	LECBP2R
4803477.0	40.7682904	0.0197468	37000.0	1657918050.0	LECBP2R
4803477.0	40.7096854	-0.0038726	37000.0	1657918080.0	LECBP2R
4803504.0	42.6369808	0.5433364	37000.0	1657917450.0	LECBP2R
4803504.0	42.57373379999999	0.5273521999999999	37000.0	1657917480.0	LECBP2R
4803504.0	42.5104058	0.5111796000000001	37000.0	1657917510.0	LECBP2R
4803504.0	42.445362	0.494594	37000.0	1657917540.0	LECBP2R
4803504.0	42.382172	0.478487	37000.0	1657917570.0	LECBP2R
4803504.0	42.319042	0.462432	37000.0	1657917600.0	LECBP2R
4803504.0	42.25771439999999	0.4468138000000001	37000.0	1657917630.0	LECBP2R
4803504.0	42.19464179999999	0.430774	37000.0	1657917660.0	LECBP2R
4803504.0	42.1317236	0.414808	37000.0	1657917690.0	LECBP2R
4803504.0	42.06870059999999	0.398895	37000.0	1657917720.0	LECBP2R
4803504.0	42.00575039999999	0.3830117999999999	37000.0	1657917750.0	LECBP2R
4803504.0	41.940742	0.366671	37000.0	1657917780.0	LECBP2R
4803504.0	41.877884	0.350914	37000.0	1657917810.0	LECBP2R
4803504.0	41.816441	0.335569	36600.0	1657917840.0	LECBP2R
4803504.0	41.755192	0.319937	35000.0	1657917870.0	LECBP2R
4803504.0	41.693069	0.30419	33600.0	1657917900.0	LECBP2R
4803504.0	41.630508	0.288545	32100.0	1657917930.0	LECBP2R
4803504.0	41.567848	0.272974	31000.0	1657917960.0	LECBP2R
4803504.0	41.507519	0.257997	31000.0	1657917990.0	LECBP2R
4803504.0	41.45063	0.243994	30700.0	1657918020.0	LECBP2R
4803509.0	42.67307620000001	0.5525669999999999	35000.0	1657917480.0	LECBP2R
4803509.0	42.61121639999999	0.5370194	35000.0	1657917510.0	LECBP2R
4803509.0	42.54936039999999	0.5208168000000001	35000.0	1657917540.0	LECBP2R
4803509.0	42.4873364	0.5051239999999998	35000.0	1657917570.0	LECBP2R
4803509.0	42.423485	0.48917	35000.0	1657917600.0	LECBP2R
4803509.0	42.363196	0.4739706000000001	35000.0	1657917630.0	LECBP2R
4803509.0	42.301184000000006	0.4581190000000001	35000.0	1657917660.0	LECBP2R
4803509.0	42.23947820000001	0.4424001999999999	35000.0	1657917690.0	LECBP2R
4803509.0	42.17879739999999	0.4221287999999999	35000.0	1657917720.0	LECBP2R
4803509.0	42.1209806	0.3909276000000001	35000.0	1657917750.0	LECBP2R
4803509.0	42.06179	0.357053	35000.0	1657917780.0	LECBP2R
4803509.0	42.004326	0.324873	35000.0	1657917810.0	LECBP2R
4803509.0	41.946903	0.292815	35000.0	1657917840.0	LECBP2R
4803509.0	41.889572	0.260945	35000.0	1657917870.0	LECBP2R
4803509.0	41.832146	0.22902	35000.0	1657917900.0	LECBP2R
4803509.0	41.774658	0.197106	35000.0	1657917930.0	LECBP2R
4803509.0	41.717094	0.165226	35000.0	1657917960.0	LECBP2R
4803509.0	41.659588	0.133356	35000.0	1657917990.0	LECBP2R
4803509.0	41.602188	0.101561	35000.0	1657918020.0	LECBP2R
4803509.0	41.5464014	0.0707684	35000.0	1657918050.0	LECBP2R
4803509.0	41.4890324	0.0391686	35000.0	1657918080.0	LECBP2R
4803523.0	42.6430172	0.5451367999999999	37000.0	1657917630.0	LECBP2R
4803523.0	42.58064300000001	0.5289915999999999	37000.0	1657917660.0	LECBP2R
4803523.0	42.518237000000006	0.5129814000000001	37000.0	1657917690.0	LECBP2R
4803523.0	42.45576879999999	0.4973217999999999	37000.0	1657917720.0	LECBP2R
4803523.0	42.39374199999999	0.4815650000000001	37000.0	1657917750.0	LECBP2R
4803523.0	42.329357	0.46512	37000.0	1657917780.0	LECBP2R
4803523.0	42.267124	0.449282	37000.0	1657917810.0	LECBP2R
4803523.0	42.204941	0.433474	37000.0	1657917840.0	LECBP2R
4803523.0	42.14278	0.417672	37000.0	1657917870.0	LECBP2R
4803523.0	42.080605	0.40199	37000.0	1657917900.0	LECBP2R
4803523.0	42.01844	0.386359	37000.0	1657917930.0	LECBP2R
4803523.0	41.956253	0.37069	37000.0	1657917960.0	LECBP2R
4803523.0	41.894131	0.354961	37000.0	1657917990.0	LECBP2R
4803523.0	41.8337848	0.3398473999999999	37000.0	1657918020.0	LECBP2R
4803523.0	41.77168959999999	0.3243928000000001	37000.0	1657918050.0	LECBP2R
4803523.0	41.70967059999999	0.309059	37000.0	1657918080.0	LECBP2R
4803540.0	42.46033500000001	0.498333	30800.0	1657917870.0	LECBP2R
4803540.0	42.3936	0.481301	31600.0	1657917900.0	LECBP2R
4803540.0	42.32822	0.464729	32500.0	1657917930.0	LECBP2R
4803540.0	42.263653	0.448403	33600.0	1657917960.0	LECBP2R
4803540.0	42.20013	0.432276	34500.0	1657917990.0	LECBP2R
4803540.0	42.141576	0.4034743999999999	35360.0	1657918020.0	LECBP2R
4803540.0	42.08978240000001	0.3553476	36080.0	1657918050.0	LECBP2R
4803540.0	42.0388092	0.306163	36880.0	1657918080.0	LECBP2R
