RTKey,Lat,Lon,Alt,Unixtime,Sector
6125191,43.885212,1.859146,38000.0,1675117000.0,LFBBNH4
6125389,43.569614,0.814395,38000.0,1675116616.0,LFBBNH4
6125435,43.40242,0.525033,38000.0,1675116860.0,LFBBNH4
6125446,43.506458,0.689928,38000.0,1675117011.0,LFBBNH4
6125474,43.489307,0.663047,38000.0,1675117130.0,LFBBNH4
6125490,43.653313,0.962653,38000.0,1675117245.0,LFBBNH4
6125504,41.137646,1.857271,38000.0,1675117751.0,LECBGO3
6127673,43.553581,0.771516,38000.0,1675117631.0,LFBBNH4
6127716,43.81628,1.279683,38000.0,1675117751.0,LFBBNH4
6127724,43.150589,0.692785,38000.0,1675117755.0,LFBBNH4
6127740,43.482285,0.642556,42400.0,1675117606.0,LFBBNH4
6127746,43.688782,1.027121,38000.0,1675116750.0,LFBBNH4
6127757,42.26392,1.11314,38000.0,1675117755.0,LECBGO3
6127798,42.853226,0.883095,38000.0,1675117755.0,LFBBNH4
6127807,42.640774,1.013651,38000.0,1675117755.0,LECBGO3
6127819,42.404293,1.086009,38000.0,1675117755.0,LECBGO3
6127835,40.483784,0.908442,37000.0,1675117335.0,LECBGO3
6127870,41.693909,1.175406,38000.0,1675117755.0,LECBGO3
6127885,41.108215,0.414545,37000.0,1675117705.0,LECBGO3
6127912,40.576168,1.249587,38000.0,1675117751.0,LECBGO3
6127918,41.221756,1.163199,38000.0,1675117755.0,LECBGO3
6127974,42.701408,0.562911,37000.0,1675116830.0,LFBBNH4
6127989,42.431934,2.230642,38900.0,1675116926.0,LFBBNH4
6127992,43.131718,0.139203,37000.0,1675116664.0,LFBBNH4
6128038,42.367825,2.057004,37000.0,1675117241.0,LFBBNH4
6128064,42.370857,2.05464,37000.0,1675117406.0,LFBBNH4
6128103,42.377205,2.070743,37000.0,1675117641.0,LFBBNH4
6128105,42.6987,0.543473,37000.0,1675117656.0,LFBBNH4
6128111,42.800274,-0.189316,37000.0,1675117664.0,LFBBNH4
6128128,42.45187,2.045653,37100.0,1675117751.0,LFBBNH4
6128140,42.991322,0.545821,39000.0,1675117755.0,LFBBNH4
6128198,43.468769,2.012719,37000.0,1675117751.0,LFBBNH4
6128201,43.645256,2.820029,37000.0,1675117751.0,LFBBNH4
6128235,43.653946,1.119932,37000.0,1675117755.0,LFBBNH4
