RTKey	Lat	Lon	Alt	Unixtime	Sector
6125191.0	42.8332594	-0.1329334	38000.0	1675116180.0	LFBBNH4
6125191.0	42.8737572	-0.0615464	38000.0	1675116210.0	LFBBNH4
6125191.0	42.9135888	0.0100126	38000.0	1675116240.0	LFBBNH4
6125191.0	42.9534908	0.0815532	38000.0	1675116270.0	LFBBNH4
6125191.0	42.9932556	0.1531742	38000.0	1675116300.0	LFBBNH4
6125191.0	43.0329958	0.2247862	38000.0	1675116330.0	LFBBNH4
6125191.0	43.0730554	0.2970316	38000.0	1675116360.0	LFBBNH4
6125191.0	43.1128542	0.3691512	38000.0	1675116390.0	LFBBNH4
6125191.0	43.1527634	0.4414942	38000.0	1675116420.0	LFBBNH4
6125191.0	43.192060000000005	0.5143386	38000.0	1675116450.0	LFBBNH4
6125191.0	43.2246298	0.5941038000000001	38000.0	1675116480.0	LFBBNH4
6125191.0	43.2577658	0.673052	38000.0	1675116510.0	LFBBNH4
6125191.0	43.290803200000006	0.7518318	38000.0	1675116540.0	LFBBNH4
6125191.0	43.3239166	0.8304353999999999	38000.0	1675116570.0	LFBBNH4
6125191.0	43.3572734	0.9087626	38000.0	1675116600.0	LFBBNH4
6125191.0	43.3908904	0.9867598	38000.0	1675116630.0	LFBBNH4
6125191.0	43.4247762	1.0650064	38000.0	1675116660.0	LFBBNH4
6125191.0	43.4654064	1.1348665999999998	38000.0	1675116690.0	LFBBNH4
6125191.0	43.5063892	1.2043732	38000.0	1675116720.0	LFBBNH4
6125191.0	43.545773	1.272241	38000.0	1675116750.0	LFBBNH4
6125191.0	43.586246	1.342265	38000.0	1675116780.0	LFBBNH4
6125191.0	43.626629	1.412283	38000.0	1675116810.0	LFBBNH4
6125191.0	43.667072	1.482355	38000.0	1675116840.0	LFBBNH4
6125191.0	43.707653	1.552425	38000.0	1675116870.0	LFBBNH4
6125191.0	43.748474	1.622342	38000.0	1675116900.0	LFBBNH4
6125191.0	43.789143	1.69319	38000.0	1675116930.0	LFBBNH4
6125191.0	43.8314304	1.766972	38000.0	1675116960.0	LFBBNH4
6125191.0	43.87154	1.835513	38000.0	1675116990.0	LFBBNH4
6125314.0	43.1516206	0.335516	38000.0	1675115610.0	LFBBNH4
6125314.0	43.1904498	0.4086463999999999	38000.0	1675115640.0	LFBBNH4
6125314.0	43.2289856	0.4818933999999999	38000.0	1675115670.0	LFBBNH4
6125314.0	43.2671878	0.5548176	38000.0	1675115700.0	LFBBNH4
6125314.0	43.3053678	0.6277812	38000.0	1675115730.0	LFBBNH4
6125314.0	43.3438688	0.7008194	38000.0	1675115760.0	LFBBNH4
6125314.0	43.3826972	0.7735536	38000.0	1675115790.0	LFBBNH4
6125314.0	43.4215796	0.846292	38000.0	1675115820.0	LFBBNH4
6125314.0	43.4606638	0.9194478	38000.0	1675115850.0	LFBBNH4
6125314.0	43.4995328	0.9923548	38000.0	1675115880.0	LFBBNH4
6125314.0	43.537277	1.063285	38000.0	1675115910.0	LFBBNH4
6125314.0	43.576019	1.136274	38000.0	1675115940.0	LFBBNH4
6125314.0	43.614655	1.209208	38000.0	1675115970.0	LFBBNH4
6125314.0	43.653076	1.282237	38000.0	1675116000.0	LFBBNH4
6125314.0	43.691269	1.355496	38000.0	1675116030.0	LFBBNH4
6125314.0	43.7306836	1.431382	38000.0	1675116060.0	LFBBNH4
6125314.0	43.7689162	1.5048318	38000.0	1675116090.0	LFBBNH4
6125314.0	43.8073764	1.578335	38000.0	1675116120.0	LFBBNH4
6125314.0	43.84598266666666	1.6516363333333333	38000.0	1675116150.0	LFBBNH4
6125314.0	43.883812	1.723946	38000.0	1675116180.0	LFBBNH4
6125314.0	43.921997	1.798168	38000.0	1675116210.0	LFBBNH4
6125358.0	42.903816	1.185285	38000.0	1675115610.0	LFBBNH4
6125358.0	42.957001	1.158211	38000.0	1675115640.0	LFBBNH4
6125358.0	43.010273	1.131114	38000.0	1675115670.0	LFBBNH4
6125358.0	43.06209139999999	1.104651	38000.0	1675115700.0	LFBBNH4
6125358.0	43.11721	1.076056	38000.0	1675115730.0	LFBBNH4
6125358.0	43.170338	1.047548	38000.0	1675115760.0	LFBBNH4
6125358.0	43.223576	1.018606	38000.0	1675115790.0	LFBBNH4
6125358.0	43.276752	0.989455	38000.0	1675115820.0	LFBBNH4
6125358.0	43.329933	0.960096	38000.0	1675115850.0	LFBBNH4
6125358.0	43.383011	0.931008	38000.0	1675115880.0	LFBBNH4
6125358.0	43.436142	0.902053	38000.0	1675115910.0	LFBBNH4
6125358.0	43.490005	0.875811	38000.0	1675115940.0	LFBBNH4
6125358.0	43.54264800000001	0.8502824000000001	38000.0	1675115970.0	LFBBNH4
6125370.0	42.034241	0.819839	38000.0	1675115610.0	LECBGO3
6125370.0	42.094208	0.834108	38000.0	1675115640.0	LECBGO3
6125370.0	42.154308	0.848222	38000.0	1675115670.0	LECBGO3
6125370.0	42.2131415	0.8619176666666665	38000.0	1675115700.0	LECBGO3
6125370.0	42.274952	0.863605	38000.0	1675115730.0	LECBGO3
6125370.0	42.334732	0.86364	38000.0	1675115760.0	LECBGO3
6125370.0	42.394745	0.863921	38000.0	1675115790.0	LECBGO3
6125370.0	42.454769	0.864135	38000.0	1675115820.0	LECBGO3
6125370.0	42.514977	0.864506	38000.0	1675115850.0	LECBGO3
6125370.0	42.574322	0.85652	38000.0	1675115880.0	LECBGO3
6125370.0	42.630241	0.835929	38000.0	1675115910.0	LECBGO3
6125370.0	42.686275	0.815549	38000.0	1675115940.0	LECBGO3
6125370.0	42.742252	0.794954	38000.0	1675115970.0	LECBGO3
6125370.0	42.7965918	0.7747862	38000.0	1675116000.0	LECBGO3
6125370.0	42.854271	0.753201	38000.0	1675116030.0	LFBBNH4
6125370.0	42.91008	0.732272	38000.0	1675116060.0	LFBBNH4
6125370.0	42.965866	0.711396	38000.0	1675116090.0	LFBBNH4
6125370.0	43.02161	0.690688	38000.0	1675116120.0	LFBBNH4
6125370.0	43.077271	0.669922	38000.0	1675116150.0	LFBBNH4
6125370.0	43.13282	0.649143	38000.0	1675116180.0	LFBBNH4
6125370.0	43.188366	0.628259	38000.0	1675116210.0	LFBBNH4
6125370.0	43.243889	0.607361	38000.0	1675116240.0	LFBBNH4
6125370.0	43.29772799999999	0.5870360000000001	38000.0	1675116270.0	LFBBNH4
6125370.0	43.354916	0.565364	38000.0	1675116300.0	LFBBNH4
6125370.0	43.40987	0.544453	38000.0	1675116330.0	LFBBNH4
6125389.0	41.549545	0.68537	38000.0	1675115610.0	LECBGO3
6125389.0	41.610519	0.700673	38000.0	1675115640.0	LECBGO3
6125389.0	41.671539	0.715958	38000.0	1675115670.0	LECBGO3
6125389.0	41.73110649999998	0.7309415000000001	38000.0	1675115700.0	LECBGO3
6125389.0	41.793831	0.746678	38000.0	1675115730.0	LECBGO3
6125389.0	41.854736	0.761759	38000.0	1675115760.0	LECBGO3
6125389.0	41.915588	0.776913	38000.0	1675115790.0	LECBGO3
6125389.0	41.976303	0.792273	38000.0	1675115820.0	LECBGO3
6125389.0	42.036915	0.807774	38000.0	1675115850.0	LECBGO3
6125389.0	42.097691	0.82337	38000.0	1675115880.0	LECBGO3
6125389.0	42.158642	0.838837	38000.0	1675115910.0	LECBGO3
6125389.0	42.219887	0.847001	38000.0	1675115940.0	LECBGO3
6125389.0	42.280735	0.847352	38000.0	1675115970.0	LECBGO3
6125389.0	42.33985540000001	0.84778	38000.0	1675116000.0	LECBGO3
6125389.0	42.402622	0.847806	38000.0	1675116030.0	LECBGO3
6125389.0	42.463448	0.848203	38000.0	1675116060.0	LECBGO3
6125389.0	42.524239	0.848758	38000.0	1675116090.0	LECBGO3
6125389.0	42.584976	0.849337	38000.0	1675116120.0	LECBGO3
6125389.0	42.64563	0.850008	38000.0	1675116150.0	LECBGO3
6125389.0	42.706013	0.850771	38000.0	1675116180.0	LECBGO3
6125389.0	42.766125	0.851763	38000.0	1675116210.0	LECBGO3
6125389.0	42.826385	0.852643	38000.0	1675116240.0	LFBBNH4
6125389.0	42.88496919999999	0.8531902	38000.0	1675116270.0	LFBBNH4
6125389.0	42.947281	0.85343	38000.0	1675116300.0	LFBBNH4
6125389.0	43.007618	0.853269	38000.0	1675116330.0	LFBBNH4
6125389.0	43.067913	0.852926	38000.0	1675116360.0	LFBBNH4
6125389.0	43.128189	0.852355	38000.0	1675116390.0	LFBBNH4
6125389.0	43.188362	0.851579	38000.0	1675116420.0	LFBBNH4
6125389.0	43.248184	0.850962	38000.0	1675116450.0	LFBBNH4
6125389.0	43.307888	0.850846	38000.0	1675116480.0	LFBBNH4
6125389.0	43.367558	0.850525	38000.0	1675116510.0	LFBBNH4
6125389.0	43.427086	0.849906	38000.0	1675116540.0	LFBBNH4
6125389.0	43.48487759999999	0.8490489999999999	38000.0	1675116570.0	LFBBNH4
6125389.0	43.54194560000001	0.8323514000000002	38000.0	1675116600.0	LFBBNH4
6125406.0	41.341694	0.541676	43000.0	1675115970.0	LECBGO3
6125406.0	41.34015540000001	0.6425462000000001	43000.0	1675116000.0	LECBGO3
6125406.0	41.338337	0.749868	43000.0	1675116030.0	LECBGO3
6125406.0	41.336452	0.853547	43000.0	1675116060.0	LECBGO3
6125406.0	41.334526	0.957154	43000.0	1675116090.0	LECBGO3
6125406.0	41.332489	1.060269	43000.0	1675116120.0	LECBGO3
6125406.0	41.330379	1.164041	43000.0	1675116150.0	LECBGO3
6125406.0	41.3282718	1.2652586	43000.0	1675116180.0	LECBGO3
6125406.0	41.32597900000001	1.3697379999999997	43000.0	1675116210.0	LECBGO3
6125406.0	41.3236016	1.4742632000000002	43000.0	1675116240.0	LECBGO3
6125406.0	41.32116800000001	1.5785772	43000.0	1675116270.0	LECBGO3
6125406.0	41.31852380000001	1.6832809999999998	43000.0	1675116300.0	LECBGO3
6125406.0	41.3157598	1.7878022000000002	43000.0	1675116330.0	LECBGO3
6125406.0	41.312884200000006	1.8921992	43000.0	1675116360.0	LECBGO3
6125435.0	40.894306	0.610074	38000.0	1675115610.0	LECBGO3
6125435.0	40.956314	0.622603	38000.0	1675115640.0	LECBGO3
6125435.0	41.018284	0.635199	38000.0	1675115670.0	LECBGO3
6125435.0	41.080166	0.647752	38000.0	1675115700.0	LECBGO3
6125435.0	41.14233	0.660325	38000.0	1675115730.0	LECBGO3
6125435.0	41.204224	0.67277	38000.0	1675115760.0	LECBGO3
6125435.0	41.266129	0.68506	38000.0	1675115790.0	LECBGO3
6125435.0	41.328098	0.69746	38000.0	1675115820.0	LECBGO3
6125435.0	41.390415	0.710146	38000.0	1675115850.0	LECBGO3
6125435.0	41.45298	0.72292	38000.0	1675115880.0	LECBGO3
6125435.0	41.515205	0.735499	38000.0	1675115910.0	LECBGO3
6125435.0	41.577599	0.748233	38000.0	1675115940.0	LECBGO3
6125435.0	41.640018	0.761034	38000.0	1675115970.0	LECBGO3
6125435.0	41.7006888	0.7735381999999998	38000.0	1675116000.0	LECBGO3
6125435.0	41.765236	0.786907	38000.0	1675116030.0	LECBGO3
6125435.0	41.827728	0.799714	38000.0	1675116060.0	LECBGO3
6125435.0	41.890236	0.812477	38000.0	1675116090.0	LECBGO3
6125435.0	41.952656	0.82531	38000.0	1675116120.0	LECBGO3
6125435.0	42.015038	0.838211	38000.0	1675116150.0	LECBGO3
6125435.0	42.077335	0.85116	38000.0	1675116180.0	LECBGO3
6125435.0	42.139542	0.864112	38000.0	1675116210.0	LECBGO3
6125435.0	42.201733	0.877065	38000.0	1675116240.0	LECBGO3
6125435.0	42.26209720000001	0.8895722	38000.0	1675116270.0	LECBGO3
6125435.0	42.326378	0.902797	38000.0	1675116300.0	LECBGO3
6125435.0	42.387348	0.894525	38000.0	1675116330.0	LECBGO3
6125435.0	42.445671	0.875701	38000.0	1675116360.0	LECBGO3
6125435.0	42.503468	0.854707	38000.0	1675116390.0	LECBGO3
6125435.0	42.56139	0.833945	38000.0	1675116420.0	LECBGO3
6125435.0	42.61924	0.813146	38000.0	1675116450.0	LECBGO3
6125435.0	42.676968	0.792243	38000.0	1675116480.0	LECBGO3
6125435.0	42.734287	0.771282	38000.0	1675116510.0	LECBGO3
6125435.0	42.791687	0.750215	38000.0	1675116540.0	LECBGO3
6125435.0	42.848911	0.729202	38000.0	1675116570.0	LFBBNH4
6125435.0	42.90460120000001	0.7087978	38000.0	1675116600.0	LFBBNH4
6125435.0	42.961836000000005	0.6876334000000001	38000.0	1675116630.0	LFBBNH4
6125435.0	43.021015	0.665796	38000.0	1675116660.0	LFBBNH4
6125435.0	43.078335	0.644835	38000.0	1675116690.0	LFBBNH4
6125435.0	43.135677	0.623812	38000.0	1675116720.0	LFBBNH4
6125435.0	43.193085	0.602819	38000.0	1675116750.0	LFBBNH4
6125435.0	43.250416	0.581674	38000.0	1675116780.0	LFBBNH4
6125435.0	43.307659	0.56056	38000.0	1675116810.0	LFBBNH4
6125435.0	43.364712	0.53925	38000.0	1675116840.0	LFBBNH4
6125474.0	40.762085	0.534876	38000.0	1675115760.0	LECBGO3
6125474.0	40.823204	0.55632	38000.0	1675115790.0	LECBGO3
6125474.0	40.884266	0.577737	38000.0	1675115820.0	LECBGO3
6125474.0	40.945221	0.599194	38000.0	1675115850.0	LECBGO3
6125474.0	41.006142	0.620865	38000.0	1675115880.0	LECBGO3
6125474.0	41.06707	0.642664	38000.0	1675115910.0	LECBGO3
6125474.0	41.12793	0.664568	38000.0	1675115940.0	LECBGO3
6125474.0	41.188683	0.686667	38000.0	1675115970.0	LECBGO3
6125474.0	41.2471026	0.7106966000000001	38000.0	1675116000.0	LECBGO3
6125474.0	41.309654	0.735454	38000.0	1675116030.0	LECBGO3
6125474.0	41.370213	0.759404	38000.0	1675116060.0	LECBGO3
6125474.0	41.430882	0.783241	38000.0	1675116090.0	LECBGO3
6125474.0	41.491539	0.806878	38000.0	1675116120.0	LECBGO3
6125474.0	41.55265	0.82696	38000.0	1675116150.0	LECBGO3
6125474.0	41.614166	0.835816	38000.0	1675116180.0	LECBGO3
6125474.0	41.675495	0.844356	38000.0	1675116210.0	LECBGO3
6125474.0	41.736942	0.852911	38000.0	1675116240.0	LECBGO3
6125474.0	41.79674020000001	0.8610410000000002	38000.0	1675116270.0	LECBGO3
6125474.0	41.86042	0.869641	38000.0	1675116300.0	LECBGO3
6125474.0	41.92202	0.878086	38000.0	1675116330.0	LECBGO3
6125474.0	41.98362	0.886591	38000.0	1675116360.0	LECBGO3
6125474.0	42.045219	0.895135	38000.0	1675116390.0	LECBGO3
6125474.0	42.106876	0.903671	38000.0	1675116420.0	LECBGO3
6125474.0	42.168083	0.904185	38000.0	1675116450.0	LECBGO3
6125474.0	42.229095	0.902951	38000.0	1675116480.0	LECBGO3
6125474.0	42.290123	0.901827	38000.0	1675116510.0	LECBGO3
6125474.0	42.351181	0.900769	38000.0	1675116540.0	LECBGO3
6125474.0	42.412121	0.899731	38000.0	1675116570.0	LECBGO3
6125474.0	42.47122120000001	0.8987314000000001	38000.0	1675116600.0	LECBGO3
6125474.0	42.53181999999999	0.8976407999999998	38000.0	1675116630.0	LECBGO3
6125474.0	42.594257	0.896427	38000.0	1675116660.0	LECBGO3
6125474.0	42.654686	0.895292	38000.0	1675116690.0	LECBGO3
6125474.0	42.714981	0.894224	38000.0	1675116720.0	LECBGO3
6125474.0	42.775005	0.893177	38000.0	1675116750.0	LECBGO3
6125474.0	42.834644	0.892017	38000.0	1675116780.0	LFBBNH4
6125474.0	42.894398	0.890832	38000.0	1675116810.0	LFBBNH4
6125474.0	42.95372	0.884794	38000.0	1675116840.0	LFBBNH4
6125474.0	43.009583	0.864491	38000.0	1675116870.0	LFBBNH4
6125474.0	43.065319	0.843085	38000.0	1675116900.0	LFBBNH4
6125474.0	43.120693	0.819734	38000.0	1675116930.0	LFBBNH4
6125474.0	43.17606	0.796433	38000.0	1675116960.0	LFBBNH4
6125474.0	43.22995540000001	0.7736534	38000.0	1675116990.0	LFBBNH4
6127673.0	40.78109	0.479077	36900.0	1675116240.0	LECBGO3
6127673.0	40.843349	0.494844	37500.0	1675116270.0	LECBGO3
6127673.0	40.904537	0.510409	38000.0	1675116300.0	LECBGO3
6127673.0	40.966122	0.526063	38000.0	1675116330.0	LECBGO3
6127673.0	41.027504	0.541572	38000.0	1675116360.0	LECBGO3
6127673.0	41.088978	0.557042	38000.0	1675116390.0	LECBGO3
6127673.0	41.150551	0.572582	38000.0	1675116420.0	LECBGO3
6127673.0	41.21212	0.588328	38000.0	1675116450.0	LECBGO3
6127673.0	41.273838	0.604167	38000.0	1675116480.0	LECBGO3
6127673.0	41.335667	0.61999	38000.0	1675116510.0	LECBGO3
6127673.0	41.397541	0.63573	38000.0	1675116540.0	LECBGO3
6127673.0	41.459328	0.651611	38000.0	1675116570.0	LECBGO3
6127673.0	41.52116	0.667587	38000.0	1675116600.0	LECBGO3
6127673.0	41.5811538	0.6834391999999999	38000.0	1675116630.0	LECBGO3
6127673.0	41.644901	0.700361	38000.0	1675116660.0	LECBGO3
6127673.0	41.706589	0.716294	38000.0	1675116690.0	LECBGO3
6127673.0	41.768288	0.732034	38000.0	1675116720.0	LECBGO3
6127673.0	41.829967	0.747736	38000.0	1675116750.0	LECBGO3
6127673.0	41.891624	0.763601	38000.0	1675116780.0	LECBGO3
6127673.0	41.953178	0.779452	38000.0	1675116810.0	LECBGO3
6127673.0	42.014442	0.795356	38000.0	1675116840.0	LECBGO3
6127673.0	42.075737	0.81167	38000.0	1675116870.0	LECBGO3
6127673.0	42.137165	0.828036	38000.0	1675116900.0	LECBGO3
6127673.0	42.19865	0.844029	38000.0	1675116930.0	LECBGO3
6127673.0	42.260063	0.860097	38000.0	1675116960.0	LECBGO3
6127673.0	42.31971039999999	0.8759206	38000.0	1675116990.0	LECBGO3
6127716.0	41.6762688	1.6331547999999996	36780.0	1675116660.0	LECBGO3
6127716.0	41.7354768	1.623925	37480.0	1675116690.0	LECBGO3
6127716.0	41.7938542	1.6146906000000003	37880.0	1675116720.0	LECBGO3
6127716.0	41.8524162	1.6053928	38000.0	1675116750.0	LECBGO3
6127716.0	41.91167040000001	1.5959668000000002	38000.0	1675116780.0	LECBGO3
6127716.0	41.97058919999999	1.5867273999999998	38000.0	1675116810.0	LECBGO3
6127716.0	42.0293462	1.5774169999999998	38000.0	1675116840.0	LECBGO3
6127716.0	42.088289	1.5680635999999997	38000.0	1675116870.0	LECBGO3
6127716.0	42.14739439999999	1.5586236000000004	38000.0	1675116900.0	LECBGO3
6127716.0	42.206744	1.5492532	38000.0	1675116930.0	LECBGO3
6127716.0	42.26599739999999	1.5397800000000004	38000.0	1675116960.0	LECBGO3
6127716.0	42.32525220000001	1.5302582000000002	38000.0	1675116990.0	LECBGO3
6127724.0	40.746849	0.461821	38000.0	1675116570.0	LECBGO3
6127724.0	40.809345	0.477782	38000.0	1675116600.0	LECBGO3
6127724.0	40.872124	0.493812	38000.0	1675116630.0	LECBGO3
6127724.0	40.934597	0.509764	38000.0	1675116660.0	LECBGO3
6127724.0	40.997353	0.525985	38000.0	1675116690.0	LECBGO3
6127724.0	41.059769	0.542262	38000.0	1675116720.0	LECBGO3
6127724.0	41.122147	0.558436	38000.0	1675116750.0	LECBGO3
6127724.0	41.184387	0.574531	38000.0	1675116780.0	LECBGO3
6127724.0	41.246258	0.590548	38000.0	1675116810.0	LECBGO3
6127724.0	41.30809	0.606484	38000.0	1675116840.0	LECBGO3
6127724.0	41.370003	0.622582	38000.0	1675116870.0	LECBGO3
6127724.0	41.431709	0.63871	38000.0	1675116900.0	LECBGO3
6127724.0	41.493313	0.654892	38000.0	1675116930.0	LECBGO3
6127724.0	41.554813	0.671126	38000.0	1675116960.0	LECBGO3
6127724.0	41.616058	0.68717	38000.0	1675116990.0	LECBGO3
6127729.0	41.84444699999999	1.7894834000000004	45000.0	1675115970.0	LECBGO3
6127729.0	41.84007280000001	1.7143896000000003	45000.0	1675116000.0	LECBGO3
6127729.0	41.8355932	1.6387432000000004	45000.0	1675116030.0	LECBGO3
6127729.0	41.8310346	1.563316	45000.0	1675116060.0	LECBGO3
6127729.0	41.82626500000001	1.4877116000000004	45000.0	1675116090.0	LECBGO3
6127729.0	41.8215324	1.4122302000000004	45000.0	1675116120.0	LECBGO3
6127729.0	41.81683020000001	1.3367102000000004	45000.0	1675116150.0	LECBGO3
6127729.0	41.8120834	1.2612104000000004	45000.0	1675116180.0	LECBGO3
6127729.0	41.807129	1.183578	45000.0	1675116210.0	LECBGO3
6127729.0	41.802151	1.107984	45000.0	1675116240.0	LECBGO3
6127729.0	41.79727100000001	1.0341968	45000.0	1675116270.0	LECBGO3
6127729.0	41.792061	0.955674	45000.0	1675116300.0	LECBGO3
6127729.0	41.786953	0.879714	45000.0	1675116330.0	LECBGO3
6127729.0	41.781845	0.803967	45000.0	1675116360.0	LECBGO3
6127729.0	41.776688	0.728098	45000.0	1675116390.0	LECBGO3
6127729.0	41.771534	0.652352	45000.0	1675116420.0	LECBGO3
6127739.0	41.161541	1.171828	36800.0	1675116540.0	LECBGO3
6127739.0	41.222523	1.161962	37400.0	1675116570.0	LECBGO3
6127739.0	41.2836	1.155768	37800.0	1675116600.0	LECBGO3
6127739.0	41.34277999999999	1.1504145999999995	38000.0	1675116630.0	LECBGO3
6127739.0	41.405567	1.14441	38000.0	1675116660.0	LECBGO3
6127739.0	41.46574	1.138273	38000.0	1675116690.0	LECBGO3
6127739.0	41.525543	1.131837	38000.0	1675116720.0	LECBGO3
6127739.0	41.585243	1.125367	38000.0	1675116750.0	LECBGO3
6127739.0	41.644958	1.118996	38000.0	1675116780.0	LECBGO3
6127739.0	41.70462	1.112614	38000.0	1675116810.0	LECBGO3
6127739.0	41.764233	1.106266	38000.0	1675116840.0	LECBGO3
6127739.0	41.823608	1.09995	38000.0	1675116870.0	LECBGO3
6127739.0	41.882797	1.093668	38000.0	1675116900.0	LECBGO3
6127739.0	41.942135	1.087375	38000.0	1675116930.0	LECBGO3
6127739.0	42.001453	1.08107	38000.0	1675116960.0	LECBGO3
6127739.0	42.059319666666674	1.0748685000000002	38000.0	1675116990.0	LECBGO3
6127746.0	42.99271	1.022565	37200.0	1675116390.0	LFBBNH4
6127746.0	43.052711	1.033827	37800.0	1675116420.0	LFBBNH4
6127746.0	43.112206	1.04468	38000.0	1675116450.0	LFBBNH4
6127746.0	43.171963	1.055347	38000.0	1675116480.0	LFBBNH4
6127746.0	43.231888	1.066239	38000.0	1675116510.0	LFBBNH4
6127746.0	43.291786	1.076992	38000.0	1675116540.0	LFBBNH4
6127746.0	43.34995679999999	1.0873035999999996	38000.0	1675116570.0	LFBBNH4
6127746.0	43.4096898	1.0981147999999996	38000.0	1675116600.0	LFBBNH4
6127746.0	43.46944499999999	1.1089142	38000.0	1675116630.0	LFBBNH4
6127746.0	43.530846	1.111148	38000.0	1675116660.0	LFBBNH4
6127746.0	43.585087	1.08864	38000.0	1675116690.0	LFBBNH4
6127746.0	43.636715	1.057391	38000.0	1675116720.0	LFBBNH4
6127746.0	43.688782	1.027121	38000.0	1675116750.0	LFBBNH4
6127757.0	40.735611	0.512804	38000.0	1675116990.0	LECBGO3
6127798.0	40.9855742	1.4877096	36880.0	1675116780.0	LECBGO3
6127798.0	41.04499699999999	1.4718510000000002	37480.0	1675116810.0	LECBGO3
6127798.0	41.10366180000001	1.456319	38000.0	1675116840.0	LECBGO3
6127798.0	41.16243939999999	1.4406319999999997	38000.0	1675116870.0	LECBGO3
6127798.0	41.22109439999999	1.4247944	38000.0	1675116900.0	LECBGO3
6127798.0	41.27979939999999	1.4089246	38000.0	1675116930.0	LECBGO3
6127798.0	41.33852639999999	1.3930531999999998	38000.0	1675116960.0	LECBGO3
6127798.0	41.3972852	1.3772426000000002	38000.0	1675116990.0	LECBGO3
6127807.0	40.72366579999999	1.394967	36780.0	1675116780.0	LECBGO3
6127807.0	40.77972599999999	1.3656555999999995	37580.0	1675116810.0	LECBGO3
6127807.0	40.83643260000001	1.3453899999999996	38000.0	1675116840.0	LECBGO3
6127807.0	40.89612360000001	1.3371495999999998	38000.0	1675116870.0	LECBGO3
6127807.0	40.95530939999999	1.3280754	38000.0	1675116900.0	LECBGO3
6127807.0	41.01367819999999	1.3154852	38000.0	1675116930.0	LECBGO3
6127807.0	41.07173379999999	1.3026125999999998	38000.0	1675116960.0	LECBGO3
6127807.0	41.12988520000001	1.2889672	38000.0	1675116990.0	LECBGO3
6127835.0	41.17619580000001	1.914492	37000.0	1675116810.0	LECBGO3
6127835.0	41.13693799999999	1.8564526000000003	37000.0	1675116840.0	LECBGO3
6127835.0	41.09723159999999	1.7977198	37000.0	1675116870.0	LECBGO3
6127835.0	41.05806259999999	1.740056	37000.0	1675116900.0	LECBGO3
6127835.0	41.01871599999999	1.6824181999999996	37000.0	1675116930.0	LECBGO3
6127835.0	40.9793458	1.6248524000000004	37000.0	1675116960.0	LECBGO3
6127835.0	40.93998639999999	1.5673496	37000.0	1675116990.0	LECBGO3
6127924.0	43.5205298	0.8013718000000002	37000.0	1675116000.0	LFBBNH4
6127924.0	43.459141	0.783425	37000.0	1675116030.0	LFBBNH4
6127924.0	43.399811	0.765863	37000.0	1675116060.0	LFBBNH4
6127924.0	43.340496	0.748356	37000.0	1675116090.0	LFBBNH4
6127924.0	43.281189	0.730768	37000.0	1675116120.0	LFBBNH4
6127924.0	43.221909	0.713167	37000.0	1675116150.0	LFBBNH4
6127924.0	43.16259	0.695644	37000.0	1675116180.0	LFBBNH4
6127924.0	43.103367	0.677993	37000.0	1675116210.0	LFBBNH4
6127924.0	43.044071	0.66058	37000.0	1675116240.0	LFBBNH4
6127924.0	42.986466600000014	0.6437325999999999	37000.0	1675116270.0	LFBBNH4
6127924.0	42.925369	0.625918	37000.0	1675116300.0	LFBBNH4
6127924.0	42.866409	0.608846	37000.0	1675116330.0	LFBBNH4
6127924.0	42.807629	0.591713	37000.0	1675116360.0	LFBBNH4
6127924.0	42.748859	0.574566	37000.0	1675116390.0	LFBBNH4
6127974.0	43.51226	0.778966	37000.0	1675116420.0	LFBBNH4
6127974.0	43.453037	0.762901	37000.0	1675116450.0	LFBBNH4
6127974.0	43.39373	0.746753	37000.0	1675116480.0	LFBBNH4
6127974.0	43.334347	0.730863	37000.0	1675116510.0	LFBBNH4
6127974.0	43.27496	0.714797	37000.0	1675116540.0	LFBBNH4
6127974.0	43.215519	0.698625	37100.0	1675116570.0	LFBBNH4
6127974.0	43.15771579999999	0.6828968000000001	37000.0	1675116600.0	LFBBNH4
6127974.0	43.09818659999999	0.6667799999999998	37080.0	1675116630.0	LFBBNH4
6127974.0	43.036781	0.650587	37000.0	1675116660.0	LFBBNH4
6127974.0	42.977386	0.634873	37000.0	1675116690.0	LFBBNH4
6127974.0	42.918007	0.619392	37000.0	1675116720.0	LFBBNH4
6127974.0	42.858639	0.603985	37000.0	1675116750.0	LFBBNH4
6127974.0	42.7995	0.58858	37000.0	1675116780.0	LFBBNH4
6127974.0	42.740772	0.57311	37000.0	1675116810.0	LFBBNH4
6127989.0	44.04072919999999	1.8321268	39000.0	1675116210.0	LFBBNH4
6127989.0	43.9726818	1.8487396	39000.0	1675116240.0	LFBBNH4
6127989.0	43.90401939999999	1.8654522	39000.0	1675116270.0	LFBBNH4
6127989.0	43.8355668	1.8821948	39000.0	1675116300.0	LFBBNH4
6127989.0	43.76727259999999	1.8988254	39000.0	1675116330.0	LFBBNH4
6127989.0	43.6990548	1.9153896	39000.0	1675116360.0	LFBBNH4
6127989.0	43.6310988	1.9318244	39000.0	1675116390.0	LFBBNH4
6127989.0	43.56364580000001	1.9478732	39000.0	1675116420.0	LFBBNH4
6127989.0	43.4952524	1.9643162000000003	39000.0	1675116450.0	LFBBNH4
6127989.0	43.4272746	1.9807892	39000.0	1675116480.0	LFBBNH4
6127989.0	43.3594816	1.9972156000000003	39000.0	1675116510.0	LFBBNH4
6127989.0	43.29192160000001	2.0134868000000004	39000.0	1675116540.0	LFBBNH4
6127989.0	43.22502959999999	2.0295832000000003	39000.0	1675116570.0	LFBBNH4
6127989.0	43.1581658	2.0453595999999994	39000.0	1675116600.0	LFBBNH4
6127989.0	43.09085839999999	2.0612206000000004	39000.0	1675116630.0	LFBBNH4
6127989.0	43.0238986	2.0770528000000006	39000.0	1675116660.0	LFBBNH4
6127989.0	42.95692059999999	2.0929666000000005	39000.0	1675116690.0	LFBBNH4
6127989.0	42.88990500000001	2.1088603999999997	39000.0	1675116720.0	LFBBNH4
6127989.0	42.82290819999999	2.1247631999999994	39000.0	1675116750.0	LFBBNH4
6127989.0	42.75597919999999	2.1406068	39000.0	1675116780.0	LFBBNH4
6127989.0	42.68908119999999	2.1563235999999995	39000.0	1675116810.0	LFBBNH4
6127989.0	42.62219419999999	2.1719286000000007	39000.0	1675116840.0	LFBBNH4
6127989.0	42.55530319999999	2.1875101999999997	39000.0	1675116870.0	LFBBNH4
6127989.0	42.4883832	2.2032406000000004	39000.0	1675116900.0	LFBBNH4
6127992.0	43.920654	1.563365	37000.0	1675115970.0	LFBBNH4
6127992.0	43.88652	1.50184	37000.0	1675116000.0	LFBBNH4
6127992.0	43.850567	1.442621	37000.0	1675116030.0	LFBBNH4
6127992.0	43.8143264	1.380284	37000.0	1675116060.0	LFBBNH4
6127992.0	43.7803014	1.3188356	37000.0	1675116090.0	LFBBNH4
6127992.0	43.746586400000005	1.2571694	37000.0	1675116120.0	LFBBNH4
6127992.0	43.713075	1.195676	37000.0	1675116150.0	LFBBNH4
6127992.0	43.680355	1.135223	37000.0	1675116180.0	LFBBNH4
6127992.0	43.646832	1.073178	37000.0	1675116210.0	LFBBNH4
6127992.0	43.6123196	1.0093332	37000.0	1675116240.0	LFBBNH4
6127992.0	43.578361	0.9475492	37000.0	1675116270.0	LFBBNH4
6127992.0	43.544331	0.885517	37000.0	1675116300.0	LFBBNH4
6127992.0	43.5104432	0.8224516	37000.0	1675116330.0	LFBBNH4
6127992.0	43.4765748	0.7599866	37000.0	1675116360.0	LFBBNH4
6127992.0	43.442466200000005	0.698062	37000.0	1675116390.0	LFBBNH4
6127992.0	43.408337	0.6362644000000001	37000.0	1675116420.0	LFBBNH4
6127992.0	43.3741498	0.5745	37000.0	1675116450.0	LFBBNH4
6127992.0	43.3399258	0.5127378	37000.0	1675116480.0	LFBBNH4
6127992.0	43.3059484	0.4514846	37000.0	1675116510.0	LFBBNH4
6127992.0	43.272065600000005	0.3905738	37000.0	1675116540.0	LFBBNH4
6127992.0	43.2380458	0.3297234	37000.0	1675116570.0	LFBBNH4
6127992.0	43.2042222	0.2691186	37000.0	1675116600.0	LFBBNH4
6127992.0	43.1702644	0.2082318	37000.0	1675116630.0	LFBBNH4
6127992.0	43.136274	0.1473006	37000.0	1675116660.0	LFBBNH4
6128018.0	44.0307974	1.7652130000000004	37000.0	1675116270.0	LFBBNH4
6128018.0	43.9682132	1.77461	37000.0	1675116300.0	LFBBNH4
6128018.0	43.90553719999999	1.7839455999999996	37000.0	1675116330.0	LFBBNH4
6128018.0	43.84282100000001	1.7933276	37000.0	1675116360.0	LFBBNH4
6128018.0	43.78005400000001	1.8027218000000005	37000.0	1675116390.0	LFBBNH4
6128018.0	43.717198800000006	1.8120842	37000.0	1675116420.0	LFBBNH4
6128018.0	43.6543178	1.8213954	37000.0	1675116450.0	LFBBNH4
6128018.0	43.591492200000005	1.83056	36920.0	1675116480.0	LFBBNH4
6128038.0	44.0093464	1.737963	37000.0	1675116480.0	LFBBNH4
6128038.0	43.94389200000001	1.7511824000000002	37000.0	1675116510.0	LFBBNH4
6128038.0	43.87842900000001	1.7642734	37000.0	1675116540.0	LFBBNH4
6128038.0	43.81296500000001	1.777369	37000.0	1675116570.0	LFBBNH4
6128038.0	43.7471668	1.7904673999999998	37000.0	1675116600.0	LFBBNH4
6128038.0	43.68182560000001	1.8033682	37000.0	1675116630.0	LFBBNH4
6128038.0	43.616575800000014	1.816216	37000.0	1675116660.0	LFBBNH4
6128038.0	43.55170819999999	1.828822	37000.0	1675116690.0	LFBBNH4
6128038.0	43.4869998	1.8416830000000004	37000.0	1675116720.0	LFBBNH4
6128038.0	43.422365	1.854322	37000.0	1675116750.0	LFBBNH4
6128038.0	43.3579288	1.8668654	37000.0	1675116780.0	LFBBNH4
6128038.0	43.293547200000006	1.8794472	37000.0	1675116810.0	LFBBNH4
6128038.0	43.2291718	1.8919186	37000.0	1675116840.0	LFBBNH4
6128038.0	43.164733	1.9044412	37000.0	1675116870.0	LFBBNH4
6128038.0	43.100241	1.9167974	37000.0	1675116900.0	LFBBNH4
6128038.0	43.0356896	1.9290696	37000.0	1675116930.0	LFBBNH4
6128038.0	42.97113439999999	1.9414538	37000.0	1675116960.0	LFBBNH4
6128038.0	42.9059596	1.954124	37000.0	1675116990.0	LFBBNH4
6128064.0	44.03893079999999	1.8058522000000004	37000.0	1675116600.0	LFBBNH4
6128064.0	43.97630979999999	1.8190426	37000.0	1675116630.0	LFBBNH4
6128064.0	43.91372419999999	1.8270512	37000.0	1675116660.0	LFBBNH4
6128064.0	43.85104040000001	1.8334066	37000.0	1675116690.0	LFBBNH4
6128064.0	43.78830419999999	1.839739	37000.0	1675116720.0	LFBBNH4
6128064.0	43.72562840000001	1.8459184000000004	37000.0	1675116750.0	LFBBNH4
6128064.0	43.6628192	1.8520934	37000.0	1675116780.0	LFBBNH4
6128064.0	43.60003079999999	1.8582202000000003	37000.0	1675116810.0	LFBBNH4
6128064.0	43.53726379999999	1.8642662000000003	37000.0	1675116840.0	LFBBNH4
6128064.0	43.474554	1.8702562	37000.0	1675116870.0	LFBBNH4
6128064.0	43.41210020000001	1.8761228	37000.0	1675116900.0	LFBBNH4
6128064.0	43.3502352	1.8820162	37000.0	1675116930.0	LFBBNH4
6128064.0	43.288256	1.8881216	37000.0	1675116960.0	LFBBNH4
6128064.0	43.226348	1.8941472	37000.0	1675116990.0	LFBBNH4
6128103.0	43.98912	1.6956642000000004	37000.0	1675116870.0	LFBBNH4
6128103.0	43.9258646	1.7103133999999998	37000.0	1675116900.0	LFBBNH4
6128103.0	43.86250959999999	1.7247854	37000.0	1675116930.0	LFBBNH4
6128103.0	43.79910859999999	1.7392052	37000.0	1675116960.0	LFBBNH4
6128103.0	43.73524640000001	1.7538122	37000.0	1675116990.0	LFBBNH4
6128128.0	44.069281	1.8200176	37000.0	1675116990.0	LFBBNH4
