RTKey,Lat,Lon,Alt,Unixtime,Sector
6126842,41.632839,4.029811,38000.0,1675140676.0,LECBVNI
6127000,41.634296,4.037872,38000.0,1675141736.0,LECBVNI
6127512,42.083927,4.395284,34000.0,1675140366.0,LECBVNI
6128719,39.954086,4.66095,36000.0,1675140736.0,LECBBAS
6128774,41.0009,3.88224,34000.0,1675140941.0,LECBVNI
6128801,41.633064,4.032132,38000.0,1675141101.0,LECBVNI
6128804,41.634563,4.041217,36000.0,1675140596.0,LECBVNI
6128811,41.633289,4.033208,36000.0,1675142136.0,LECBVNI
6128827,41.632889,4.029769,36000.0,1675140696.0,LECBVNI
6128898,38.114403,3.151768,29600.0,1675140416.0,LECBBAS
6128926,39.246723,1.728778,36600.0,1675140471.0,LECBBAS
6128960,40.973267,3.880971,36000.0,1675141751.0,LECBVNI
6128989,40.999439,3.890722,34000.0,1675142086.0,LECBVNI
6129026,42.083004,4.379377,38000.0,1675141661.0,LECBVNI
6129029,39.576172,2.719875,24500.0,1675140831.0,LECBBAS
6129055,41.146931,3.058129,36000.0,1675142281.0,LECBVNI
6129057,39.093494,2.112556,24600.0,1675141196.0,LECBBAS
6129066,40.501503,3.553714,22800.0,1675140596.0,LECBVNI
6129068,39.191757,1.724134,38900.0,1675141031.0,LECBBAS
6129079,38.116684,3.15411,31100.0,1675141991.0,LECBBAS
6129081,39.945435,4.66583,38000.0,1675141311.0,LECBBAS
6129083,39.44907,1.998712,24500.0,1675142236.0,LECBBAS
6129103,39.763721,3.614726,25100.0,1675140771.0,LECBBAS
6129104,39.675926,1.945456,37000.0,1675141216.0,LECBBAS
6129127,39.577019,1.89435,29000.0,1675141651.0,LECBBAS
6129132,39.246971,1.72878,33400.0,1675142111.0,LECBBAS
6129137,38.312523,3.171101,37000.0,1675142281.0,LECBBAS
6129157,41.525692,3.287122,38000.0,1675142281.0,LECBVNI
6129159,40.693848,3.528078,19700.0,1675141291.0,LECBVNI
6129169,39.287167,2.524479,24500.0,1675141731.0,LECBBAS
6129175,40.500668,3.417815,20800.0,1675141541.0,LECBVNI
6129189,39.631535,1.924865,37000.0,1675141936.0,LECBBAS
6129191,40.518955,3.421683,19600.0,1675141706.0,LECBVNI
6129195,39.269871,3.381313,37000.0,1675142281.0,LECBBAS
6129197,41.231091,2.953046,35000.0,1675141541.0,LECBVNI
6129198,39.608231,3.019059,36000.0,1675142281.0,LECBBAS
6129208,40.519653,3.432523,19600.0,1675141831.0,LECBVNI
6129220,39.665623,1.942132,37000.0,1675142191.0,LECBBAS
6129225,38.780651,1.840426,37000.0,1675141721.0,LECBBAS
6129233,40.050304,3.120715,37000.0,1675142281.0,LECBBAS
6129242,38.260414,1.979992,38800.0,1675141441.0,LECBBAS
6129244,40.503345,3.424303,19700.0,1675142131.0,LECBVNI
6129245,38.781731,1.83807,39000.0,1675141851.0,LECBBAS
6129251,39.664661,2.573096,31500.0,1675142281.0,LECBBAS
6129272,39.52364,2.863384,41000.0,1675142281.0,LECBBAS
6129276,39.500099,2.764836,37000.0,1675142281.0,LECBBAS
6129288,40.890247,3.622247,29900.0,1675142281.0,LECBVNI
6129289,40.988861,3.389889,37000.0,1675142281.0,LECBVNI
6129297,38.260399,1.979949,28900.0,1675141926.0,LECBBAS
6129305,41.245281,3.175586,39000.0,1675142281.0,LECBVNI
6129318,41.33181,3.797683,37000.0,1675142281.0,LECBVNI
6129336,41.639339,3.8682,37000.0,1675142281.0,LECBVNI
6129351,38.827187,4.015604,36000.0,1675142281.0,LECBBAS
6129354,41.899235,3.997013,37000.0,1675142281.0,LECBVNI
6129370,42.13673,4.147357,33000.0,1675142281.0,LECBVNI
