RTKey,Lat,Lon,Alt,Unixtime,Sector
6127000,41.634296,4.037872,38000.0,1675141736.0,LECBVNI
6128774,41.0009,3.88224,34000.0,1675140941.0,LECBVNI
6128801,41.633064,4.032132,38000.0,1675141101.0,LECBVNI
6128811,41.633289,4.033208,36000.0,1675142136.0,LECBVNI
6128960,40.973267,3.880971,36000.0,1675141751.0,LECBVNI
6128989,40.999439,3.890722,34000.0,1675142086.0,LECBVNI
6129026,42.083004,4.379377,38000.0,1675141661.0,LECBVNI
6129055,40.999638,3.890862,36000.0,1675142551.0,LECBVNI
6129057,39.093494,2.112556,24600.0,1675141196.0,LECBBAS
6129068,39.191757,1.724134,38900.0,1675141031.0,LECBBAS
6129079,38.116684,3.15411,31100.0,1675141991.0,LECBBAS
6129081,39.945435,4.66583,38000.0,1675141311.0,LECBBAS
6129083,39.44907,1.998712,24500.0,1675142236.0,LECBBAS
6129104,39.675926,1.945456,37000.0,1675141216.0,LECBBAS
6129106,39.049316,1.926679,38000.0,1675142841.0,LECBBAS
6129119,39.4104,2.560645,24600.0,1675142576.0,LECBBAS
6129122,38.383076,1.948524,35000.0,1675142281.0,LECBBAS
6129127,39.577019,1.89435,29000.0,1675141651.0,LECBBAS
6129132,39.246971,1.72878,33400.0,1675142111.0,LECBBAS
6129137,38.152283,3.227894,37000.0,1675142356.0,LECBBAS
6129157,41.641254,4.038991,38000.0,1675142531.0,LECBVNI
6129159,40.693848,3.528078,19700.0,1675141291.0,LECBVNI
6129169,39.287167,2.524479,24500.0,1675141731.0,LECBBAS
6129175,40.500668,3.417815,20800.0,1675141541.0,LECBVNI
6129189,39.631535,1.924865,37000.0,1675141936.0,LECBBAS
6129191,40.518955,3.421683,19600.0,1675141706.0,LECBVNI
6129197,41.231091,2.953046,35000.0,1675141541.0,LECBVNI
6129198,39.946426,4.617263,38000.0,1675142841.0,LECBBAS
6129208,40.519653,3.432523,19600.0,1675141831.0,LECBVNI
6129220,39.665623,1.942132,37000.0,1675142191.0,LECBBAS
6129225,38.780651,1.840426,37000.0,1675141721.0,LECBBAS
6129233,38.857445,3.136916,37000.0,1675142841.0,LECBBAS
6129242,38.260414,1.979992,38800.0,1675141441.0,LECBBAS
6129244,40.503345,3.424303,19700.0,1675142131.0,LECBVNI
6129245,38.781731,1.83807,39000.0,1675141851.0,LECBBAS
6129248,42.082241,4.388625,31500.0,1675142411.0,LECBVNI
6129251,39.861923,2.111384,35800.0,1675142481.0,LECBBAS
6129265,39.412258,3.157009,36000.0,1675142841.0,LECBBAS
6129272,39.198277,1.725081,41000.0,1675142821.0,LECBBAS
6129276,39.198853,1.723199,37000.0,1675142725.0,LECBBAS
6129288,40.504604,3.425785,21900.0,1675142511.0,LECBVNI
6129289,39.933758,3.112696,27400.0,1675142841.0,LECBBAS
6129291,41.65078,4.037241,31800.0,1675142801.0,LECBVNI
6129297,38.260399,1.979949,28900.0,1675141926.0,LECBBAS
6129305,40.020325,3.11915,39000.0,1675142841.0,LECBBAS
6129309,39.069691,1.996435,34900.0,1675142841.0,LECBBAS
6129318,40.502289,3.424574,20100.0,1675142721.0,LECBVNI
6129336,40.583893,3.450166,23200.0,1675142841.0,LECBVNI
6129351,39.995155,4.246347,36000.0,1675142831.0,LECBBAS
6129354,40.812618,3.543896,27300.0,1675142841.0,LECBVNI
6129358,41.050915,3.166065,37000.0,1675142841.0,LECBVNI
6129360,39.07238,2.654585,25000.0,1675142841.0,LECBBAS
6129363,41.190487,3.101613,33000.0,1675142841.0,LECBVNI
6129370,41.132221,3.695413,32900.0,1675142841.0,LECBVNI
6129378,41.088234,3.730793,35000.0,1675142841.0,LECBVNI
6129416,41.708649,3.789406,35000.0,1675142841.0,LECBVNI
6129425,41.78495,3.950325,35000.0,1675142841.0,LECBVNI
