RTKey,Lat,Lon,Alt,Unixtime,Sector
6124586,41.746407,4.660481,40000.0,1675112381.0,LECBMNU
6124664,42.036873,4.538127,36000.0,1675111541.0,LECBMNU
6124682,41.826866,4.657887,34000.0,1675111651.0,LECBMNU
6124700,40.858089,4.662258,34000.0,1675111676.0,LECBMNU
6124735,42.005672,4.615971,36000.0,1675111246.0,LECBMNU
6124778,39.962368,4.660669,38000.0,1675112451.0,LECBBAS
6124791,40.867809,4.651022,40000.0,1675112176.0,LECBMNU
6124851,41.697632,4.661988,40000.0,1675111671.0,LECBMNU
6124861,41.682587,4.663451,36000.0,1675111296.0,LECBMNU
6124863,41.745827,4.654062,36000.0,1675112186.0,LECBMNU
6124875,41.859322,4.665224,33000.0,1675111276.0,LECBMNU
6124900,39.822891,3.03791,24500.0,1675111476.0,LECBBAS
6124913,41.301491,4.560454,32600.0,1675111576.0,LECBMNU
6124916,41.621536,4.662295,37000.0,1675111656.0,LECBMNU
6124940,41.688675,4.662812,36000.0,1675111886.0,LECBMNU
6124946,40.004974,3.669573,32000.0,1675111961.0,LECBBAS
6124948,40.706039,4.196336,38000.0,1675112706.0,LECBMNU
6124957,41.360004,4.573124,32600.0,1675111931.0,LECBMNU
6124965,38.114658,3.152578,34700.0,1675112691.0,LECBBAS
6124966,41.647923,4.663624,36000.0,1675112681.0,LECBMNU
6124968,41.733536,4.66504,34100.0,1675112071.0,LECBMNU
6124988,39.898148,2.154599,24900.0,1675111366.0,LECBBAS
6125010,41.329784,4.559925,32700.0,1675112206.0,LECBMNU
6125013,39.631435,1.924325,37000.0,1675112111.0,LECBBAS
6125024,39.201862,1.729438,35000.0,1675112296.0,LECBBAS
6125034,39.775364,3.004669,24600.0,1675112356.0,LECBBAS
6125035,39.568905,3.166703,34000.0,1675112706.0,LECBBAS
6125043,39.631317,1.925014,45000.0,1675112311.0,LECBBAS
6125055,40.247715,3.373452,24500.0,1675112231.0,LECBBAS
6125067,39.558125,2.960528,38000.0,1675112706.0,LECBBAS
6125071,39.631638,1.924456,37000.0,1675112536.0,LECBBAS
6125073,41.354668,4.573187,34000.0,1675112706.0,LECBMNU
6125090,41.170269,3.944441,37000.0,1675111836.0,LECBMNU
6125091,41.09734,4.509829,35800.0,1675112706.0,LECBMNU
6125098,41.851933,4.582366,35000.0,1675112706.0,LECBMNU
6125182,39.697689,3.410887,35000.0,1675112706.0,LECBBAS
6125186,39.540379,4.153818,36000.0,1675112706.0,LECBBAS
