RTKey,Lat,Lon,Alt,Unixtime,Sector
4803216,40.251347,-2.251595,24500.0,1657917022.0,LECMCJL
4803217,40.472218,-2.150564,22000.0,1657916867.0,LECMCJL
4803250,40.470039,-2.154256,23500.0,1657917292.0,LECMCJL
4803260,40.775524,0.021891,30600.0,1657916980.0,LECBP2R
4803282,40.469807,-2.154333,22500.0,1657917047.0,LECMCJL
4803291,40.207848,-2.151591,22000.0,1657917047.0,LECMCJL
4803294,41.34272,0.498488,34000.0,1657917086.0,LECBP2R
4803309,40.468147,-2.03937,21100.0,1657917982.0,LECMCJL
4803319,40.513771,-2.056407,23300.0,1657917982.0,LECMCJL
4803335,41.342876,0.485745,36000.0,1657917430.0,LECBP2R
4803344,41.342541,0.490549,36000.0,1657917565.0,LECBP2R
4803357,40.810284,-2.158089,21800.0,1657917082.0,LECMCJL
4803358,39.253735,-2.779217,15000.0,1657917302.0,LECMCJL
4803375,40.234158,-0.19218,32000.0,1657917290.0,LECBP2R
4803388,40.584499,-1.811961,26300.0,1657917982.0,LECMCJL
4803397,40.232952,-0.192569,31400.0,1657917505.0,LECBP2R
4803410,41.871384,0.660483,34000.0,1657917966.0,LECBP2R
4803429,40.234077,-0.191983,31600.0,1657917750.0,LECBP2R
4803446,40.339783,-0.149627,34100.0,1657917980.0,LECBP2R
4803459,40.617085,-0.04091,37000.0,1657917980.0,LECBP2R
4803460,40.872292,-0.186827,35000.0,1657917980.0,LECBP2R
4803463,40.689667,-0.011824,41000.0,1657917980.0,LECBP2R
4803472,39.488853,-2.776839,24000.0,1657917982.0,LECMCJL
4803477,40.904137,0.074141,37000.0,1657917980.0,LECBP2R
4803504,41.527245,0.262926,31000.0,1657917980.0,LECBP2R
4803509,41.678768,0.143958,35000.0,1657917980.0,LECBP2R
4803523,41.914833,0.360179,37000.0,1657917980.0,LECBP2R
4803540,42.221264,0.437694,34200.0,1657917980.0,LECBP2R
