RTKey	Lat	Lon	Alt	Unixtime	Sector
6126842.0	38.662052	-1.483526	36000.0	1675138290.0	LECSNO1
6126842.0	38.709064	-1.424275	36000.0	1675138320.0	LECSNO1
6126842.0	38.755806	-1.365257	36000.0	1675138350.0	LECSNO1
6126842.0	38.80225	-1.306152	36000.0	1675138380.0	LECBLVU
6126842.0	38.848392	-1.247259	36000.0	1675138410.0	LECBLVU
6126842.0	38.894577	-1.188228	36000.0	1675138440.0	LECBLVU
6126842.0	38.940895	-1.129125	36000.0	1675138470.0	LECBLVU
6126842.0	38.98719	-1.069839	36000.0	1675138500.0	LECBLVU
6126842.0	39.033367	-1.010622	36000.0	1675138530.0	LECBLVU
6126842.0	39.079208	-0.951661	36000.0	1675138560.0	LECBLVU
6126842.0	39.125088	-0.892604	36000.0	1675138590.0	LECBLVU
6126842.0	39.171387	-0.832733	36000.0	1675138620.0	LECBLVU
6126842.0	39.217312	-0.773224	36000.0	1675138650.0	LECBLVU
6126842.0	39.263176	-0.713466	36000.0	1675138680.0	LECBLVU
6126842.0	39.309113	-0.653632	36000.0	1675138710.0	LECBLVU
6126842.0	39.355034	-0.593741	36000.0	1675138740.0	LECBLVU
6126842.0	39.401947	-0.533561	36000.0	1675138770.0	LECBLVU
6126842.0	39.447857	-0.473493	36000.0	1675138800.0	LECBLVU
6126842.0	39.493755	-0.413368	36000.0	1675138830.0	LECBLVU
6126842.0	39.539669	-0.353208	36000.0	1675138860.0	LECBLVU
6126842.0	39.585503	-0.293032	36000.0	1675138890.0	LECBLVU
6126842.0	39.63121	-0.232538	36000.0	1675138920.0	LECBLVU
6126842.0	39.676239	-0.172924	36000.0	1675138950.0	LECBLVU
6126842.0	39.721947	-0.112619	36000.0	1675138980.0	LECBLVU
6126842.0	39.767166	-0.05294	36000.0	1675139010.0	LECBLVU
6126842.0	39.812069	0.0068	36000.0	1675139040.0	LECBLVU
6126842.0	39.857124	0.066679	36000.0	1675139070.0	LECBLVU
6126842.0	39.9021	0.126593	36000.0	1675139100.0	LECBLVU
6126842.0	39.947029	0.186412	36000.0	1675139130.0	LECBLVU
6126842.0	39.991909	0.24631	36000.0	1675139160.0	LECBLVU
6126842.0	40.036758	0.30635	36000.0	1675139190.0	LECBLVU
6126842.0	40.081509	0.366599	36000.0	1675139220.0	LECBLVU
6126842.0	40.126518	0.427422	36000.0	1675139250.0	LECBLVU
6126842.0	40.171677	0.488302	36000.0	1675139280.0	LECBLVU
6126842.0	40.21682	0.549283	36000.0	1675139310.0	LECBLVU
6126842.0	40.261848	0.610367	36000.0	1675139340.0	LECBLVU
6126842.0	40.307804	0.672678	36200.0	1675139370.0	LECBLVU
6126842.0	40.353889	0.735464	36600.0	1675139400.0	LECBLVU
6126842.0	40.399994	0.798421	36900.0	1675139430.0	LECBLVU
6126842.0	40.446213	0.861593	37400.0	1675139460.0	LECBLVU
6126932.0	37.8228992	-2.702352	34000.0	1675138290.0	LECSNO1
6126932.0	37.8683176	-2.6421868	34000.0	1675138320.0	LECSNO1
6126932.0	37.913607000000006	-2.5819534	34000.0	1675138350.0	LECSNO1
6126932.0	37.958887	-2.5216734	34000.0	1675138380.0	LECSNO1
6126932.0	38.0041848	-2.461323	34000.0	1675138410.0	LECSNO1
6126932.0	38.0493288	-2.4009364	34000.0	1675138440.0	LECSNO1
6126932.0	38.0942426	-2.340735	34000.0	1675138470.0	LECSNO1
6126932.0	38.1389736	-2.280694	34000.0	1675138500.0	LECSNO1
6126932.0	38.1840562	-2.2201886	33980.0	1675138530.0	LECSNO1
6126932.0	38.2273092	-2.1565958	34000.0	1675138560.0	LECSNO1
6126932.0	38.2680692	-2.0902262	34000.0	1675138590.0	LECSNO1
6126932.0	38.3090382	-2.0239858	34000.0	1675138620.0	LECSNO1
6126932.0	38.350112800000005	-1.9578022	34000.0	1675138650.0	LECSNO1
6126932.0	38.3910742	-1.8914188	34000.0	1675138680.0	LECSNO1
6126932.0	38.4320534	-1.8249568	34000.0	1675138710.0	LECSNO1
6126932.0	38.473189000000005	-1.7578900000000002	34000.0	1675138740.0	LECSNO1
6126932.0	38.5142754	-1.6904926	34000.0	1675138770.0	LECSNO1
6126932.0	38.5553498	-1.6232788	34000.0	1675138800.0	LECSNO1
6126932.0	38.596619	-1.5560302	34000.0	1675138830.0	LECSNO1
6126932.0	38.637787	-1.489523	34000.0	1675138860.0	LECSNO1
6126932.0	38.678799	-1.421964	34000.0	1675138890.0	LECSNO1
6126932.0	38.719658	-1.354322	34000.0	1675138920.0	LECBLVU
6126932.0	38.760536	-1.286946	34000.0	1675138950.0	LECBLVU
6126932.0	38.800945	-1.22018	34000.0	1675138980.0	LECBLVU
6126932.0	38.841225	-1.153016	34000.0	1675139010.0	LECBLVU
6126932.0	38.881443	-1.086136	34000.0	1675139040.0	LECBLVU
6126932.0	38.927761	-1.027812	34000.0	1675139070.0	LECBLVU
6126932.0	38.981735	-0.982259	33900.0	1675139100.0	LECBLVU
6126932.0	39.035316	-0.935342	33900.0	1675139130.0	LECBLVU
6126932.0	39.089119	-0.888041	34000.0	1675139160.0	LECBLVU
6126932.0	39.14341	-0.840126	34000.0	1675139190.0	LECBLVU
6126932.0	39.197781	-0.791455	34000.0	1675139220.0	LECBLVU
6126932.0	39.252022	-0.743028	34000.0	1675139250.0	LECBLVU
6126932.0	39.306633	-0.694279	34000.0	1675139280.0	LECBLVU
6126932.0	39.360889	-0.645726	34000.0	1675139310.0	LECBLVU
6126932.0	39.41507	-0.597161	34100.0	1675139340.0	LECBLVU
6126932.0	39.46946	-0.548872	34000.0	1675139370.0	LECBLVU
6126932.0	39.522655	-0.501082	34000.0	1675139400.0	LECBLVU
6126932.0	39.576118	-0.452861	34000.0	1675139430.0	LECBLVU
6126932.0	39.629593	-0.404954	34000.0	1675139460.0	LECBLVU
6126932.0	39.68293	-0.356865	34000.0	1675139490.0	LECBLVU
6126932.0	39.735657	-0.309272	34000.0	1675139520.0	LECBLVU
6126932.0	39.78841	-0.261587	34000.0	1675139550.0	LECBLVU
6126932.0	39.841389	-0.213488	34000.0	1675139580.0	LECBLVU
6126932.0	39.894344	-0.165316	34000.0	1675139610.0	LECBLVU
6126932.0	39.947094	-0.117198	34000.0	1675139640.0	LECBLVU
6126932.0	40.000092	-0.068751	34000.0	1675139670.0	LECBLVU
6126932.0	40.053341	-0.019952	34000.0	1675139700.0	LECBLVU
6126932.0	40.106655	0.028898	34000.0	1675139730.0	LECBLVU
6126932.0	40.16011	0.077865	33600.0	1675139760.0	LECBLVU
6126932.0	40.216526	0.120768	33200.0	1675139790.0	LECBLVU
6126932.0	40.275738	0.15562	32600.0	1675139820.0	LECBLVU
6127000.0	37.55801	-3.0526908	36000.0	1675138560.0	LECSNO1
6127000.0	37.6022664	-2.9923412	36000.0	1675138590.0	LECSNO1
6127000.0	37.6475254	-2.9329172	36000.0	1675138620.0	LECSNO1
6127000.0	37.6930784	-2.8740866	36000.0	1675138650.0	LECSNO1
6127000.0	37.7384818	-2.8145656	36000.0	1675138680.0	LECSNO1
6127000.0	37.783453	-2.7551358	36000.0	1675138710.0	LECSNO1
6127000.0	37.8283044	-2.6954928	36000.0	1675138740.0	LECSNO1
6127000.0	37.8733888	-2.6354666	35980.0	1675138770.0	LECSNO1
6127000.0	37.918248000000006	-2.575702	36000.0	1675138800.0	LECSNO1
6127000.0	37.9631264	-2.5159066	36000.0	1675138830.0	LECSNO1
6127000.0	38.0079978	-2.4559892	36000.0	1675138860.0	LECSNO1
6127000.0	38.05279	-2.3961974	36000.0	1675138890.0	LECSNO1
6127000.0	38.0971096	-2.3367864	36000.0	1675138920.0	LECSNO1
6127000.0	38.1413938	-2.2772548	36000.0	1675138950.0	LECSNO1
6127000.0	38.1854864	-2.2179868	36000.0	1675138980.0	LECSNO1
6127000.0	38.227142	-2.1543956	36000.0	1675139010.0	LECSNO1
6127000.0	38.2688118	-2.0896278	36000.0	1675139040.0	LECSNO1
6127000.0	38.3093422	-2.0241356	36000.0	1675139070.0	LECSNO1
6127000.0	38.3498186	-1.9586002	36000.0	1675139100.0	LECSNO1
6127000.0	38.390432	-1.8926302	36000.0	1675139130.0	LECSNO1
6127000.0	38.430889400000005	-1.8267436	36000.0	1675139160.0	LECSNO1
6127000.0	38.4713196	-1.7608424	36000.0	1675139190.0	LECSNO1
6127000.0	38.5117924	-1.6948188000000002	36000.0	1675139220.0	LECSNO1
6127000.0	38.5523458	-1.6285196	36000.0	1675139250.0	LECSNO1
6127000.0	38.592804	-1.56306	36000.0	1675139280.0	LECSNO1
6127000.0	38.633617	-1.49596	36000.0	1675139310.0	LECSNO1
6127000.0	38.67411	-1.429325	36000.0	1675139340.0	LECSNO1
6127000.0	38.714485	-1.362675	36000.0	1675139370.0	LECSNO1
6127000.0	38.754768	-1.295969	36000.0	1675139400.0	LECBLVU
6127000.0	38.795052	-1.229103	36000.0	1675139430.0	LECBLVU
6127000.0	38.835258	-1.162544	36000.0	1675139460.0	LECBLVU
6127000.0	38.875458	-1.095995	36000.0	1675139490.0	LECBLVU
6127000.0	38.915592	-1.029114	36000.0	1675139520.0	LECBLVU
6127000.0	38.95562	-0.962219	36000.0	1675139550.0	LECBLVU
6127000.0	38.995522	-0.895458	36000.0	1675139580.0	LECBLVU
6127000.0	39.035786	-0.827971	36000.0	1675139610.0	LECBLVU
6127000.0	39.078304	-0.764666	36000.0	1675139640.0	LECBLVU
6127000.0	39.127445	-0.710333	36000.0	1675139670.0	LECBLVU
6127000.0	39.177418	-0.656911	36000.0	1675139700.0	LECBLVU
6127000.0	39.227215	-0.603282	36000.0	1675139730.0	LECBLVU
6127000.0	39.276974	-0.549469	36000.0	1675139760.0	LECBLVU
6127000.0	39.328259	-0.499012	36000.0	1675139790.0	LECBLVU
6127000.0	39.379787	-0.448574	36000.0	1675139820.0	LECBLVU
6127000.0	39.432671	-0.398717	36000.0	1675139850.0	LECBLVU
6127000.0	39.484505	-0.348117	36000.0	1675139880.0	LECBLVU
6127000.0	39.536369	-0.2974	36000.0	1675139910.0	LECBLVU
6127000.0	39.588337	-0.246007	36000.0	1675139940.0	LECBLVU
6127000.0	39.639755	-0.195563	36000.0	1675139970.0	LECBLVU
6127000.0	39.691467	-0.144856	36000.0	1675140000.0	LECBLVU
6127000.0	39.742668	-0.094454	36000.0	1675140030.0	LECBLVU
6127000.0	39.793682	-0.044191	36000.0	1675140060.0	LECBLVU
6127000.0	39.842556	0.009795	36000.0	1675140090.0	LECBLVU
6127000.0	39.887932	0.069957	36000.0	1675140120.0	LECBLVU
6127000.0	39.932205	0.131818	36000.0	1675140150.0	LECBLVU
6127000.0	39.97683	0.193643	36000.0	1675140180.0	LECBLVU
6127000.0	40.020885	0.255253	36000.0	1675140210.0	LECBLVU
6127000.0	40.064823	0.316725	36000.0	1675140240.0	LECBLVU
6127000.0	40.108696	0.378232	36000.0	1675140270.0	LECBLVU
6127000.0	40.152618	0.439925	36000.0	1675140300.0	LECBLVU
6127000.0	40.196728	0.502065	36000.0	1675140330.0	LECBLVU
6127000.0	40.240856	0.564393	36000.0	1675140360.0	LECBLVU
6127000.0	40.285202	0.627212	36000.0	1675140390.0	LECBLVU
6127000.0	40.329529	0.68996	36000.0	1675140420.0	LECBLVU
6127000.0	40.373974	0.752854	36000.0	1675140450.0	LECBLVU
6127000.0	40.418346	0.815829	36000.0	1675140480.0	LECBLVU
6127000.0	40.462757	0.879017	36000.0	1675140510.0	LECBLVU
6127344.0	38.1640854	-3.557788	36900.0	1675138290.0	LECSNO1
6127344.0	38.152355	-3.6272374	36020.0	1675138320.0	LECSNO1
6127344.0	38.1383872	-3.6946732	35120.0	1675138350.0	LECSNO1
6127344.0	38.124493	-3.7611212	34220.0	1675138380.0	LECSNO1
6127344.0	38.1110744	-3.8258816	33320.0	1675138410.0	LECSNO1
6127344.0	38.0917174	-3.887909000000001	31820.0	1675138440.0	LECSNO1
6127344.0	38.0688436	-3.9512352	30420.0	1675138470.0	LECSNO1
6127344.0	38.0461106	-4.014154400000001	29320.0	1675138500.0	LECSNO1
6127456.0	37.67832000000001	-4.2142632	23920.0	1675138290.0	LECSNO1
6127456.0	37.62634	-4.248144399999999	22320.0	1675138320.0	LECSNO1
6127456.0	37.5723694	-4.2743042	20880.0	1675138350.0	LECSNO1
6127504.0	38.4236918	-3.4965446	35000.0	1675138290.0	LECSNO1
6127504.0	38.3649888	-3.5242344	35000.0	1675138320.0	LECSNO1
6127504.0	38.307560800000005	-3.5513982000000004	35000.0	1675138350.0	LECSNO1
6127504.0	38.2500782	-3.5786248	35000.0	1675138380.0	LECSNO1
6127504.0	38.1937598	-3.6100944	35000.0	1675138410.0	LECSNO1
6127504.0	38.1414212	-3.6497126	35000.0	1675138440.0	LECSNO1
6127504.0	38.09375360000001	-3.6968162	35000.0	1675138470.0	LECSNO1
6127504.0	38.0500328	-3.7498792	34620.0	1675138500.0	LECSNO1
6127504.0	38.007203200000006	-3.8022902	33660.0	1675138530.0	LECSNO1
6127504.0	37.9643446	-3.854449	32720.0	1675138560.0	LECSNO1
6127504.0	37.9212404	-3.9065132	31620.0	1675138590.0	LECSNO1
6127504.0	37.878332400000005	-3.9583252	30420.0	1675138620.0	LECSNO1
6127504.0	37.83661120000001	-4.0084968	29320.0	1675138650.0	LECSNO1
6127504.0	37.7953928	-4.0582304	28120.0	1675138680.0	LECSNO1
6127504.0	37.7548316	-4.1072120000000005	26980.0	1675138710.0	LECSNO1
6127504.0	37.71429259999999	-4.156037799999999	25580.0	1675138740.0	LECSNO1
6127504.0	37.673982200000005	-4.2044722	24220.0	1675138770.0	LECSNO1
6127504.0	37.633950000000006	-4.252453599999999	22880.0	1675138800.0	LECSNO1
6127504.0	37.5940674	-4.3002158	21520.0	1675138830.0	LECSNO1
6127504.0	37.5461628	-4.3316188	20080.0	1675138860.0	LECSNO1
6127512.0	39.363281	-0.558666	40000.0	1675138290.0	LECBLVU
6127512.0	39.410728	-0.498318	40000.0	1675138320.0	LECBLVU
6127512.0	39.457745	-0.437751	40000.0	1675138350.0	LECBLVU
6127512.0	39.504665	-0.377036	40000.0	1675138380.0	LECBLVU
6127512.0	39.551723	-0.316156	40000.0	1675138410.0	LECBLVU
6127512.0	39.59919	-0.254558	40000.0	1675138440.0	LECBLVU
6127512.0	39.645741	-0.194217	40000.0	1675138470.0	LECBLVU
6127512.0	39.692432	-0.133345	40000.0	1675138500.0	LECBLVU
6127512.0	39.738873	-0.072885	40000.0	1675138530.0	LECBLVU
6127512.0	39.78516	-0.012514	40000.0	1675138560.0	LECBLVU
6127512.0	39.832195	0.049027	40000.0	1675138590.0	LECBLVU
6127512.0	39.879658	0.111467	40000.0	1675138620.0	LECBLVU
6127512.0	39.927116	0.173732	40000.0	1675138650.0	LECBLVU
6127512.0	39.974594	0.236211	40000.0	1675138680.0	LECBLVU
6127512.0	40.021984	0.298604	40000.0	1675138710.0	LECBLVU
6127512.0	40.069176	0.361085	40000.0	1675138740.0	LECBLVU
6127512.0	40.116253	0.423608	40000.0	1675138770.0	LECBLVU
6127512.0	40.162868	0.485243	40000.0	1675138800.0	LECBLVU
6127512.0	40.209724	0.547547	40000.0	1675138830.0	LECBLVU
6127512.0	40.256126	0.60959	40000.0	1675138860.0	LECBLVU
6127512.0	40.302662	0.671934	40000.0	1675138890.0	LECBLVU
6127512.0	40.349834	0.735187	40000.0	1675138920.0	LECBLVU
6127512.0	40.396923	0.798265	40000.0	1675138950.0	LECBLVU
6127512.0	40.44243959999999	0.8594649999999999	40000.0	1675138980.0	LECBLVU
6127537.0	38.59594	-1.970061	37000.0	1675138290.0	LECSNO1
6127537.0	38.5610602	-2.0270832	37000.0	1675138320.0	LECSNO1
6127537.0	38.5257974	-2.08459	37000.0	1675138350.0	LECSNO1
6127537.0	38.4901348	-2.1426096	37000.0	1675138380.0	LECSNO1
6127537.0	38.454089	-2.2008214	37000.0	1675138410.0	LECSNO1
6127537.0	38.4178968	-2.259561	37000.0	1675138440.0	LECSNO1
6127537.0	38.3814356	-2.3184846	37000.0	1675138470.0	LECSNO1
6127537.0	38.3427594	-2.3752814	37000.0	1675138500.0	LECSNO1
6127537.0	38.3022322	-2.430254	37000.0	1675138530.0	LECSNO1
6127537.0	38.2617924	-2.4848374	37000.0	1675138560.0	LECSNO1
6127537.0	38.221105	-2.539454	37000.0	1675138590.0	LECSNO1
6127537.0	38.180402	-2.59405	37000.0	1675138620.0	LECSNO1
6127537.0	38.1394292	-2.6486944	37000.0	1675138650.0	LECSNO1
6127537.0	38.0982738	-2.7035706	36560.0	1675138680.0	LECSNO1
6127537.0	38.057356	-2.7579006	35880.0	1675138710.0	LECSNO1
6127537.0	38.016336	-2.8124582	35040.0	1675138740.0	LECSNO1
6127537.0	37.9745176	-2.8679184	33460.0	1675138770.0	LECSNO1
6127537.0	37.9328644	-2.9231468	31940.0	1675138800.0	LECSNO1
6127537.0	37.8912418	-2.9782212	31080.0	1675138830.0	LECSNO1
6127537.0	37.850742	-3.0314922	29640.0	1675138860.0	LECSNO1
6127537.0	37.8097776	-3.0854244	28240.0	1675138890.0	LECSNO1
6127558.0	38.580572	-3.5844824	34000.0	1675138290.0	LECSNO1
6127558.0	38.6288934	-3.5793842	34000.0	1675138320.0	LECSNO1
6127558.0	38.677433	-3.5745406	34000.0	1675138350.0	LECSNO1
6127558.0	38.7263196	-3.5695994000000004	34000.0	1675138380.0	LECSNO1
6127558.0	38.77517220000001	-3.5648682	34000.0	1675138410.0	LECSNO1
6127558.0	38.824175	-3.560169	34000.0	1675138440.0	LECSNO1
6127558.0	38.874164400000005	-3.5551352	33560.0	1675138470.0	LECSNO1
6127558.0	38.9261666	-3.5496988	32820.0	1675138500.0	LECSNO1
6127558.0	38.979583	-3.5444480000000005	32060.0	1675138530.0	LECSNO1
6127565.0	39.611328	-0.198309	37000.0	1675138290.0	LECBLVU
6127565.0	39.620399	-0.269651	37000.0	1675138320.0	LECBLVU
6127565.0	39.629482	-0.34086	37000.0	1675138350.0	LECBLVU
6127565.0	39.637936	-0.413217	37000.0	1675138380.0	LECBLVU
6127565.0	39.647476	-0.484583	37000.0	1675138410.0	LECBLVU
6127565.0	39.655338	-0.556833	37000.0	1675138440.0	LECBLVU
6127565.0	39.66436	-0.628137	37000.0	1675138470.0	LECBLVU
6127565.0	39.673069	-0.699537	37000.0	1675138500.0	LECBLVU
6127565.0	39.681301	-0.769798	36600.0	1675138530.0	LECBLVU
6127565.0	39.689304	-0.839292	35400.0	1675138560.0	LECBLVU
6127565.0	39.697491	-0.907577	34400.0	1675138590.0	LECBLVU
6127565.0	39.707554	-0.974987	33400.0	1675138620.0	LECBLVU
6127565.0	39.7305114	-1.0350864	33000.0	1675138650.0	LECBLVU
6127612.0	38.947602	-3.24568	31000.0	1675138980.0	LECSNO1
6127612.0	38.8918714	-3.2724572	31000.0	1675139010.0	LECSNO1
6127612.0	38.83434439999999	-3.3000762000000003	31000.0	1675139040.0	LECSNO1
6127612.0	38.778658400000005	-3.3268232	31000.0	1675139070.0	LECSNO1
6127612.0	38.7229728	-3.3534624	31000.0	1675139100.0	LECSNO1
6127612.0	38.6689324	-3.3792774	31000.0	1675139130.0	LECSNO1
6127612.0	38.6133824	-3.405735	31000.0	1675139160.0	LECSNO1
6127612.0	38.5579664	-3.4321366	31000.0	1675139190.0	LECSNO1
6127612.0	38.5024916	-3.4585712	31000.0	1675139220.0	LECSNO1
6127612.0	38.4468558	-3.4850104	31000.0	1675139250.0	LECSNO1
6127612.0	38.3911986	-3.5112338	31000.0	1675139280.0	LECSNO1
6127612.0	38.3338996	-3.5381984	31000.0	1675139310.0	LECSNO1
6127612.0	38.27822	-3.564549	31000.0	1675139340.0	LECSNO1
6127612.0	38.222513	-3.5908497999999995	31000.0	1675139370.0	LECSNO1
6127612.0	38.166768600000005	-3.617076	31000.0	1675139400.0	LECSNO1
6127612.0	38.120177600000005	-3.6617284	31000.0	1675139430.0	LECSNO1
6127612.0	38.078893	-3.7146566	31000.0	1675139460.0	LECSNO1
6127612.0	38.0369904	-3.765573	31000.0	1675139490.0	LECSNO1
6127612.0	37.9950802	-3.8160834	31000.0	1675139520.0	LECSNO1
6127612.0	37.9532602	-3.8666846	30380.0	1675139550.0	LECSNO1
6127612.0	37.9100708	-3.9189748	28960.0	1675139580.0	LECSNO1
6127612.0	37.8672322	-3.9708196	27680.0	1675139610.0	LECSNO1
6127612.0	37.8247262	-4.0221668	26420.0	1675139640.0	LECSNO1
6127612.0	37.7832472	-4.072078	25520.0	1675139670.0	LECSNO1
6127612.0	37.7421626	-4.1214408	24420.0	1675139700.0	LECSNO1
6127612.0	37.701144000000006	-4.1708132	23420.0	1675139730.0	LECSNO1
6127612.0	37.661133	-4.218914600000001	22420.0	1675139760.0	LECSNO1
6127612.0	37.621895	-4.2660686	21360.0	1675139790.0	LECSNO1
6127612.0	37.583199400000005	-4.312185199999999	20460.0	1675139820.0	LECSNO1
6127638.0	38.3952758	-3.6538652	38000.0	1675138290.0	LECSNO1
6127638.0	38.457408	-3.6426732	38000.0	1675138320.0	LECSNO1
6127638.0	38.519586	-3.63123	38000.0	1675138350.0	LECSNO1
6127638.0	38.5818188	-3.6197048	38000.0	1675138380.0	LECSNO1
6127638.0	38.64379339999999	-3.608199200000001	38000.0	1675138410.0	LECSNO1
6127638.0	38.7057734	-3.5964974	38000.0	1675138440.0	LECSNO1
6127638.0	38.7677374	-3.5847752	38000.0	1675138470.0	LECSNO1
6127638.0	38.83006	-3.5730582	38000.0	1675138500.0	LECSNO1
6127638.0	38.8920068	-3.5616088	38000.0	1675138530.0	LECSNO1
6127638.0	38.9539326	-3.5514884	38000.0	1675138560.0	LECSNO1
6128713.0	39.208752	-0.810038	32600.0	1675138320.0	LECBLVU
6128713.0	39.197826	-0.72274	33200.0	1675138350.0	LECBLVU
6128713.0	39.18713	-0.635882	33700.0	1675138380.0	LECBLVU
6128713.0	39.176678	-0.549465	34000.0	1675138410.0	LECBLVU
6128713.0	39.16626	-0.463118	34000.0	1675138440.0	LECBLVU
6128713.0	39.155685	-0.37615	34000.0	1675138470.0	LECBLVU
6128713.0	39.144958	-0.28822	34000.0	1675138500.0	LECBLVU
6128713.0	39.134144	-0.200829	34000.0	1675138530.0	LECBLVU
6128713.0	39.123169	-0.113077	34000.0	1675138560.0	LECBLVU
6128713.0	39.112202	-0.026017	34000.0	1675138590.0	LECBLVU
6128713.0	39.101074	0.061555	34000.0	1675138620.0	LECBLVU
6128713.0	39.089943	0.148477	34000.0	1675138650.0	LECBLVU
6128713.0	39.078796	0.235415	34000.0	1675138680.0	LECBLVU
6128713.0	39.067921	0.322258	34000.0	1675138710.0	LECBLVU
6128713.0	39.056793	0.409354	34000.0	1675138740.0	LECBLVU
6128726.0	39.486065	-0.719818	34600.0	1675138290.0	LECBLVU
6128726.0	39.455647	-0.630748	35400.0	1675138320.0	LECBLVU
6128726.0	39.425323	-0.543265	36200.0	1675138350.0	LECBLVU
6128726.0	39.39484	-0.456198	36900.0	1675138380.0	LECBLVU
6128726.0	39.364811	-0.370464	37600.0	1675138410.0	LECBLVU
6128726.0	39.334576	-0.284241	38000.0	1675138440.0	LECBLVU
6128726.0	39.304211	-0.197682	38000.0	1675138470.0	LECBLVU
6128726.0	39.273853	-0.110684	38000.0	1675138500.0	LECBLVU
6128726.0	39.243366	-0.02393	38000.0	1675138530.0	LECBLVU
6128726.0	39.212925	0.062575	38000.0	1675138560.0	LECBLVU
6128726.0	39.182518	0.14892	38000.0	1675138590.0	LECBLVU
6128726.0	39.151833	0.235515	38000.0	1675138620.0	LECBLVU
6128726.0	39.121281	0.321497	38000.0	1675138650.0	LECBLVU
6128726.0	39.090778	0.40719	38000.0	1675138680.0	LECBLVU
6128730.0	38.9764276	-3.5348314	38000.0	1675138290.0	LECSNO1
6128744.0	39.920094	0.552254	33700.0	1675138290.0	LECBLVU
6128744.0	39.975925	0.599435	34300.0	1675138320.0	LECBLVU
6128744.0	40.031792	0.646843	34800.0	1675138350.0	LECBLVU
6128744.0	40.087685	0.694393	35400.0	1675138380.0	LECBLVU
6128744.0	40.143494	0.741911	35900.0	1675138410.0	LECBLVU
6128744.0	40.199131	0.789507	36500.0	1675138440.0	LECBLVU
6128744.0	40.254532	0.837182	36800.0	1675138470.0	LECBLVU
6128744.0	40.310047	0.885107	37200.0	1675138500.0	LECBLVU
6128744.0	40.36713	0.927892	37600.0	1675138530.0	LECBLVU
6128744.0	40.427822	0.958165	38000.0	1675138560.0	LECBLVU
6128754.0	40.473843	0.895122	39000.0	1675138860.0	LECBLVU
6128754.0	40.434551	0.839458	39000.0	1675138890.0	LECBLVU
6128754.0	40.395386	0.783791	39000.0	1675138920.0	LECBLVU
6128754.0	40.356361	0.728318	39000.0	1675138950.0	LECBLVU
6128754.0	40.3187264	0.6748228000000002	39000.0	1675138980.0	LECBLVU
6128754.0	40.278687	0.618166	39000.0	1675139010.0	LECBLVU
6128754.0	40.239883	0.563336	39000.0	1675139040.0	LECBLVU
6128754.0	40.201122	0.508806	39000.0	1675139070.0	LECBLVU
6128754.0	40.161682	0.453409	39000.0	1675139100.0	LECBLVU
6128754.0	40.122162	0.397991	39000.0	1675139130.0	LECBLVU
6128754.0	40.082783	0.342698	39000.0	1675139160.0	LECBLVU
6128754.0	40.043247	0.287341	39000.0	1675139190.0	LECBLVU
6128754.0	40.003647	0.232091	39000.0	1675139220.0	LECBLVU
6128754.0	39.963989	0.176839	39000.0	1675139250.0	LECBLVU
6128754.0	39.924896	0.122465	39000.0	1675139280.0	LECBLVU
6128754.0	39.885811	0.068109	39000.0	1675139310.0	LECBLVU
6128754.0	39.846767	0.013769	39000.0	1675139340.0	LECBLVU
6128754.0	39.807549	-0.040572	39000.0	1675139370.0	LECBLVU
6128754.0	39.768131	-0.095172	39000.0	1675139400.0	LECBLVU
6128754.0	39.727932	-0.150408	39000.0	1675139430.0	LECBLVU
6128754.0	39.687771	-0.205906	39000.0	1675139460.0	LECBLVU
6128754.0	39.646805	-0.261971	39000.0	1675139490.0	LECBLVU
6128754.0	39.606781	-0.316761	39000.0	1675139520.0	LECBLVU
6128754.0	39.566097	-0.372746	39000.0	1675139550.0	LECBLVU
6128754.0	39.526001	-0.427646	39000.0	1675139580.0	LECBLVU
6128754.0	39.485806	-0.482805	39000.0	1675139610.0	LECBLVU
6128754.0	39.45084	-0.542529	39000.0	1675139640.0	LECBLVU
6128754.0	39.41576	-0.60219	39000.0	1675139670.0	LECBLVU
6128754.0	39.38068	-0.661836	39000.0	1675139700.0	LECBLVU
6128754.0	39.345097	-0.72201	39000.0	1675139730.0	LECBLVU
6128754.0	39.309734	-0.782023	39000.0	1675139760.0	LECBLVU
6128754.0	39.274338	-0.842018	39000.0	1675139790.0	LECBLVU
6128754.0	39.239101	-0.901679	39100.0	1675139820.0	LECBLVU
6128754.0	39.20351	-0.961785	39000.0	1675139850.0	LECBLVU
6128754.0	39.168301	-1.0212	39000.0	1675139880.0	LECBLVU
6128754.0	39.13308	-1.080363	39000.0	1675139910.0	LECBLVU
6128754.0	39.097878	-1.139597	39000.0	1675139940.0	LECBLVU
6128754.0	39.06284	-1.198414	39000.0	1675139970.0	LECBLVU
6128754.0	39.0281822	-1.256684	39000.0	1675140000.0	LECBLVU
6128754.0	38.9931356	-1.3151552	39000.0	1675140030.0	LECSNO1
6128754.0	38.9574616	-1.3744072	39000.0	1675140060.0	LECSNO1
6128754.0	38.921336	-1.4345468	39000.0	1675140090.0	LECSNO1
6128754.0	38.8853702	-1.494452	39000.0	1675140120.0	LECSNO1
6128754.0	38.8492248	-1.5543386	39000.0	1675140150.0	LECSNO1
6128754.0	38.813361	-1.6135034	39000.0	1675140180.0	LECSNO1
6128754.0	38.7771964	-1.6732142	39000.0	1675140210.0	LECSNO1
6128754.0	38.7411146	-1.7326168	39000.0	1675140240.0	LECSNO1
6128754.0	38.705064	-1.7918698000000002	39000.0	1675140270.0	LECSNO1
6128754.0	38.6689764	-1.8511272	39000.0	1675140300.0	LECSNO1
6128754.0	38.6327754	-1.9104042	39000.0	1675140330.0	LECSNO1
6128754.0	38.5966578	-1.9695102	39000.0	1675140360.0	LECSNO1
6128754.0	38.5613104	-2.0274622	39000.0	1675140390.0	LECSNO1
6128754.0	38.525958	-2.0852622	39000.0	1675140420.0	LECSNO1
6128754.0	38.490493	-2.1427414	39000.0	1675140450.0	LECSNO1
6128754.0	38.4553872	-2.1996614	39000.0	1675140480.0	LECSNO1
6128754.0	38.4200804	-2.2569486000000003	39000.0	1675140510.0	LECSNO1
6128758.0	37.5538044	-3.9612864	38000.0	1675138410.0	LECSNO1
6128758.0	37.6094824	-3.930187	38000.0	1675138440.0	LECSNO1
6128758.0	37.6652114	-3.8990466	38000.0	1675138470.0	LECSNO1
6128758.0	37.7214272	-3.867560600000001	38000.0	1675138500.0	LECSNO1
6128758.0	37.778278400000005	-3.835757	38000.0	1675138530.0	LECSNO1
6128758.0	37.834575	-3.8042232	38000.0	1675138560.0	LECSNO1
6128758.0	37.89091140000001	-3.7726468	38000.0	1675138590.0	LECSNO1
6128758.0	37.9473264	-3.7408534	38000.0	1675138620.0	LECSNO1
6128758.0	38.0037518	-3.7088998	38000.0	1675138650.0	LECSNO1
6128758.0	38.0601866	-3.676878	38000.0	1675138680.0	LECSNO1
6128758.0	38.1165782	-3.644933	38000.0	1675138710.0	LECSNO1
6128758.0	38.1754342	-3.6261736	38000.0	1675138740.0	LECSNO1
6128758.0	38.2354078	-3.6200876	38000.0	1675138770.0	LECSNO1
6128758.0	38.295126	-3.61387	38000.0	1675138800.0	LECSNO1
6128758.0	38.354944	-3.6079652	38240.0	1675138830.0	LECSNO1
6128758.0	38.4136498	-3.6022624000000003	38740.0	1675138860.0	LECSNO1
6128758.0	38.47192020000001	-3.5965648000000003	39240.0	1675138890.0	LECSNO1
6128758.0	38.5295116	-3.5909392	39740.0	1675138920.0	LECSNO1
6128758.0	38.5865014	-3.5853422000000004	40000.0	1675138950.0	LECSNO1
6128758.0	38.6440246	-3.5795924	40000.0	1675138980.0	LECSNO1
6128758.0	38.7027528	-3.573394	40000.0	1675139010.0	LECSNO1
6128758.0	38.7618528	-3.5673656	40000.0	1675139040.0	LECSNO1
6128758.0	38.8212708	-3.561398	40000.0	1675139070.0	LECSNO1
6128758.0	38.880662400000006	-3.5542118	40000.0	1675139100.0	LECSNO1
6128758.0	38.93945899999999	-3.5430062	40000.0	1675139130.0	LECSNO1
6128764.0	39.555367	0.564605	35100.0	1675139040.0	LECBLVU
6128764.0	39.550785	0.489404	35000.0	1675139070.0	LECBLVU
6128764.0	39.546013	0.412793	35000.0	1675139100.0	LECBLVU
6128764.0	39.541122	0.336366	35000.0	1675139130.0	LECBLVU
6128764.0	39.536152	0.259951	35000.0	1675139160.0	LECBLVU
6128764.0	39.531097	0.183612	35000.0	1675139190.0	LECBLVU
6128764.0	39.52599	0.107091	35000.0	1675139220.0	LECBLVU
6128764.0	39.53157	0.030034	35000.0	1675139250.0	LECBLVU
6128764.0	39.546562	-0.045073	35100.0	1675139280.0	LECBLVU
6128764.0	39.560017	-0.120614	35000.0	1675139310.0	LECBLVU
6128764.0	39.57291	-0.195677	35000.0	1675139340.0	LECBLVU
6128764.0	39.585651	-0.271067	35000.0	1675139370.0	LECBLVU
6128764.0	39.598747	-0.346385	35000.0	1675139400.0	LECBLVU
6128764.0	39.611465	-0.422412	35000.0	1675139430.0	LECBLVU
6128764.0	39.624195	-0.496656	35000.0	1675139460.0	LECBLVU
6128764.0	39.637718	-0.571336	35000.0	1675139490.0	LECBLVU
6128764.0	39.650185	-0.64578	35000.0	1675139520.0	LECBLVU
6128764.0	39.662224	-0.719829	35000.0	1675139550.0	LECBLVU
6128764.0	39.674709	-0.794349	35000.0	1675139580.0	LECBLVU
6128764.0	39.687092	-0.86818	34900.0	1675139610.0	LECBLVU
6128764.0	39.701962	-0.942136	34000.0	1675139640.0	LECBLVU
6128764.0	39.721397	-1.013852	33400.0	1675139670.0	LECBLVU
6128768.0	37.5582126	-3.0511586	38000.0	1675138620.0	LECSNO1
6128768.0	37.6050426	-2.9896686	38000.0	1675138650.0	LECSNO1
6128768.0	37.6520908	-2.928145	38000.0	1675138680.0	LECSNO1
6128768.0	37.70004033333333	-2.865013666666667	38000.0	1675138710.0	LECSNO1
6128768.0	37.745731	-2.8042376	38000.0	1675138740.0	LECSNO1
6128768.0	37.7925352	-2.7419954	38000.0	1675138770.0	LECSNO1
6128768.0	37.8391472	-2.680382	38000.0	1675138800.0	LECSNO1
6128768.0	37.8856236	-2.618904	38000.0	1675138830.0	LECSNO1
6128768.0	37.9320242	-2.5569442	38000.0	1675138860.0	LECSNO1
6128768.0	37.9786452	-2.4948886	38000.0	1675138890.0	LECSNO1
6128768.0	38.0252708	-2.432971	38000.0	1675138920.0	LECSNO1
6128768.0	38.0718154	-2.3710466	38000.0	1675138950.0	LECSNO1
6128768.0	38.1178708	-2.309278	38000.0	1675138980.0	LECSNO1
6128768.0	38.16356	-2.2471872	38000.0	1675139010.0	LECSNO1
6128768.0	38.2097426	-2.1847094	38000.0	1675139040.0	LECSNO1
6128768.0	38.251798	-2.1159708	38000.0	1675139070.0	LECSNO1
6128768.0	38.2941404	-2.0477204	38000.0	1675139100.0	LECSNO1
6128768.0	38.3367176	-1.979193	38000.0	1675139130.0	LECSNO1
6128768.0	38.3789802	-1.9109372	38000.0	1675139160.0	LECSNO1
6128768.0	38.4210868	-1.842319	38000.0	1675139190.0	LECSNO1
6128768.0	38.4630312	-1.7735588	38000.0	1675139220.0	LECSNO1
6128768.0	38.505257400000005	-1.704903	38000.0	1675139250.0	LECSNO1
6128768.0	38.547539	-1.637366	38000.0	1675139280.0	LECSNO1
6128768.0	38.589657	-1.568338	38000.0	1675139310.0	LECSNO1
6128768.0	38.631996	-1.498876	38000.0	1675139340.0	LECSNO1
6128768.0	38.673885	-1.429679	38000.0	1675139370.0	LECSNO1
6128768.0	38.715668	-1.360482	38000.0	1675139400.0	LECSNO1
6128768.0	38.765129	-1.301513	38000.0	1675139430.0	LECBLVU
6128768.0	38.819534	-1.250184	38000.0	1675139460.0	LECBLVU
6128768.0	38.873241	-1.198412	38000.0	1675139490.0	LECBLVU
6128768.0	38.92691	-1.146711	38000.0	1675139520.0	LECBLVU
6128768.0	38.980606	-1.09487	38000.0	1675139550.0	LECBLVU
6128768.0	39.034462	-1.042957	38000.0	1675139580.0	LECBLVU
6128768.0	39.088619	-0.990654	38000.0	1675139610.0	LECBLVU
6128768.0	39.142399	-0.938582	38000.0	1675139640.0	LECBLVU
6128768.0	39.196087	-0.886408	38000.0	1675139670.0	LECBLVU
6128768.0	39.249508	-0.833975	38000.0	1675139700.0	LECBLVU
6128768.0	39.302547	-0.781733	38000.0	1675139730.0	LECBLVU
6128768.0	39.356064	-0.729576	38000.0	1675139760.0	LECBLVU
6128768.0	39.40942	-0.67753	38000.0	1675139790.0	LECBLVU
6128768.0	39.463406	-0.62426	38000.0	1675139820.0	LECBLVU
6128768.0	39.516991	-0.571588	38000.0	1675139850.0	LECBLVU
6128768.0	39.570152	-0.518846	38000.0	1675139880.0	LECBLVU
6128768.0	39.623024	-0.465954	38000.0	1675139910.0	LECBLVU
6128768.0	39.676266	-0.413358	38000.0	1675139940.0	LECBLVU
6128768.0	39.729767	-0.360732	38000.0	1675139970.0	LECBLVU
6128768.0	39.783031	-0.307825	38000.0	1675140000.0	LECBLVU
6128768.0	39.835838	-0.254764	38000.0	1675140030.0	LECBLVU
6128768.0	39.888584	-0.201773	38000.0	1675140060.0	LECBLVU
6128768.0	39.941425	-0.148595	38000.0	1675140090.0	LECBLVU
6128768.0	39.993771	-0.09587	38000.0	1675140120.0	LECBLVU
6128768.0	40.045956	-0.04328	38000.0	1675140150.0	LECBLVU
6128768.0	40.098431	0.009363	38000.0	1675140180.0	LECBLVU
6128768.0	40.154144	0.057923	37900.0	1675140210.0	LECBLVU
6128768.0	40.21331	0.094583	37100.0	1675140240.0	LECBLVU
6128768.0	40.274395	0.125484	35900.0	1675140270.0	LECBLVU
6128768.0	40.335434	0.156113	34600.0	1675140300.0	LECBLVU
6128768.0	40.396255	0.186145	32900.0	1675140330.0	LECBLVU
6128779.0	37.6416434	-2.9000468	28520.0	1675138440.0	LECSNO1
6128779.0	37.6879348	-2.8425118	29220.0	1675138470.0	LECSNO1
6128779.0	37.734135	-2.7849352	29920.0	1675138500.0	LECSNO1
6128779.0	37.7812082	-2.726165	30460.0	1675138530.0	LECSNO1
6128779.0	37.8280738	-2.6675106	31520.0	1675138560.0	LECSNO1
6128779.0	37.874836	-2.6088208	32020.0	1675138590.0	LECSNO1
6128779.0	37.922262	-2.5493644	32820.0	1675138620.0	LECSNO1
6128779.0	37.9691246	-2.4903838	33520.0	1675138650.0	LECSNO1
6128779.0	38.0159198	-2.431429	34220.0	1675138680.0	LECSNO1
6128779.0	38.0622722	-2.372892	34840.0	1675138710.0	LECSNO1
6128779.0	38.1086826	-2.3142752	35300.0	1675138740.0	LECSNO1
6128779.0	38.1557578	-2.2545408	35720.0	1675138770.0	LECSNO1
6128779.0	38.2025032	-2.1946784	36000.0	1675138800.0	LECSNO1
6128779.0	38.2448604	-2.1286208	36000.0	1675138830.0	LECSNO1
6128779.0	38.2860642	-2.0624302	36000.0	1675138860.0	LECSNO1
6128779.0	38.3272094	-1.995842	36000.0	1675138890.0	LECSNO1
6128779.0	38.368375	-1.9291194	36000.0	1675138920.0	LECSNO1
6128779.0	38.4099054	-1.8616084	36000.0	1675138950.0	LECSNO1
6128779.0	38.4524224	-1.7924668	36000.0	1675138980.0	LECSNO1
6128779.0	38.4949556	-1.7228784	36000.0	1675139010.0	LECSNO1
6128779.0	38.5375558	-1.6532906	36000.0	1675139040.0	LECSNO1
6128779.0	38.5800724	-1.58372	36000.0	1675139070.0	LECSNO1
6128779.0	38.622630666666666	-1.5140143333333334	36000.0	1675139100.0	LECSNO1
6128779.0	38.664753	-1.445343	36000.0	1675139130.0	LECSNO1
6128779.0	38.706589	-1.376337	36000.0	1675139160.0	LECSNO1
6128779.0	38.749218	-1.308003	36000.0	1675139190.0	LECBLVU
6128779.0	38.799995	-1.250189	36000.0	1675139220.0	LECBLVU
6128779.0	38.853855	-1.197626	36000.0	1675139250.0	LECBLVU
6128779.0	38.908489	-1.145885	36000.0	1675139280.0	LECBLVU
6128779.0	38.962856	-1.093993	36000.0	1675139310.0	LECBLVU
6128779.0	39.017246	-1.042023	36000.0	1675139340.0	LECBLVU
6128779.0	39.071632	-0.990017	36000.0	1675139370.0	LECBLVU
6128779.0	39.126148	-0.937765	36000.0	1675139400.0	LECBLVU
6128779.0	39.18074	-0.885436	36000.0	1675139430.0	LECBLVU
6128779.0	39.2356	-0.832648	36000.0	1675139460.0	LECBLVU
6128779.0	39.290047	-0.780133	36000.0	1675139490.0	LECBLVU
6128779.0	39.344471	-0.7276	36000.0	1675139520.0	LECBLVU
6128779.0	39.398785	-0.675157	36000.0	1675139550.0	LECBLVU
6128779.0	39.453278	-0.622401	36000.0	1675139580.0	LECBLVU
6128779.0	39.508003	-0.569269	36000.0	1675139610.0	LECBLVU
6128779.0	39.562279	-0.516453	36000.0	1675139640.0	LECBLVU
6128779.0	39.61623	-0.463849	36000.0	1675139670.0	LECBLVU
6128779.0	39.669952	-0.411397	36000.0	1675139700.0	LECBLVU
6128779.0	39.723789	-0.358803	36000.0	1675139730.0	LECBLVU
6128779.0	39.777008	-0.306548	36000.0	1675139760.0	LECBLVU
6128779.0	39.83012	-0.254275	36000.0	1675139790.0	LECBLVU
6128779.0	39.883194	-0.202074	36000.0	1675139820.0	LECBLVU
6128779.0	39.936813	-0.149263	36000.0	1675139850.0	LECBLVU
6128779.0	39.989788	-0.0969	36000.0	1675139880.0	LECBLVU
6128779.0	40.042755	-0.044458	36000.0	1675139910.0	LECBLVU
6128779.0	40.096241	0.008685	35900.0	1675139940.0	LECBLVU
6128779.0	40.14901	0.061226	35400.0	1675139970.0	LECBLVU
6128779.0	40.20401	0.10746	35000.0	1675140000.0	LECBLVU
6128779.0	40.261738	0.145627	34500.0	1675140030.0	LECBLVU
6128779.0	40.321808	0.176501	33800.0	1675140060.0	LECBLVU
6128794.0	37.5894214	-4.6597398	38000.0	1675138530.0	LECSNO1
6128794.0	37.650057800000006	-4.6276478	38000.0	1675138560.0	LECSNO1
6128794.0	37.710869200000005	-4.5954732	38000.0	1675138590.0	LECSNO1
6128794.0	37.7717192	-4.5631968	38000.0	1675138620.0	LECSNO1
6128794.0	37.83258420000001	-4.5308286	38000.0	1675138650.0	LECSNO1
6128794.0	37.893395000000005	-4.49846	38000.0	1675138680.0	LECSNO1
6128794.0	37.954092	-4.4660546000000005	38000.0	1675138710.0	LECSNO1
6128794.0	38.0147866	-4.433678399999999	38000.0	1675138740.0	LECSNO1
6128794.0	38.075273	-4.4014694	38000.0	1675138770.0	LECSNO1
6128794.0	38.13564280000001	-4.369047	38000.0	1675138800.0	LECSNO1
6128794.0	38.1959438	-4.336647	38000.0	1675138830.0	LECSNO1
6128794.0	38.2562542	-4.3041696	38000.0	1675138860.0	LECSNO1
6128794.0	38.3165802	-4.2716962	38000.0	1675138890.0	LECSNO1
6128794.0	38.3769542	-4.2390302	38000.0	1675138920.0	LECSNO1
6128794.0	38.4373846	-4.2063618	38000.0	1675138950.0	LECSNO1
6128794.0	38.4982142	-4.1735702	38000.0	1675138980.0	LECSNO1
6128794.0	38.5587116	-4.140673400000001	38000.0	1675139010.0	LECSNO1
6128794.0	38.6191766	-4.1076772	38000.0	1675139040.0	LECSNO1
6128794.0	38.6796264	-4.0745604	38000.0	1675139070.0	LECSNO1
6128794.0	38.7401992	-4.0413538	38000.0	1675139100.0	LECSNO1
6128794.0	38.7996962	-4.0040922	38000.0	1675139130.0	LECSNO1
6128794.0	38.8588226	-3.9667578	38000.0	1675139160.0	LECSNO1
6128794.0	38.9177626	-3.9290568	38000.0	1675139190.0	LECSNO1
6128794.0	38.976652400000006	-3.8911814	38000.0	1675139220.0	LECSNO1
6128802.0	40.216412	-0.199083	37000.0	1675138890.0	LECBLVU
6128802.0	40.159668	-0.221349	37000.0	1675138920.0	LECBLVU
6128802.0	40.102802	-0.243642	37000.0	1675138950.0	LECBLVU
6128802.0	40.04509	-0.266228	37000.0	1675138980.0	LECBLVU
6128802.0	39.987812	-0.288592	37000.0	1675139010.0	LECBLVU
6128802.0	39.93034	-0.311023	37000.0	1675139040.0	LECBLVU
6128802.0	39.872684	-0.333435	37000.0	1675139070.0	LECBLVU
6128802.0	39.814587	-0.355952	37000.0	1675139100.0	LECBLVU
6128802.0	39.756195	-0.378772	37000.0	1675139130.0	LECBLVU
6128802.0	39.698002	-0.401321	37000.0	1675139160.0	LECBLVU
6128802.0	39.639919	-0.423836	37000.0	1675139190.0	LECBLVU
6128802.0	39.581936	-0.446209	37000.0	1675139220.0	LECBLVU
6128802.0	39.524536	-0.468323	37000.0	1675139250.0	LECBLVU
6128802.0	39.468418	-0.495856	37000.0	1675139280.0	LECBLVU
6128802.0	39.416023	-0.531418	37000.0	1675139310.0	LECBLVU
6128802.0	39.364124	-0.567907	37000.0	1675139340.0	LECBLVU
6128802.0	39.311382	-0.603956	37000.0	1675139370.0	LECBLVU
6128802.0	39.25948	-0.640189	37000.0	1675139400.0	LECBLVU
6128802.0	39.207535	-0.676089	37000.0	1675139430.0	LECBLVU
6128802.0	39.155895	-0.712138	37000.0	1675139460.0	LECBLVU
6128802.0	39.104179	-0.748005	37000.0	1675139490.0	LECBLVU
6128802.0	39.052502	-0.783821	37000.0	1675139520.0	LECBLVU
6128802.0	39.001102	-0.819188	37000.0	1675139550.0	LECBLVU
6128802.0	38.949799	-0.854272	37000.0	1675139580.0	LECBLVU
6128802.0	38.898041	-0.889826	37000.0	1675139610.0	LECBLVU
6128802.0	38.84663	-0.925042	37000.0	1675139640.0	LECBLVU
6128802.0	38.795292	-0.960188	37000.0	1675139670.0	LECBLVU
6128802.0	38.744316	-0.994913	37000.0	1675139700.0	LECBLVU
6128802.0	38.693165	-1.029689	37000.0	1675139730.0	LECBLVU
6128802.0	38.642052	-1.064482	36800.0	1675139760.0	LECBLVU
6128802.0	38.591011	-1.099228	36200.0	1675139790.0	LECBLVU
6128802.0	38.540516	-1.133604	35600.0	1675139820.0	LECBLVU
6128811.0	37.561024	-3.0835088	36000.0	1675138950.0	LECSNO1
6128811.0	37.5924594	-3.0107058	36000.0	1675138980.0	LECSNO1
6128811.0	37.6361142	-2.9502764	36000.0	1675139010.0	LECSNO1
6128811.0	37.6819322	-2.8886570000000003	36000.0	1675139040.0	LECSNO1
6128811.0	37.7252388	-2.8309974	36000.0	1675139070.0	LECSNO1
6128811.0	37.769907	-2.77166	36000.0	1675139100.0	LECSNO1
6128811.0	37.8147504	-2.7123758	36000.0	1675139130.0	LECSNO1
6128811.0	37.8598506	-2.652859	36000.0	1675139160.0	LECSNO1
6128811.0	37.9046912	-2.5934116	36000.0	1675139190.0	LECSNO1
6128811.0	37.9495102	-2.5338062	36000.0	1675139220.0	LECSNO1
6128811.0	37.9942206	-2.4741926000000003	36000.0	1675139250.0	LECSNO1
6128811.0	38.038916	-2.414589	36000.0	1675139280.0	LECSNO1
6128811.0	38.0834382	-2.3550264	36000.0	1675139310.0	LECSNO1
6128811.0	38.1276486	-2.2957032	36000.0	1675139340.0	LECSNO1
6128811.0	38.171890000000005	-2.2362198	36000.0	1675139370.0	LECSNO1
6128811.0	38.2157492	-2.1761796	36000.0	1675139400.0	LECSNO1
6128811.0	38.256115	-2.1100718	36000.0	1675139430.0	LECSNO1
6128811.0	38.2967772	-2.0443604	36000.0	1675139460.0	LECSNO1
6128811.0	38.3371786	-1.978941	36000.0	1675139490.0	LECSNO1
6128811.0	38.3775	-1.9135014	36000.0	1675139520.0	LECSNO1
6128811.0	38.4179954	-1.8478076	36000.0	1675139550.0	LECSNO1
6128811.0	38.458395800000005	-1.7820462	36000.0	1675139580.0	LECSNO1
6128811.0	38.498781	-1.716129	36000.0	1675139610.0	LECSNO1
6128811.0	38.5391696	-1.650101	36000.0	1675139640.0	LECSNO1
6128811.0	38.579411	-1.585008	36000.0	1675139670.0	LECSNO1
6128811.0	38.620213	-1.519016	36000.0	1675139700.0	LECSNO1
6128811.0	38.667896	-1.460975	36000.0	1675139730.0	LECSNO1
6128811.0	38.71442	-1.402752	36000.0	1675139760.0	LECSNO1
6128811.0	38.760792	-1.344128	36000.0	1675139790.0	LECBLVU
6128811.0	38.807152	-1.285407	36000.0	1675139820.0	LECBLVU
6128811.0	38.853874	-1.226282	36000.0	1675139850.0	LECBLVU
6128811.0	38.900295	-1.167348	36000.0	1675139880.0	LECBLVU
6128811.0	38.946857	-1.108085	36000.0	1675139910.0	LECBLVU
6128811.0	38.99342	-1.048917	36000.0	1675139940.0	LECBLVU
6128811.0	39.039425	-0.99034	36000.0	1675139970.0	LECBLVU
6128811.0	39.0853	-0.931811	36000.0	1675140000.0	LECBLVU
6128811.0	39.13118	-0.872972	36000.0	1675140030.0	LECBLVU
6128811.0	39.17741	-0.813531	36000.0	1675140060.0	LECBLVU
6128811.0	39.223919	-0.753635	36000.0	1675140090.0	LECBLVU
6128811.0	39.270023	-0.693929	36000.0	1675140120.0	LECBLVU
6128811.0	39.316128	-0.634253	36000.0	1675140150.0	LECBLVU
6128811.0	39.362019	-0.574623	36000.0	1675140180.0	LECBLVU
6128811.0	39.408379	-0.515056	36000.0	1675140210.0	LECBLVU
6128811.0	39.454689	-0.455453	36000.0	1675140240.0	LECBLVU
6128811.0	39.50069	-0.395592	36000.0	1675140270.0	LECBLVU
6128811.0	39.546612	-0.335652	36000.0	1675140300.0	LECBLVU
6128811.0	39.592434	-0.275631	36000.0	1675140330.0	LECBLVU
6128811.0	39.638447	-0.215299	36000.0	1675140360.0	LECBLVU
6128811.0	39.68383	-0.155782	36000.0	1675140390.0	LECBLVU
6128811.0	39.728954	-0.096378	36000.0	1675140420.0	LECBLVU
6128811.0	39.773991	-0.037003	36000.0	1675140450.0	LECBLVU
6128811.0	39.819035	0.022296	36000.0	1675140480.0	LECBLVU
6128811.0	39.864113	0.081909	36000.0	1675140510.0	LECBLVU
6128844.0	40.093098	0.341438	32500.0	1675139100.0	LECBLVU
6128844.0	40.054832	0.28267	32900.0	1675139130.0	LECBLVU
6128844.0	40.016487	0.223816	33000.0	1675139160.0	LECBLVU
6128844.0	39.977722	0.16447	33000.0	1675139190.0	LECBLVU
6128844.0	39.938877	0.105148	33000.0	1675139220.0	LECBLVU
6128844.0	39.900307	0.046255	33000.0	1675139250.0	LECBLVU
6128844.0	39.861721	-0.012572	33000.0	1675139280.0	LECBLVU
6128844.0	39.822956	-0.071698	33000.0	1675139310.0	LECBLVU
6128844.0	39.783852	-0.131034	33000.0	1675139340.0	LECBLVU
6128844.0	39.744823	-0.190132	33000.0	1675139370.0	LECBLVU
6128844.0	39.705627	-0.249484	33000.0	1675139400.0	LECBLVU
6128844.0	39.666286	-0.308875	33000.0	1675139430.0	LECBLVU
6128844.0	39.626942	-0.368264	33000.0	1675139460.0	LECBLVU
6128844.0	39.58699	-0.4285	33000.0	1675139490.0	LECBLVU
6128844.0	39.547913	-0.487309	33100.0	1675139520.0	LECBLVU
6128844.0	39.508759	-0.545901	33000.0	1675139550.0	LECBLVU
6128844.0	39.469677	-0.604257	33000.0	1675139580.0	LECBLVU
6128844.0	39.430637	-0.662378	33000.0	1675139610.0	LECBLVU
6128844.0	39.391636	-0.720242	33000.0	1675139640.0	LECBLVU
6128844.0	39.353138	-0.777477	33000.0	1675139670.0	LECBLVU
6128844.0	39.31464	-0.834629	33000.0	1675139700.0	LECBLVU
6128844.0	39.27634	-0.891424	33000.0	1675139730.0	LECBLVU
6128844.0	39.237896	-0.948367	33000.0	1675139760.0	LECBLVU
6128844.0	39.19943	-1.0048616	33000.0	1675139790.0	LECBLVU
6128844.0	39.1609772	-1.0617058	33000.0	1675139820.0	LECBLVU
6128844.0	39.1223954	-1.1185792	33000.0	1675139850.0	LECBLVU
6128844.0	39.0836308	-1.1754608	33000.0	1675139880.0	LECBLVU
6128844.0	39.0441622	-1.2331726	33000.0	1675139910.0	LECBLVU
6128844.0	39.0073922	-1.2929758	33000.0	1675139940.0	LECBLVU
6128844.0	38.9698084	-1.3531956	33000.0	1675139970.0	LECSNO1
6128844.0	38.9329208	-1.4143632	33100.0	1675140000.0	LECSNO1
6128844.0	38.8957958	-1.4760174	33100.0	1675140030.0	LECSNO1
6128844.0	38.8587676	-1.5374372	33000.0	1675140060.0	LECSNO1
6128844.0	38.8222338	-1.5977864000000002	33000.0	1675140090.0	LECSNO1
6128844.0	38.7859974	-1.6577312	33000.0	1675140120.0	LECSNO1
6128844.0	38.7495198	-1.7177076	33000.0	1675140150.0	LECSNO1
6128844.0	38.7133978	-1.7771622	33000.0	1675140180.0	LECSNO1
6128844.0	38.6772084	-1.836823	33000.0	1675140210.0	LECSNO1
6128844.0	38.6410034	-1.896264	33000.0	1675140240.0	LECSNO1
6128844.0	38.605081	-1.9550852	33000.0	1675140270.0	LECSNO1
6128844.0	38.569526	-2.0133804	33000.0	1675140300.0	LECSNO1
6128844.0	38.5333466	-2.072352	33000.0	1675140330.0	LECSNO1
6128844.0	38.496756	-2.1314864	33000.0	1675140360.0	LECSNO1
6128844.0	38.460211	-2.1907848	33000.0	1675140390.0	LECSNO1
6128844.0	38.4233534	-2.250596	33000.0	1675140420.0	LECSNO1
6128844.0	38.3862768	-2.3106552	33000.0	1675140450.0	LECSNO1
6128844.0	38.3479234	-2.3693056	33000.0	1675140480.0	LECSNO1
6128844.0	38.3056768	-2.4255638	33080.0	1675140510.0	LECSNO1
6128850.0	38.9837388	-3.2303048	33000.0	1675140240.0	LECSNO1
6128850.0	38.9263078	-3.2572794	33000.0	1675140270.0	LECSNO1
6128850.0	38.8688876	-3.2845416	33000.0	1675140300.0	LECSNO1
6128850.0	38.8115006	-3.31194	33000.0	1675140330.0	LECSNO1
6128850.0	38.7522942	-3.3402104	33000.0	1675140360.0	LECSNO1
6128850.0	38.6950592	-3.3675368	33000.0	1675140390.0	LECSNO1
6128850.0	38.6396808	-3.3939836	33000.0	1675140420.0	LECSNO1
6128850.0	38.5828836	-3.4213012	33000.0	1675140450.0	LECSNO1
6128850.0	38.5261328	-3.4482588	33000.0	1675140480.0	LECSNO1
6128850.0	38.469185	-3.4752876	33000.0	1675140510.0	LECSNO1
6128879.0	37.561721000000006	-3.848578	21780.0	1675139070.0	LECSNO1
6128879.0	37.6171396	-3.8276862	22540.0	1675139100.0	LECSNO1
6128879.0	37.673979	-3.8124426	23240.0	1675139130.0	LECSNO1
6128879.0	37.7316972	-3.800472	23840.0	1675139160.0	LECSNO1
6128879.0	37.7895938	-3.7886568	24340.0	1675139190.0	LECSNO1
6128879.0	37.8487504	-3.7767076	24840.0	1675139220.0	LECSNO1
6128879.0	37.9083844	-3.7646826	25440.0	1675139250.0	LECSNO1
6128879.0	37.968189	-3.752621	26040.0	1675139280.0	LECSNO1
6128879.0	38.0285572	-3.7405154	26540.0	1675139310.0	LECSNO1
6128879.0	38.089285200000006	-3.7281348	27040.0	1675139340.0	LECSNO1
6128879.0	38.1504378	-3.7157292	27540.0	1675139370.0	LECSNO1
6128879.0	38.2124654	-3.7031942	27940.0	1675139400.0	LECSNO1
6128879.0	38.274626000000005	-3.6904728	28440.0	1675139430.0	LECSNO1
6128879.0	38.3377448	-3.6775372	29040.0	1675139460.0	LECSNO1
6128879.0	38.4003864	-3.6648108	29640.0	1675139490.0	LECSNO1
6128879.0	38.4626458	-3.6520924	30240.0	1675139520.0	LECSNO1
6128879.0	38.5243344	-3.6394936	30840.0	1675139550.0	LECSNO1
6128879.0	38.5863738	-3.6268154	31340.0	1675139580.0	LECSNO1
6128879.0	38.6488188	-3.6139832	31740.0	1675139610.0	LECSNO1
6128879.0	38.71182100000001	-3.6010274	32000.0	1675139640.0	LECSNO1
6128879.0	38.77558619999999	-3.588008	32000.0	1675139670.0	LECSNO1
6128879.0	38.8406658	-3.574275	32000.0	1675139700.0	LECSNO1
6128879.0	38.9059318	-3.5607408	32000.0	1675139730.0	LECSNO1
6128879.0	38.970907	-3.5628008	32000.0	1675139760.0	LECSNO1
6128888.0	40.47781	0.90148	33000.0	1675139760.0	LECBLVU
6128888.0	40.437485	0.843938	33000.0	1675139790.0	LECBLVU
6128888.0	40.3981	0.7878454999999999	33000.0	1675139820.0	LECBLVU
6128888.0	40.356564	0.728818	33000.0	1675139850.0	LECBLVU
6128888.0	40.316135	0.671479	33000.0	1675139880.0	LECBLVU
6128888.0	40.275646	0.614208	33000.0	1675139910.0	LECBLVU
6128888.0	40.235062	0.557005	33000.0	1675139940.0	LECBLVU
6128888.0	40.194649	0.500086	33000.0	1675139970.0	LECBLVU
6128888.0	40.153721	0.44263	33000.0	1675140000.0	LECBLVU
6128888.0	40.112835	0.385394	33000.0	1675140030.0	LECBLVU
6128888.0	40.072151	0.328222	33000.0	1675140060.0	LECBLVU
6128888.0	40.031208	0.271013	33000.0	1675140090.0	LECBLVU
6128888.0	39.990437	0.214259	33000.0	1675140120.0	LECBLVU
6128888.0	39.949791	0.15757	33000.0	1675140150.0	LECBLVU
6128888.0	39.909317	0.101269	33000.0	1675140180.0	LECBLVU
6128888.0	39.868614	0.044691	33000.0	1675140210.0	LECBLVU
6128888.0	39.827599	-0.012184	33000.0	1675140240.0	LECBLVU
6128888.0	39.786369	-0.069247	33000.0	1675140270.0	LECBLVU
6128888.0	39.744942	-0.126261	33000.0	1675140300.0	LECBLVU
6128888.0	39.703186	-0.183654	33000.0	1675140330.0	LECBLVU
6128888.0	39.660923	-0.241573	33000.0	1675140360.0	LECBLVU
6128888.0	39.618805	-0.299101	33000.0	1675140390.0	LECBLVU
6128888.0	39.576786	-0.356779	33000.0	1675140420.0	LECBLVU
6128888.0	39.53421	-0.415431	33100.0	1675140450.0	LECBLVU
6128888.0	39.492474	-0.472826	33100.0	1675140480.0	LECBLVU
6128888.0	39.454956	-0.533895	33000.0	1675140510.0	LECBLVU
6128920.0	37.5898966	-3.6284892	38000.0	1675139460.0	LECSNO1
6128920.0	37.65374920000001	-3.6280548	38000.0	1675139490.0	LECSNO1
6128920.0	37.717335600000006	-3.6276378	38000.0	1675139520.0	LECSNO1
6128920.0	37.7808106	-3.627411	38000.0	1675139550.0	LECSNO1
6128920.0	37.844395000000006	-3.6270452	38000.0	1675139580.0	LECSNO1
6128920.0	37.9080816	-3.6265828	38000.0	1675139610.0	LECSNO1
6128920.0	37.9719182	-3.6261266	38000.0	1675139640.0	LECSNO1
6128920.0	38.0357272	-3.6255006	38000.0	1675139670.0	LECSNO1
6128920.0	38.0997926	-3.625047	38000.0	1675139700.0	LECSNO1
6128920.0	38.1636546	-3.6234226	38000.0	1675139730.0	LECSNO1
6128920.0	38.2277826	-3.6171638	38000.0	1675139760.0	LECSNO1
6128920.0	38.2916588	-3.6109044	38000.0	1675139790.0	LECSNO1
6128920.0	38.355429	-3.6049904	38000.0	1675139820.0	LECSNO1
6128920.0	38.4189682	-3.5987408000000003	38000.0	1675139850.0	LECSNO1
6128920.0	38.482262	-3.5925830000000003	38000.0	1675139880.0	LECSNO1
6128920.0	38.54564439999999	-3.5863726	38000.0	1675139910.0	LECSNO1
6128920.0	38.6089306	-3.5804124	38000.0	1675139940.0	LECSNO1
6128920.0	38.671948	-3.5741279999999995	38000.0	1675139970.0	LECSNO1
6128920.0	38.7352	-3.5679828	38000.0	1675140000.0	LECSNO1
6128920.0	38.7984896	-3.5617554000000005	38000.0	1675140030.0	LECSNO1
6128920.0	38.86178819999999	-3.5554776	38000.0	1675140060.0	LECSNO1
6128920.0	38.9250726	-3.5492474	38000.0	1675140090.0	LECSNO1
6128920.0	38.988341	-3.5430304	38000.0	1675140120.0	LECSNO1
6128943.0	37.580004200000005	-4.6651154	31800.0	1675139790.0	LECSNO1
6128943.0	37.6392	-4.633830000000001	32000.0	1675139820.0	LECSNO1
6128943.0	37.698241	-4.6025956	32200.0	1675139850.0	LECSNO1
6128943.0	37.757254800000005	-4.571264199999999	32400.0	1675139880.0	LECSNO1
6128943.0	37.81612079999999	-4.5400388000000005	32600.0	1675139910.0	LECSNO1
6128943.0	37.8749218	-4.508842199999999	32800.0	1675139940.0	LECSNO1
6128943.0	37.9333002	-4.477676799999999	33040.0	1675139970.0	LECSNO1
6128943.0	37.9916826	-4.4465102000000005	33240.0	1675140000.0	LECSNO1
6128943.0	38.0499534	-4.415303000000001	33440.0	1675140030.0	LECSNO1
6128943.0	38.1080996	-4.3841392	33600.0	1675140060.0	LECSNO1
6128943.0	38.1659538	-4.3530264	33800.0	1675140090.0	LECSNO1
6128943.0	38.2240394	-4.321863199999999	33900.0	1675140120.0	LECSNO1
6128943.0	38.2824804	-4.290421800000001	34000.0	1675140150.0	LECSNO1
6128943.0	38.3411	-4.258874399999999	34000.0	1675140180.0	LECSNO1
6128943.0	38.4002754	-4.2269928000000005	34000.0	1675140210.0	LECSNO1
6128943.0	38.4598598	-4.1947692000000005	34000.0	1675140240.0	LECSNO1
6128943.0	38.51821825	-4.16311275	34000.0	1675140270.0	LECSNO1
6128943.0	38.5797084	-4.1298384	34000.0	1675140300.0	LECSNO1
6128943.0	38.63977740000001	-4.0972178	34000.0	1675140330.0	LECSNO1
6128943.0	38.700149	-4.0644464000000005	34000.0	1675140360.0	LECSNO1
6128943.0	38.7610784	-4.0310978	34000.0	1675140390.0	LECSNO1
6128943.0	38.82151280000001	-3.998073	34000.0	1675140420.0	LECSNO1
6128943.0	38.8820258	-3.9648526	34000.0	1675140450.0	LECSNO1
6128943.0	38.942590200000005	-3.9315554	34000.0	1675140480.0	LECSNO1
6128948.0	40.231094	-0.193118	34100.0	1675140030.0	LECBLVU
6128948.0	40.176834	-0.214359	33200.0	1675140060.0	LECBLVU
6128948.0	40.123352	-0.235344	33000.0	1675140090.0	LECBLVU
6128948.0	40.070034	-0.25617	32900.0	1675140120.0	LECBLVU
6128954.0	37.5641396	-3.848631	23640.0	1675139520.0	LECSNO1
6128954.0	37.6207594	-3.8272522	24180.0	1675139550.0	LECSNO1
6128954.0	37.678709	-3.8053832	24740.0	1675139580.0	LECSNO1
6128954.0	37.7373466	-3.783155	25380.0	1675139610.0	LECSNO1
6128954.0	37.7967456	-3.7608076	26040.0	1675139640.0	LECSNO1
6128954.0	37.8567688	-3.7379106	26540.0	1675139670.0	LECSNO1
6128954.0	37.9177262	-3.7147486	27200.0	1675139700.0	LECSNO1
6128954.0	37.979232	-3.6913758	27640.0	1675139730.0	LECSNO1
6128954.0	38.04102639999999	-3.6679166	28240.0	1675139760.0	LECSNO1
6128954.0	38.10323699999999	-3.6441136	28740.0	1675139790.0	LECSNO1
6128954.0	38.167066000000005	-3.6243574	29200.0	1675139820.0	LECSNO1
6128954.0	38.232139	-3.617782	29700.0	1675139850.0	LECSNO1
6128954.0	38.2976694	-3.6117866	30240.0	1675139880.0	LECSNO1
6128954.0	38.363029	-3.6050412	31040.0	1675139910.0	LECSNO1
6128954.0	38.4281888	-3.5985050000000003	31540.0	1675139940.0	LECSNO1
6128954.0	38.49324240000001	-3.5919878	32140.0	1675139970.0	LECSNO1
6128954.0	38.5582358	-3.5856462	32640.0	1675140000.0	LECSNO1
6128954.0	38.6232634	-3.5792648	33240.0	1675140030.0	LECSNO1
6128954.0	38.6877348	-3.572916	34040.0	1675140060.0	LECSNO1
6128954.0	38.750575	-3.5667154	34840.0	1675140090.0	LECSNO1
6128954.0	38.8136736	-3.5607428	35100.0	1675140120.0	LECSNO1
6128954.0	38.87733659999999	-3.5545202	35400.0	1675140150.0	LECSNO1
6128954.0	38.941205200000006	-3.5458482	35700.0	1675140180.0	LECSNO1
6128968.0	37.539969	-3.9434128	31240.0	1675139820.0	LECSNO1
6128968.0	37.6009668	-3.911863400000001	32140.0	1675139850.0	LECSNO1
6128968.0	37.661489800000005	-3.880614000000001	32940.0	1675139880.0	LECSNO1
6128968.0	37.72151960000001	-3.849651	33840.0	1675139910.0	LECSNO1
6128968.0	37.781471	-3.8187262	34580.0	1675139940.0	LECSNO1
6128968.0	37.8404554	-3.7881044	35240.0	1675139970.0	LECSNO1
6128968.0	37.899367	-3.7576406	35740.0	1675140000.0	LECSNO1
6128968.0	37.95856739999999	-3.7266332	36240.0	1675140030.0	LECSNO1
6128968.0	38.01826019999999	-3.6954218	36600.0	1675140060.0	LECSNO1
6128968.0	38.0782754	-3.6639764	37000.0	1675140090.0	LECSNO1
6128968.0	38.139363	-3.6357516	37440.0	1675140120.0	LECSNO1
6128968.0	38.20236	-3.6207856	37940.0	1675140150.0	LECSNO1
6128968.0	38.2658616	-3.6142792	38000.0	1675140180.0	LECSNO1
6128968.0	38.3288194	-3.6079828	38000.0	1675140210.0	LECSNO1
6128968.0	38.39163740000001	-3.6017204000000005	38000.0	1675140240.0	LECSNO1
6128968.0	38.452882	-3.5956075	38000.0	1675140270.0	LECSNO1
6128968.0	38.5171304	-3.5894766	38000.0	1675140300.0	LECSNO1
6128968.0	38.5789842	-3.5834086	38000.0	1675140330.0	LECSNO1
6128968.0	38.64089239999999	-3.5778886	38000.0	1675140360.0	LECSNO1
6128968.0	38.7030532	-3.5717422	38000.0	1675140390.0	LECSNO1
6128968.0	38.76497439999999	-3.5664722	38000.0	1675140420.0	LECSNO1
6128968.0	38.8265198	-3.5680142	38000.0	1675140450.0	LECSNO1
6128968.0	38.8879308	-3.5689128	38000.0	1675140480.0	LECSNO1
6128968.0	38.9492156	-3.5698412	38000.0	1675140510.0	LECSNO1
6128995.0	40.232357	0.320626	32700.0	1675140330.0	LECBLVU
6128995.0	40.293255	0.343745	33400.0	1675140360.0	LECBLVU
6128995.0	40.353912	0.366777	34100.0	1675140390.0	LECBLVU
6128995.0	40.414513	0.389807	34800.0	1675140420.0	LECBLVU
6128995.0	40.475079	0.412833	35500.0	1675140450.0	LECBLVU
6128995.0	40.535583	0.435879	36000.0	1675140480.0	LECBLVU
6128995.0	40.596169	0.45903	36500.0	1675140510.0	LECBLVU
6129023.0	38.96953440000001	-4.039670800000001	32940.0	1675140330.0	LECSNO1
6129023.0	38.91589940000001	-4.0740482	33000.0	1675140360.0	LECSNO1
6129023.0	38.8617634	-4.108563	33000.0	1675140390.0	LECSNO1
6129023.0	38.808027800000005	-4.1429516	33000.0	1675140420.0	LECSNO1
6129023.0	38.7536056	-4.1768102	33000.0	1675140450.0	LECSNO1
6129023.0	38.7004922	-4.211405	33000.0	1675140480.0	LECSNO1
6129049.0	39.569355	0.321936	32800.0	1675140450.0	LECBLVU
6129049.0	39.625282	0.366043	33700.0	1675140480.0	LECBLVU
6129049.0	39.681137	0.409746	34500.0	1675140510.0	LECBLVU
6129060.0	37.536216	-3.6288706	36000.0	1675140510.0	LECSNO1
