RTKey,Lat,Lon,Alt,Unixtime,Sector
6126842,40.476982,0.903733,37700.0,1675139480.0,LECBLVU
6126932,40.285645,0.160868,32500.0,1675139825.0,LECBLVU
6127000,40.477573,0.900149,36000.0,1675140520.0,LECBLVU
6127344,38.025322,-4.071938,28300.0,1675138528.0,LECSNO1
6127456,37.540562,-4.288515,20100.0,1675138368.0,LECSNO1
6127504,37.540791,-4.332664,19900.0,1675138863.0,LECSNO1
6127512,40.475182,0.90348,40000.0,1675139000.0,LECBLVU
6127537,37.797523,-3.101457,27800.0,1675138899.0,LECSNO1
6127558,38.993855,-3.543223,32000.0,1675138538.0,LECSNO1
6127565,39.750095,-1.083926,33000.0,1675138674.0,LECBLVU
6127612,37.538155,-4.332561,19600.0,1675139848.0,LECSNO1
6127638,38.991085,-3.546231,38000.0,1675138578.0,LECSNO1
6128713,39.04623,0.481828,34000.0,1675138765.0,LECBLVU
6128726,39.068573,0.479862,38000.0,1675138705.0,LECBLVU
6128730,38.99332,-3.531888,38000.0,1675138298.0,LECSNO1
6128744,40.437954,0.963103,38000.0,1675138565.0,LECBLVU
6128754,38.39756,-2.293517,39000.0,1675140529.0,LECSNO1
6128758,38.993992,-3.533985,40000.0,1675139158.0,LECSNO1
6128764,39.747829,-1.079728,33000.0,1675139699.0,LECBLVU
6128768,40.416538,0.196182,32500.0,1675140340.0,LECBLVU
6128779,40.373711,0.195839,32600.0,1675140085.0,LECBLVU
6128794,38.99234,-3.881093,38000.0,1675139228.0,LECSNO1
6128802,38.532005,-1.139379,35400.0,1675139825.0,LECBLVU
6128811,39.886753,0.111895,36000.0,1675140525.0,LECBLVU
6128844,38.279308,-2.46114,33100.0,1675140529.0,LECSNO1
6128850,38.433132,-3.492424,33000.0,1675140529.0,LECSNO1
6128879,38.998512,-3.568487,32000.0,1675139773.0,LECSNO1
6128888,39.436821,-0.564938,33000.0,1675140525.0,LECBLVU
6128915,40.382133,1.055491,36000.0,1675140235.0,LECBLVU
6128920,38.994656,-3.542452,38000.0,1675140123.0,LECSNO1
6128943,38.999207,-3.900383,34000.0,1675140508.0,LECSNO1
6128948,40.025528,-0.273749,32500.0,1675140145.0,LECBLVU
6128954,38.990044,-3.538074,35900.0,1675140203.0,LECSNO1
6128968,38.986015,-3.570358,38000.0,1675140528.0,LECSNO1
6128995,40.626526,0.470664,36700.0,1675140525.0,LECBLVU
6129023,38.66824,-4.231945,33000.0,1675140498.0,LECSNO1
6129049,39.709095,0.431688,34900.0,1675140525.0,LECBLVU
6129060,37.575577,-3.628667,36000.0,1675140528.0,LECSNO1
