RTKey	Lat	Lon	Alt	Unixtime	Sector
4803216.0	40.1086492	-1.8474074	26940.0	1657916850.0	LECMCJL
4803216.0	40.13486559999999	-1.9220074000000005	26440.0	1657916880.0	LECMCJL
4803216.0	40.16120139999999	-1.9968318000000005	25480.0	1657916910.0	LECMCJL
4803216.0	40.1867866	-2.0688363999999995	25140.0	1657916940.0	LECMCJL
4803216.0	40.21169080000001	-2.1391178	24900.0	1657916970.0	LECMCJL
4803216.0	40.2352586	-2.2059278	24640.0	1657917000.0	LECMCJL
4803217.0	40.4861962	-2.1204344	22440.0	1657916850.0	LECMCJL
4803250.0	40.773129	-1.144595	31000.0	1657916850.0	LECMCJL
4803250.0	40.752754	-1.217786	31000.0	1657916880.0	LECMCJL
4803250.0	40.732384	-1.290824	31000.0	1657916910.0	LECMCJL
4803250.0	40.711876	-1.36377	31000.0	1657916940.0	LECMCJL
4803250.0	40.691414	-1.436828	31000.0	1657916970.0	LECMCJL
4803250.0	40.67061	-1.509961	31000.0	1657917000.0	LECMCJL
4803250.0	40.650075400000006	-1.5821662000000003	30680.0	1657917030.0	LECMCJL
4803250.0	40.6295052	-1.6545135999999998	29480.0	1657917060.0	LECMCJL
4803250.0	40.609191	-1.7256358	28280.0	1657917090.0	LECMCJL
4803250.0	40.5889598	-1.7963952	27180.0	1657917120.0	LECMCJL
4803250.0	40.56915899999999	-1.8655688	26180.0	1657917150.0	LECMCJL
4803250.0	40.5497104	-1.933348	25240.0	1657917180.0	LECMCJL
4803250.0	40.53098020000001	-1.998417	24740.0	1657917210.0	LECMCJL
4803250.0	40.5131038	-2.0604672	24240.0	1657917240.0	LECMCJL
4803250.0	40.48817119999999	-2.1159726000000005	23740.0	1657917270.0	LECMCJL
4803260.0	41.028927	0.12381	33900.0	1657916850.0	LECBP2R
4803260.0	40.971386	0.100632	33400.0	1657916880.0	LECBP2R
4803260.0	40.913738	0.077254	33000.0	1657916910.0	LECBP2R
4803260.0	40.855095	0.053602	32200.0	1657916940.0	LECBP2R
4803260.0	40.79533	0.02977	31100.0	1657916970.0	LECBP2R
4803282.0	40.59316	-1.7815594	24740.0	1657916850.0	LECMCJL
4803282.0	40.5739924	-1.8484894	24140.0	1657916880.0	LECMCJL
4803282.0	40.55593360000001	-1.9115358	23640.0	1657916910.0	LECMCJL
4803282.0	40.5387792	-1.9708570000000003	23100.0	1657916940.0	LECMCJL
4803282.0	40.52244019999999	-2.0271978	23000.0	1657916970.0	LECMCJL
4803282.0	40.504761	-2.0784176000000003	22900.0	1657917000.0	LECMCJL
4803282.0	40.48263500000001	-2.1270511999999995	22640.0	1657917030.0	LECMCJL
4803291.0	40.046598	-1.7713776	25240.0	1657916850.0	LECMCJL
4803291.0	40.072027600000006	-1.8318398	24740.0	1657916880.0	LECMCJL
4803291.0	40.0973502	-1.8923172	24240.0	1657916910.0	LECMCJL
4803291.0	40.1221136	-1.9512946	23740.0	1657916940.0	LECMCJL
4803291.0	40.14697339999999	-2.0095832	23240.0	1657916970.0	LECMCJL
4803291.0	40.1716736	-2.0672956	22580.0	1657917000.0	LECMCJL
4803291.0	40.19516	-2.1219684	22200.0	1657917030.0	LECMCJL
4803294.0	41.350491	-0.133005	34000.0	1657916850.0	LECBP2R
4803294.0	41.349819	-0.052552	34000.0	1657916880.0	LECBP2R
4803294.0	41.348991	0.027813	34000.0	1657916910.0	LECBP2R
4803294.0	41.348095	0.10842	34000.0	1657916940.0	LECBP2R
4803294.0	41.347111	0.189004	34000.0	1657916970.0	LECBP2R
4803294.0	41.34602	0.269586	34000.0	1657917000.0	LECBP2R
4803294.0	41.3449616	0.3479405999999999	34000.0	1657917030.0	LECBP2R
4803294.0	41.343784	0.4285625999999999	34000.0	1657917060.0	LECBP2R
4803309.0	41.085854	0.357453	33000.0	1657916940.0	LECBP2R
4803309.0	41.071457	0.281829	33000.0	1657916970.0	LECBP2R
4803309.0	41.057392	0.206276	33000.0	1657917000.0	LECBP2R
4803309.0	41.044217200000006	0.132762	33000.0	1657917030.0	LECBP2R
4803309.0	41.03076300000001	0.0572907999999999	33000.0	1657917060.0	LECBP2R
4803309.0	41.01696540000001	-0.0181446	33000.0	1657917090.0	LECBP2R
4803309.0	41.002514	-0.096023	33000.0	1657917120.0	LECBP2R
4803309.0	40.988258	-0.171483	33000.0	1657917150.0	LECBP2R
4803309.0	40.974155	-0.246651	33000.0	1657917180.0	LECBP2R
4803309.0	40.960014	-0.322447	33000.0	1657917210.0	LECBP2R
4803309.0	40.945705	-0.398339	33000.0	1657917240.0	LECBP2R
4803309.0	40.931496	-0.474268	33000.0	1657917270.0	LECBP2R
4803309.0	40.917187	-0.550273	33000.0	1657917300.0	LECBP2R
4803309.0	40.902691	-0.626548	33000.0	1657917330.0	LECBP2R
4803309.0	40.88772547222222	-0.7030948333333333	32993.05555555556	1657917360.0	LECBP2R
4803309.0	40.869267555555545	-0.7757223333333332	32888.88888888899	1657917390.0	LECBP2R
4803309.0	40.85080963888887	-0.848349833333333	32784.72222222242	1657917420.0	LECBP2R
4803309.0	40.83235172222219	-0.9209773333333328	32680.55555555576	1657917450.0	LECBP2R
4803309.0	40.81389380555552	-0.9936048333333328	32576.38888888908	1657917480.0	LECBP2R
4803309.0	40.795191	-1.0654898000000002	32240.0	1657917510.0	LECMCJL
4803309.0	40.775882	-1.1344783999999997	31380.0	1657917540.0	LECMCJL
4803309.0	40.7569348	-1.202371	30540.0	1657917570.0	LECMCJL
4803309.0	40.738240600000005	-1.2691602000000002	29540.0	1657917600.0	LECMCJL
4803309.0	40.7196708	-1.33568	28840.0	1657917630.0	LECMCJL
4803309.0	40.70095200000001	-1.4024024000000002	27880.0	1657917660.0	LECMCJL
4803309.0	40.67884759999999	-1.4669264	26980.0	1657917690.0	LECMCJL
4803309.0	40.6549666	-1.529581	26040.0	1657917720.0	LECMCJL
4803309.0	40.6316588	-1.5907764	25140.0	1657917750.0	LECMCJL
4803309.0	40.60954280000001	-1.6515445999999998	24440.0	1657917780.0	LECMCJL
4803309.0	40.58839419999999	-1.7104835999999997	24040.0	1657917810.0	LECMCJL
4803309.0	40.5673594	-1.7688666000000002	23540.0	1657917840.0	LECMCJL
4803309.0	40.54601499999999	-1.8275838	23040.0	1657917870.0	LECMCJL
4803309.0	40.5245318	-1.8862876	22540.0	1657917900.0	LECMCJL
4803309.0	40.502968800000005	-1.9448618	22000.0	1657917930.0	LECMCJL
4803309.0	40.4826214	-2.0002054	21500.0	1657917960.0	LECMCJL
4803319.0	41.095154	0.366392	35000.0	1657916940.0	LECBP2R
4803319.0	41.084599	0.284599	35000.0	1657916970.0	LECBP2R
4803319.0	41.073818	0.202813	35000.0	1657917000.0	LECBP2R
4803319.0	41.0633574	0.1231758	35000.0	1657917030.0	LECBP2R
4803319.0	41.05251819999999	0.0408778	35000.0	1657917060.0	LECBP2R
4803319.0	41.0416264	-0.0416879999999999	35000.0	1657917090.0	LECBP2R
4803319.0	41.030109	-0.126967	35000.0	1657917120.0	LECBP2R
4803319.0	41.01897	-0.209188	35000.0	1657917150.0	LECBP2R
4803319.0	41.004654	-0.291201	35000.0	1657917180.0	LECBP2R
4803319.0	40.986259	-0.37262	35000.0	1657917210.0	LECBP2R
4803319.0	40.963142	-0.45223	35000.0	1657917240.0	LECBP2R
4803319.0	40.941433	-0.532349	35000.0	1657917270.0	LECBP2R
4803319.0	40.919853	-0.612421	35000.0	1657917300.0	LECBP2R
4803319.0	40.897984	-0.692741	35000.0	1657917330.0	LECBP2R
4803319.0	40.87940940069687	-0.7595026027874552	34738.67595818825	1657917360.0	LECBP2R
4803319.0	40.86083480139373	-0.8262642055749103	34477.3519163765	1657917390.0	LECBP2R
4803319.0	40.84226020209059	-0.8930258083623654	34216.02787456475	1657917420.0	LECBP2R
4803319.0	40.82368560278746	-0.9597874111498206	33954.703832753	1657917450.0	LECBP2R
4803319.0	40.80511100348432	-1.0265490139372755	33693.37979094125	1657917480.0	LECBP2R
4803319.0	40.786536404181184	-1.0933106167247308	33432.055749129504	1657917510.0	LECBP2R
4803319.0	40.76796180487805	-1.160072219512186	33170.731707317755	1657917540.0	LECBP2R
4803319.0	40.74938720557491	-1.226833822299641	32909.407665506005	1657917570.0	LECBP2R
4803319.0	40.730812606271776	-1.2935954250870962	32648.083623694205	1657917600.0	LECBP2R
4803319.0	40.71277800000001	-1.358099	32340.0	1657917630.0	LECMCJL
4803319.0	40.695192600000006	-1.4199342	31840.0	1657917660.0	LECMCJL
4803319.0	40.6779364	-1.4818782	31140.0	1657917690.0	LECMCJL
4803319.0	40.66064519999999	-1.543174	30540.0	1657917720.0	LECMCJL
4803319.0	40.643399800000005	-1.6035152	29940.0	1657917750.0	LECMCJL
4803319.0	40.626394600000005	-1.6635437999999998	29080.0	1657917780.0	LECMCJL
4803319.0	40.60933779999999	-1.7233818000000003	28080.0	1657917810.0	LECMCJL
4803319.0	40.59226279999999	-1.7831900000000005	27140.0	1657917840.0	LECMCJL
4803319.0	40.57515800000001	-1.8427934	26180.0	1657917870.0	LECMCJL
4803319.0	40.558377400000005	-1.9012462	25340.0	1657917900.0	LECMCJL
4803319.0	40.5417336	-1.9594654	24540.0	1657917930.0	LECMCJL
4803319.0	40.5254388	-2.0159838	23740.0	1657917960.0	LECMCJL
4803335.0	41.265289	-0.531121	36000.0	1657917060.0	LECBP2R
4803335.0	41.274464	-0.449199	36000.0	1657917090.0	LECBP2R
4803335.0	41.283569	-0.367142	36000.0	1657917120.0	LECBP2R
4803335.0	41.292679	-0.285329	36000.0	1657917150.0	LECBP2R
4803335.0	41.301647	-0.203557	36000.0	1657917180.0	LECBP2R
4803335.0	41.310581	-0.121343	36000.0	1657917210.0	LECBP2R
4803335.0	41.319283	-0.039523	36000.0	1657917240.0	LECBP2R
4803335.0	41.328083	0.042317	36000.0	1657917270.0	LECBP2R
4803335.0	41.336872	0.124155	36000.0	1657917300.0	LECBP2R
4803335.0	41.345096000000005	0.2037494	36000.0	1657917330.0	LECBP2R
4803335.0	41.3465338	0.2872098	36000.0	1657917360.0	LECBP2R
4803335.0	41.34472140000001	0.3709091999999999	36000.0	1657917390.0	LECBP2R
4803335.0	41.343349	0.457691	36000.0	1657917420.0	LECBP2R
4803344.0	41.353054	-0.478438	35100.0	1657917210.0	LECBP2R
4803344.0	41.352589	-0.396323	35600.0	1657917240.0	LECBP2R
4803344.0	41.351902	-0.314404	36000.0	1657917270.0	LECBP2R
4803344.0	41.351234	-0.232752	36000.0	1657917300.0	LECBP2R
4803344.0	41.3506732	-0.1530076	36000.0	1657917330.0	LECBP2R
4803344.0	41.3498	-0.0713654	36000.0	1657917360.0	LECBP2R
4803344.0	41.348930200000005	0.0103152	36000.0	1657917390.0	LECBP2R
4803344.0	41.34798	0.094772	36000.0	1657917420.0	LECBP2R
4803344.0	41.346947	0.176441	36000.0	1657917450.0	LECBP2R
4803344.0	41.34589	0.258085	36000.0	1657917480.0	LECBP2R
4803344.0	41.344711	0.339772	36000.0	1657917510.0	LECBP2R
4803344.0	41.343529	0.421854	36000.0	1657917540.0	LECBP2R
4803357.0	41.0073222	-1.8073526	28620.0	1657916910.0	LECMCJL
4803357.0	40.95977880000001	-1.8631964000000003	26980.0	1657916940.0	LECMCJL
4803357.0	40.9132406	-1.917668	25620.0	1657916970.0	LECMCJL
4803357.0	40.867142	-1.9713924	24340.0	1657917000.0	LECMCJL
4803357.0	40.8375698	-2.0362862	23220.0	1657917030.0	LECMCJL
4803357.0	40.82166780000001	-2.1077910000000006	22180.0	1657917060.0	LECMCJL
4803358.0	39.5591072	-3.1546508	15000.0	1657916910.0	LECMCJL
4803358.0	39.53581280000001	-3.125834	15000.0	1657916940.0	LECMCJL
4803358.0	39.512504400000005	-3.0970286000000007	15000.0	1657916970.0	LECMCJL
4803358.0	39.489235400000005	-3.0683007999999994	15000.0	1657917000.0	LECMCJL
4803358.0	39.46595380000001	-3.0396612	15000.0	1657917030.0	LECMCJL
4803358.0	39.4426704	-3.0109639999999995	15000.0	1657917060.0	LECMCJL
4803358.0	39.4193384	-2.9822868	15000.0	1657917090.0	LECMCJL
4803358.0	39.396005	-2.953594	15000.0	1657917120.0	LECMCJL
4803358.0	39.372617	-2.9248630000000007	15000.0	1657917150.0	LECMCJL
4803358.0	39.3491334	-2.8960166000000003	15000.0	1657917180.0	LECMCJL
4803358.0	39.3256792	-2.8672314	15000.0	1657917210.0	LECMCJL
4803358.0	39.3022722	-2.838601	15000.0	1657917240.0	LECMCJL
4803358.0	39.278847600000006	-2.8099426	15000.0	1657917270.0	LECMCJL
4803358.0	39.25529579999999	-2.781129	15000.0	1657917300.0	LECMCJL
4803375.0	41.073994	0.142157	41000.0	1657916850.0	LECBP2R
4803375.0	41.015575	0.118809	41000.0	1657916880.0	LECBP2R
4803375.0	40.957363	0.095322	41000.0	1657916910.0	LECBP2R
4803375.0	40.899315	0.072069	41000.0	1657916940.0	LECBP2R
4803375.0	40.841377	0.048854	41000.0	1657916970.0	LECBP2R
4803375.0	40.783401	0.025745	41000.0	1657917000.0	LECBP2R
4803375.0	40.72711379999999	0.0032928	41000.0	1657917030.0	LECBP2R
4803375.0	40.6689724	-0.0196493999999999	39960.0	1657917060.0	LECBP2R
4803375.0	40.61168160000001	-0.0424646	38740.0	1657917090.0	LECBP2R
4803375.0	40.552071	-0.06647	37300.0	1657917120.0	LECBP2R
4803375.0	40.493645	-0.08999	35900.0	1657917150.0	LECBP2R
4803375.0	40.436001	-0.112852	35100.0	1657917180.0	LECBP2R
4803375.0	40.379879	-0.134922	34200.0	1657917210.0	LECBP2R
4803375.0	40.324459	-0.156469	33200.0	1657917240.0	LECBP2R
4803375.0	40.270172	-0.177939	32200.0	1657917270.0	LECBP2R
4803388.0	40.8774222	-0.7277191999999999	29000.0	1657917450.0	LECMCJL
4803388.0	40.8681426	-0.7925208	29000.0	1657917480.0	LECMCJL
4803388.0	40.85308500000001	-0.8559556000000001	29000.0	1657917510.0	LECMCJL
4803388.0	40.83586180000001	-0.918303	29000.0	1657917540.0	LECMCJL
4803388.0	40.818509	-0.9809162	29000.0	1657917570.0	LECMCJL
4803388.0	40.80113399999999	-1.0435059999999998	29000.0	1657917600.0	LECMCJL
4803388.0	40.7840874	-1.1046134000000003	29000.0	1657917630.0	LECMCJL
4803388.0	40.7669596	-1.1659497999999997	29000.0	1657917660.0	LECMCJL
4803388.0	40.7499948	-1.2268872000000002	29000.0	1657917690.0	LECMCJL
4803388.0	40.7330184	-1.2876707999999997	29000.0	1657917720.0	LECMCJL
4803388.0	40.71589540000001	-1.3482654000000005	29000.0	1657917750.0	LECMCJL
4803388.0	40.698821800000005	-1.4089918	29000.0	1657917780.0	LECMCJL
4803388.0	40.6816914	-1.4697732	29000.0	1657917810.0	LECMCJL
4803388.0	40.66458359999999	-1.5305262	28740.0	1657917840.0	LECMCJL
4803388.0	40.64757459999999	-1.590685	28240.0	1657917870.0	LECMCJL
4803388.0	40.63071820000001	-1.6503920000000003	27740.0	1657917900.0	LECMCJL
4803388.0	40.6135222	-1.7103725999999997	27240.0	1657917930.0	LECMCJL
4803388.0	40.596640400000005	-1.7694108	26740.0	1657917960.0	LECMCJL
4803397.0	41.546535	0.267641	37000.0	1657916850.0	LECBP2R
4803397.0	41.484753	0.252318	37000.0	1657916880.0	LECBP2R
4803397.0	41.422966	0.237045	37000.0	1657916910.0	LECBP2R
4803397.0	41.361126	0.221867	37000.0	1657916940.0	LECBP2R
4803397.0	41.299217	0.206629	37000.0	1657916970.0	LECBP2R
4803397.0	41.237186	0.191398	37000.0	1657917000.0	LECBP2R
4803397.0	41.176915400000006	0.176613	37000.0	1657917030.0	LECBP2R
4803397.0	41.11521640000001	0.1586359999999999	37000.0	1657917060.0	LECBP2R
4803397.0	41.054893	0.134643	37000.0	1657917090.0	LECBP2R
4803397.0	40.992798	0.109652	37000.0	1657917120.0	LECBP2R
4803397.0	40.932724	0.08553	37000.0	1657917150.0	LECBP2R
4803397.0	40.872684	0.061559	37000.0	1657917180.0	LECBP2R
4803397.0	40.812737	0.037717	37000.0	1657917210.0	LECBP2R
4803397.0	40.75333	0.013906	37000.0	1657917240.0	LECBP2R
4803397.0	40.694187	-0.009978	37000.0	1657917270.0	LECBP2R
4803397.0	40.63504	-0.033646	37000.0	1657917300.0	LECBP2R
4803397.0	40.57737566666667	-0.0565759999999999	37000.0	1657917330.0	LECBP2R
4803397.0	40.518687000000014	-0.079906	36740.0	1657917360.0	LECBP2R
4803397.0	40.45959680000001	-0.1032594	35720.0	1657917390.0	LECBP2R
4803397.0	40.399719	-0.126981	34500.0	1657917420.0	LECBP2R
4803397.0	40.340946	-0.150217	32900.0	1657917450.0	LECBP2R
4803397.0	40.281029	-0.173652	31800.0	1657917480.0	LECBP2R
4803410.0	42.1884642	-0.1854809999999999	34000.0	1657917630.0	LECBP2R
4803410.0	42.16018939999999	-0.1096191999999999	34100.0	1657917660.0	LECBP2R
4803410.0	42.13196320000001	-0.0337311999999999	34100.0	1657917690.0	LECBP2R
4803410.0	42.10376660000001	0.0420643999999999	34100.0	1657917720.0	LECBP2R
4803410.0	42.07552	0.1178169999999999	34080.0	1657917750.0	LECBP2R
4803410.0	42.046394	0.19604	34000.0	1657917780.0	LECBP2R
4803410.0	42.018108	0.271566	34000.0	1657917810.0	LECBP2R
4803410.0	41.989742	0.346917	34000.0	1657917840.0	LECBP2R
4803410.0	41.961411	0.422067	34000.0	1657917870.0	LECBP2R
4803410.0	41.933147	0.497263	34000.0	1657917900.0	LECBP2R
4803410.0	41.9055638	0.5702726000000001	34000.0	1657917930.0	LECBP2R
4803410.0	41.87711059999999	0.6454722	34000.0	1657917960.0	LECBP2R
4803429.0	42.063679	0.397705	37000.0	1657916850.0	LECBP2R
4803429.0	42.001411	0.38195	37000.0	1657916880.0	LECBP2R
4803429.0	41.93911	0.366335	37000.0	1657916910.0	LECBP2R
4803429.0	41.876835	0.350794	37000.0	1657916940.0	LECBP2R
4803429.0	41.814571	0.335237	37000.0	1657916970.0	LECBP2R
4803429.0	41.752354	0.319553	37000.0	1657917000.0	LECBP2R
4803429.0	41.69193940000001	0.304312	37000.0	1657917030.0	LECBP2R
4803429.0	41.6297788	0.2886796	37000.0	1657917060.0	LECBP2R
4803429.0	41.56763059999999	0.2731236000000001	37000.0	1657917090.0	LECBP2R
4803429.0	41.50341	0.257125	37000.0	1657917120.0	LECBP2R
4803429.0	41.441257	0.241716	37000.0	1657917150.0	LECBP2R
4803429.0	41.379051	0.226292	37000.0	1657917180.0	LECBP2R
4803429.0	41.316723	0.210875	37000.0	1657917210.0	LECBP2R
4803429.0	41.254227	0.195511	37000.0	1657917240.0	LECBP2R
4803429.0	41.191574	0.180133	37000.0	1657917270.0	LECBP2R
4803429.0	41.129002	0.164694	37000.0	1657917300.0	LECBP2R
4803429.0	41.0701508	0.1407251999999999	37000.0	1657917330.0	LECBP2R
4803429.0	41.00949179999999	0.1162674	37000.0	1657917360.0	LECBP2R
4803429.0	40.94892479999999	0.0919131999999999	37000.0	1657917390.0	LECBP2R
4803429.0	40.88641	0.066883	37000.0	1657917420.0	LECBP2R
4803429.0	40.826061	0.042841	37000.0	1657917450.0	LECBP2R
4803429.0	40.766239	0.018962	37000.0	1657917480.0	LECBP2R
4803429.0	40.706612	-0.005141	37000.0	1657917510.0	LECBP2R
4803429.0	40.647144	-0.029009	37000.0	1657917540.0	LECBP2R
4803429.0	40.587692	-0.052617	37000.0	1657917570.0	LECBP2R
4803429.0	40.528419	-0.076144	37000.0	1657917600.0	LECBP2R
4803429.0	40.469429	-0.099003	36100.0	1657917630.0	LECBP2R
4803429.0	40.4117098	-0.1210589999999999	34760.0	1657917660.0	LECBP2R
4803429.0	40.3523068	-0.1444752	33540.0	1657917690.0	LECBP2R
4803429.0	40.2931888	-0.1679835999999999	32520.0	1657917720.0	LECBP2R
4803429.0	40.234077	-0.191983	31600.0	1657917750.0	LECBP2R
4803446.0	42.65291580000001	0.5487442000000001	39000.0	1657916850.0	LECBP2R
4803446.0	42.58947799999999	0.53232	39000.0	1657916880.0	LECBP2R
4803446.0	42.526285400000006	0.5160467999999998	39000.0	1657916910.0	LECBP2R
4803446.0	42.46319379999999	0.5000878000000001	39000.0	1657916940.0	LECBP2R
4803446.0	42.398079	0.483476	39000.0	1657916970.0	LECBP2R
4803446.0	42.334717	0.467326	39000.0	1657917000.0	LECBP2R
4803446.0	42.27338080000001	0.4516940000000001	39000.0	1657917030.0	LECBP2R
4803446.0	42.210922200000006	0.4356388000000001	39000.0	1657917060.0	LECBP2R
4803446.0	42.14830780000001	0.4197269999999999	39000.0	1657917090.0	LECBP2R
4803446.0	42.083565	0.403273	39000.0	1657917120.0	LECBP2R
4803446.0	42.021366	0.387484	39000.0	1657917150.0	LECBP2R
4803446.0	41.959248	0.371992	39000.0	1657917180.0	LECBP2R
4803446.0	41.896774	0.356421	39000.0	1657917210.0	LECBP2R
4803446.0	41.834599	0.341053	39000.0	1657917240.0	LECBP2R
4803446.0	41.772331	0.325493	39000.0	1657917270.0	LECBP2R
4803446.0	41.710098	0.309827	39000.0	1657917300.0	LECBP2R
4803446.0	41.64956540000001	0.2945402000000001	39000.0	1657917330.0	LECBP2R
4803446.0	41.58721459999999	0.2788444	39000.0	1657917360.0	LECBP2R
4803446.0	41.5248092	0.2634574	39000.0	1657917390.0	LECBP2R
4803446.0	41.460545	0.247705	39000.0	1657917420.0	LECBP2R
4803446.0	41.398689	0.232376	39000.0	1657917450.0	LECBP2R
4803446.0	41.337032	0.217183	39000.0	1657917480.0	LECBP2R
4803446.0	41.27512	0.201711	39000.0	1657917510.0	LECBP2R
4803446.0	41.213268	0.186377	39000.0	1657917540.0	LECBP2R
4803446.0	41.151531	0.171135	39000.0	1657917570.0	LECBP2R
4803446.0	41.090809	0.150527	39000.0	1657917600.0	LECBP2R
4803446.0	41.030861	0.125628	39000.0	1657917630.0	LECBP2R
4803446.0	40.972786	0.1020126	39000.0	1657917660.0	LECBP2R
4803446.0	40.912946	0.0781114	39000.0	1657917690.0	LECBP2R
4803446.0	40.85375419999999	0.0544908	39000.0	1657917720.0	LECBP2R
4803446.0	40.79447519999999	0.0307589999999999	39000.0	1657917750.0	LECBP2R
4803446.0	40.733143	0.006394	39000.0	1657917780.0	LECBP2R
4803446.0	40.673855	-0.016926	39000.0	1657917810.0	LECBP2R
4803446.0	40.615009	-0.040281	38900.0	1657917840.0	LECBP2R
4803446.0	40.557407	-0.063356	38400.0	1657917870.0	LECBP2R
4803446.0	40.498581	-0.086873	37800.0	1657917900.0	LECBP2R
4803446.0	40.439114	-0.110621	36800.0	1657917930.0	LECBP2R
4803446.0	40.379623	-0.134044	35200.0	1657917960.0	LECBP2R
4803459.0	42.62987599999999	0.5418309999999998	37000.0	1657916970.0	LECBP2R
4803459.0	42.56911979999999	0.5262838	37000.0	1657917000.0	LECBP2R
4803459.0	42.50878780000001	0.5107919999999999	37000.0	1657917030.0	LECBP2R
4803459.0	42.44870440000001	0.4954788	37000.0	1657917060.0	LECBP2R
4803459.0	42.38846780000001	0.4801639999999999	37000.0	1657917090.0	LECBP2R
4803459.0	42.326118	0.464304	37000.0	1657917120.0	LECBP2R
4803459.0	42.265774	0.448917	37000.0	1657917150.0	LECBP2R
4803459.0	42.205456	0.433647	37000.0	1657917180.0	LECBP2R
4803459.0	42.145138	0.418382	37000.0	1657917210.0	LECBP2R
4803459.0	42.084778	0.403168	37000.0	1657917240.0	LECBP2R
4803459.0	42.024448	0.38787	37000.0	1657917270.0	LECBP2R
4803459.0	41.965527	0.373012	37000.0	1657917300.0	LECBP2R
4803459.0	41.90545640000001	0.3579087999999999	37000.0	1657917330.0	LECBP2R
4803459.0	41.845081400000005	0.3427774	37000.0	1657917360.0	LECBP2R
4803459.0	41.78489819999999	0.3276836	37000.0	1657917390.0	LECBP2R
4803459.0	41.722782	0.3121	37000.0	1657917420.0	LECBP2R
4803459.0	41.662712	0.296984	37000.0	1657917450.0	LECBP2R
4803459.0	41.602604	0.281895	37000.0	1657917480.0	LECBP2R
4803459.0	41.542446	0.266856	37000.0	1657917510.0	LECBP2R
4803459.0	41.4823	0.251888	37000.0	1657917540.0	LECBP2R
4803459.0	41.422085	0.237014	37000.0	1657917570.0	LECBP2R
4803459.0	41.361847	0.222121	37000.0	1657917600.0	LECBP2R
4803459.0	41.30329699999999	0.207668	37000.0	1657917630.0	LECBP2R
4803459.0	41.24302100000001	0.19285	37000.0	1657917660.0	LECBP2R
4803459.0	41.18272580000001	0.1780193999999999	37000.0	1657917690.0	LECBP2R
4803459.0	41.122502	0.1627144	37000.0	1657917720.0	LECBP2R
4803459.0	41.06397060000001	0.1382858	37000.0	1657917750.0	LECBP2R
4803459.0	41.00351	0.11401	37000.0	1657917780.0	LECBP2R
4803459.0	40.94508	0.090468	37000.0	1657917810.0	LECBP2R
4803459.0	40.886677	0.067076	37000.0	1657917840.0	LECBP2R
4803459.0	40.828453	0.043809	37000.0	1657917870.0	LECBP2R
4803459.0	40.770725	0.020682	37000.0	1657917900.0	LECBP2R
4803459.0	40.713024	-0.002517	37000.0	1657917930.0	LECBP2R
4803459.0	40.655418	-0.025635	37000.0	1657917960.0	LECBP2R
4803460.0	40.87149	0.258612	33400.0	1657917810.0	LECBP2R
4803460.0	40.871803	0.179619	34100.0	1657917840.0	LECBP2R
4803460.0	40.872044	0.10056	34600.0	1657917870.0	LECBP2R
4803460.0	40.872147	0.021349	35000.0	1657917900.0	LECBP2R
4803460.0	40.872253	-0.057446	35000.0	1657917930.0	LECBP2R
4803460.0	40.872284	-0.134987	35000.0	1657917960.0	LECBP2R
4803463.0	42.63951400000001	0.5442573999999998	41000.0	1657917000.0	LECBP2R
4803463.0	42.57888479999999	0.5290059999999999	41000.0	1657917030.0	LECBP2R
4803463.0	42.5182768	0.5136344	41000.0	1657917060.0	LECBP2R
4803463.0	42.457849800000005	0.4981896	41000.0	1657917090.0	LECBP2R
4803463.0	42.39587	0.482242	41000.0	1657917120.0	LECBP2R
4803463.0	42.336231	0.466859	41000.0	1657917150.0	LECBP2R
4803463.0	42.276287	0.451508	41000.0	1657917180.0	LECBP2R
4803463.0	42.216423	0.43634	41000.0	1657917210.0	LECBP2R
4803463.0	42.156651	0.421153	41000.0	1657917240.0	LECBP2R
4803463.0	42.096931	0.406105	41000.0	1657917270.0	LECBP2R
4803463.0	42.03868966666667	0.3913411666666667	41000.0	1657917300.0	LECBP2R
4803463.0	41.97924680000001	0.3763486	41000.0	1657917330.0	LECBP2R
4803463.0	41.9194936	0.3613587999999999	41000.0	1657917360.0	LECBP2R
4803463.0	41.8596444	0.3462891999999999	41000.0	1657917390.0	LECBP2R
4803463.0	41.797321	0.330568	41000.0	1657917420.0	LECBP2R
4803463.0	41.736938	0.315267	41000.0	1657917450.0	LECBP2R
4803463.0	41.676487	0.30015	41000.0	1657917480.0	LECBP2R
4803463.0	41.615883	0.285107	41000.0	1657917510.0	LECBP2R
4803463.0	41.555172	0.27007	41000.0	1657917540.0	LECBP2R
4803463.0	41.494343	0.255017	41000.0	1657917570.0	LECBP2R
4803463.0	41.433475	0.239925	41000.0	1657917600.0	LECBP2R
4803463.0	41.3743802	0.225321	41000.0	1657917630.0	LECBP2R
4803463.0	41.3136676	0.2103021999999999	41000.0	1657917660.0	LECBP2R
4803463.0	41.2536592	0.195489	41000.0	1657917690.0	LECBP2R
4803463.0	41.19436239999999	0.180916	41000.0	1657917720.0	LECBP2R
4803463.0	41.13510419999999	0.166336	41000.0	1657917750.0	LECBP2R
4803463.0	41.075603	0.142947	41000.0	1657917780.0	LECBP2R
4803463.0	41.017986	0.119849	41000.0	1657917810.0	LECBP2R
4803463.0	40.960526	0.096611	41000.0	1657917840.0	LECBP2R
4803463.0	40.902931	0.073459	41000.0	1657917870.0	LECBP2R
4803463.0	40.844975	0.050263	41000.0	1657917900.0	LECBP2R
4803463.0	40.786648	0.027026	41000.0	1657917930.0	LECBP2R
4803463.0	40.728466	0.003694	41000.0	1657917960.0	LECBP2R
4803472.0	39.5787126	-2.9869884	24000.0	1657917870.0	LECMCJL
4803472.0	39.5546042	-2.9305408	24000.0	1657917900.0	LECMCJL
4803472.0	39.5305674	-2.8742926000000004	24000.0	1657917930.0	LECMCJL
4803472.0	39.5065646	-2.818219	24000.0	1657917960.0	LECMCJL
4803477.0	42.66381340000001	0.5453310000000001	37000.0	1657917120.0	LECBP2R
4803477.0	42.60134359999999	0.5341834	37000.0	1657917150.0	LECBP2R
4803477.0	42.53967939999999	0.5186280000000001	37000.0	1657917180.0	LECBP2R
4803477.0	42.47795339999999	0.5028099999999999	37000.0	1657917210.0	LECBP2R
4803477.0	42.41444	0.486686	37000.0	1657917240.0	LECBP2R
4803477.0	42.352684	0.470982	37000.0	1657917270.0	LECBP2R
4803477.0	42.29276620000001	0.4557259999999999	37000.0	1657917300.0	LECBP2R
4803477.0	42.23110939999999	0.4400648	37000.0	1657917330.0	LECBP2R
4803477.0	42.1699002	0.4245802	37000.0	1657917360.0	LECBP2R
4803477.0	42.10838000000001	0.4091231999999999	37000.0	1657917390.0	LECBP2R
4803477.0	42.044701	0.393091	37000.0	1657917420.0	LECBP2R
4803477.0	41.983284	0.37749	37000.0	1657917450.0	LECBP2R
4803477.0	41.921879	0.362006	37000.0	1657917480.0	LECBP2R
4803477.0	41.860687	0.346637	37000.0	1657917510.0	LECBP2R
4803477.0	41.799442	0.331252	37000.0	1657917540.0	LECBP2R
4803477.0	41.738178	0.31594	37000.0	1657917570.0	LECBP2R
4803477.0	41.676842	0.300656	37000.0	1657917600.0	LECBP2R
4803477.0	41.6171638	0.2857414	37000.0	1657917630.0	LECBP2R
4803477.0	41.555654800000006	0.2703381999999999	37000.0	1657917660.0	LECBP2R
4803477.0	41.4940738	0.254981	37000.0	1657917690.0	LECBP2R
4803477.0	41.43224860000001	0.2397082	37000.0	1657917720.0	LECBP2R
4803477.0	41.3706346	0.2245047999999999	37000.0	1657917750.0	LECBP2R
4803477.0	41.306938	0.208789	37000.0	1657917780.0	LECBP2R
4803477.0	41.245358	0.193636	37000.0	1657917810.0	LECBP2R
4803477.0	41.183773	0.178466	37000.0	1657917840.0	LECBP2R
4803477.0	41.122654	0.161619	37000.0	1657917870.0	LECBP2R
4803477.0	41.062805	0.138415	37000.0	1657917900.0	LECBP2R
4803477.0	41.003242	0.113992	37000.0	1657917930.0	LECBP2R
4803477.0	40.943756	0.089985	37000.0	1657917960.0	LECBP2R
4803504.0	42.6369808	0.5433364	37000.0	1657917450.0	LECBP2R
4803504.0	42.57373379999999	0.5273521999999999	37000.0	1657917480.0	LECBP2R
4803504.0	42.5104058	0.5111796000000001	37000.0	1657917510.0	LECBP2R
4803504.0	42.445362	0.494594	37000.0	1657917540.0	LECBP2R
4803504.0	42.382172	0.478487	37000.0	1657917570.0	LECBP2R
4803504.0	42.319042	0.462432	37000.0	1657917600.0	LECBP2R
4803504.0	42.25771439999999	0.4468138000000001	37000.0	1657917630.0	LECBP2R
4803504.0	42.19464179999999	0.430774	37000.0	1657917660.0	LECBP2R
4803504.0	42.1317236	0.414808	37000.0	1657917690.0	LECBP2R
4803504.0	42.06870059999999	0.398895	37000.0	1657917720.0	LECBP2R
4803504.0	42.00575039999999	0.3830117999999999	37000.0	1657917750.0	LECBP2R
4803504.0	41.940742	0.366671	37000.0	1657917780.0	LECBP2R
4803504.0	41.877884	0.350914	37000.0	1657917810.0	LECBP2R
4803504.0	41.816441	0.335569	36600.0	1657917840.0	LECBP2R
4803504.0	41.755192	0.319937	35000.0	1657917870.0	LECBP2R
4803504.0	41.693069	0.30419	33600.0	1657917900.0	LECBP2R
4803504.0	41.630508	0.288545	32100.0	1657917930.0	LECBP2R
4803504.0	41.567848	0.272974	31000.0	1657917960.0	LECBP2R
4803509.0	42.67307620000001	0.5525669999999999	35000.0	1657917480.0	LECBP2R
4803509.0	42.61121639999999	0.5370194	35000.0	1657917510.0	LECBP2R
4803509.0	42.54936039999999	0.5208168000000001	35000.0	1657917540.0	LECBP2R
4803509.0	42.4873364	0.5051239999999998	35000.0	1657917570.0	LECBP2R
4803509.0	42.423485	0.48917	35000.0	1657917600.0	LECBP2R
4803509.0	42.363196	0.4739706000000001	35000.0	1657917630.0	LECBP2R
4803509.0	42.301184000000006	0.4581190000000001	35000.0	1657917660.0	LECBP2R
4803509.0	42.23947820000001	0.4424001999999999	35000.0	1657917690.0	LECBP2R
4803509.0	42.17879739999999	0.4221287999999999	35000.0	1657917720.0	LECBP2R
4803509.0	42.1209806	0.3909276000000001	35000.0	1657917750.0	LECBP2R
4803509.0	42.06179	0.357053	35000.0	1657917780.0	LECBP2R
4803509.0	42.004326	0.324873	35000.0	1657917810.0	LECBP2R
4803509.0	41.946903	0.292815	35000.0	1657917840.0	LECBP2R
4803509.0	41.889572	0.260945	35000.0	1657917870.0	LECBP2R
4803509.0	41.832146	0.22902	35000.0	1657917900.0	LECBP2R
4803509.0	41.774658	0.197106	35000.0	1657917930.0	LECBP2R
4803509.0	41.717094	0.165226	35000.0	1657917960.0	LECBP2R
4803523.0	42.6430172	0.5451367999999999	37000.0	1657917630.0	LECBP2R
4803523.0	42.58064300000001	0.5289915999999999	37000.0	1657917660.0	LECBP2R
4803523.0	42.518237000000006	0.5129814000000001	37000.0	1657917690.0	LECBP2R
4803523.0	42.45576879999999	0.4973217999999999	37000.0	1657917720.0	LECBP2R
4803523.0	42.39374199999999	0.4815650000000001	37000.0	1657917750.0	LECBP2R
4803523.0	42.329357	0.46512	37000.0	1657917780.0	LECBP2R
4803523.0	42.267124	0.449282	37000.0	1657917810.0	LECBP2R
4803523.0	42.204941	0.433474	37000.0	1657917840.0	LECBP2R
4803523.0	42.14278	0.417672	37000.0	1657917870.0	LECBP2R
4803523.0	42.080605	0.40199	37000.0	1657917900.0	LECBP2R
4803523.0	42.01844	0.386359	37000.0	1657917930.0	LECBP2R
4803523.0	41.956253	0.37069	37000.0	1657917960.0	LECBP2R
4803540.0	42.46033500000001	0.498333	30800.0	1657917870.0	LECBP2R
4803540.0	42.3936	0.481301	31600.0	1657917900.0	LECBP2R
4803540.0	42.32822	0.464729	32500.0	1657917930.0	LECBP2R
4803540.0	42.263653	0.448403	33600.0	1657917960.0	LECBP2R
