RTKey	Lat	Lon	Alt	Unixtime	Sector
6124586.0	41.64013679999999	4.076232400000001	40000.0	1675112190.0	LECBMNU
6124586.0	41.65485219999999	4.1683042000000015	40000.0	1675112220.0	LECBMNU
6124586.0	41.6709594	4.260081599999999	40000.0	1675112250.0	LECBMNU
6124586.0	41.6882962	4.351512599999999	40000.0	1675112280.0	LECBMNU
6124586.0	41.70596179999999	4.443130199999999	40000.0	1675112310.0	LECBMNU
6124586.0	41.7234356	4.5346994	40000.0	1675112340.0	LECBMNU
6124586.0	41.740347400000005	4.626578199999999	40000.0	1675112370.0	LECBMNU
6124664.0	41.764774	4.0827014	36000.0	1675111350.0	LECBMNU
6124664.0	41.8075268	4.153695600000002	36000.0	1675111380.0	LECBMNU
6124664.0	41.85036	4.225152200000001	36000.0	1675111410.0	LECBMNU
6124664.0	41.89305359999999	4.2964924	36000.0	1675111440.0	LECBMNU
6124664.0	41.93565700000001	4.367935400000001	36000.0	1675111470.0	LECBMNU
6124664.0	41.9783928	4.439560599999999	36000.0	1675111500.0	LECBMNU
6124664.0	42.02127740000001	4.511658400000001	36000.0	1675111530.0	LECBMNU
6124682.0	41.644682800000005	4.106489799999999	34000.0	1675111440.0	LECBMNU
6124682.0	41.658691	4.193985399999999	34000.0	1675111470.0	LECBMNU
6124682.0	41.67281560000001	4.281413200000001	34000.0	1675111500.0	LECBMNU
6124682.0	41.68684460000001	4.3689018000000015	34000.0	1675111530.0	LECBMNU
6124682.0	41.70083119999999	4.456510799999999	34000.0	1675111560.0	LECBMNU
6124682.0	41.7341802	4.5327326	34000.0	1675111590.0	LECBMNU
6124682.0	41.77938299999999	4.594751999999999	34000.0	1675111620.0	LECBMNU
6124682.0	41.82533480000001	4.655841399999999	34000.0	1675111650.0	LECBMNU
6124700.0	40.9936184	3.9268308000000007	34000.0	1675111440.0	LECBMNU
6124700.0	40.9766734	4.020575600000002	34000.0	1675111470.0	LECBMNU
6124700.0	40.959481800000006	4.114738000000001	34000.0	1675111500.0	LECBMNU
6124700.0	40.942319000000005	4.208345399999999	34000.0	1675111530.0	LECBMNU
6124700.0	40.9251546	4.3018226	34000.0	1675111560.0	LECBMNU
6124700.0	40.9078696	4.395181399999999	34000.0	1675111590.0	LECBMNU
6124700.0	40.8904836	4.488441399999998	34000.0	1675111620.0	LECBMNU
6124700.0	40.87292300000001	4.581561399999998	34000.0	1675111650.0	LECBMNU
6124735.0	41.8950554	4.434931199999999	36000.0	1675111170.0	LECBMNU
6124735.0	41.93863960000001	4.506458800000002	36000.0	1675111200.0	LECBMNU
6124735.0	41.9823394	4.577870600000002	36000.0	1675111230.0	LECBMNU
6124778.0	39.39150139999999	1.8441326	38000.0	1675111470.0	LECBBAS
6124778.0	39.4084394	1.9298516	38000.0	1675111500.0	LECBBAS
6124778.0	39.42655999999999	2.0148472	38000.0	1675111530.0	LECBBAS
6124778.0	39.44481420000001	2.1001462000000006	38000.0	1675111560.0	LECBBAS
6124778.0	39.46273240000001	2.1855288000000006	38000.0	1675111590.0	LECBBAS
6124778.0	39.48067979999999	2.2710546	38000.0	1675111620.0	LECBBAS
6124778.0	39.49881420000001	2.3570411999999994	38000.0	1675111650.0	LECBBAS
6124778.0	39.51701739999999	2.443460999999999	38000.0	1675111680.0	LECBBAS
6124778.0	39.53495800000001	2.5302974	38000.0	1675111710.0	LECBBAS
6124778.0	39.5528672	2.6170908000000006	38000.0	1675111740.0	LECBBAS
6124778.0	39.57066840000001	2.7034784000000003	38000.0	1675111770.0	LECBBAS
6124778.0	39.58836380000001	2.7897838000000004	38000.0	1675111800.0	LECBBAS
6124778.0	39.60601019999999	2.8761144000000005	38000.0	1675111830.0	LECBBAS
6124778.0	39.6235558	2.9620854	38000.0	1675111860.0	LECBBAS
6124778.0	39.6419086	3.0492733999999992	38000.0	1675111890.0	LECBBAS
6124778.0	39.65890699999999	3.1346242	38000.0	1675111920.0	LECBBAS
6124778.0	39.67638580000001	3.2206728	38000.0	1675111950.0	LECBBAS
6124778.0	39.69349779999999	3.3067944000000007	38000.0	1675111980.0	LECBBAS
6124778.0	39.71045	3.392854	38000.0	1675112010.0	LECBBAS
6124778.0	39.7274438	3.4786764000000003	38000.0	1675112040.0	LECBBAS
6124778.0	39.74450480000001	3.5645266	38000.0	1675112070.0	LECBBAS
6124778.0	39.7615982	3.6505373999999993	38000.0	1675112100.0	LECBBAS
6124778.0	39.7785784	3.7367168	38000.0	1675112130.0	LECBBAS
6124778.0	39.79520699999999	3.823095200000001	38000.0	1675112160.0	LECBBAS
6124778.0	39.81187820000001	3.9095428	38000.0	1675112190.0	LECBBAS
6124778.0	39.82875719999999	3.9964391999999993	38000.0	1675112220.0	LECBBAS
6124778.0	39.8454708	4.083003200000001	38000.0	1675112250.0	LECBBAS
6124778.0	39.862065400000006	4.1694804	38000.0	1675112280.0	LECBBAS
6124778.0	39.8785596	4.256085999999999	38000.0	1675112310.0	LECBBAS
6124778.0	39.8950998	4.342654200000001	38000.0	1675112340.0	LECBBAS
6124778.0	39.91161179999999	4.429530800000001	38000.0	1675112370.0	LECBBAS
6124778.0	39.92875159999999	4.515617599999999	38000.0	1675112400.0	LECBBAS
6124778.0	39.9486908	4.6008454	38000.0	1675112430.0	LECBBAS
6124791.0	40.99410339999999	3.9224574	40000.0	1675111950.0	LECBMNU
6124791.0	40.9765928	4.019075399999999	40000.0	1675111980.0	LECBMNU
6124791.0	40.9587008	4.1165878	40000.0	1675112010.0	LECBMNU
6124791.0	40.94100000000001	4.213006600000001	40000.0	1675112040.0	LECBMNU
6124791.0	40.923247200000006	4.309312	40000.0	1675112070.0	LECBMNU
6124791.0	40.9054056	4.405453799999999	40000.0	1675112100.0	LECBMNU
6124791.0	40.88753560000001	4.501447599999999	40000.0	1675112130.0	LECBMNU
6124791.0	40.8732304	4.5983484	40000.0	1675112160.0	LECBMNU
6124851.0	40.65845040000001	4.020877800000001	40000.0	1675111170.0	LECBMNU
6124851.0	40.7208414	4.057580599999999	40000.0	1675111200.0	LECBMNU
6124851.0	40.7831778	4.0943728	40000.0	1675111230.0	LECBMNU
6124851.0	40.84552159999999	4.131332	40000.0	1675111260.0	LECBMNU
6124851.0	40.9079236	4.1682536	40000.0	1675111290.0	LECBMNU
6124851.0	40.9704522	4.205300000000001	40000.0	1675111320.0	LECBMNU
6124851.0	41.0334274	4.242798599999999	40000.0	1675111350.0	LECBMNU
6124851.0	41.096265	4.2802968	40000.0	1675111380.0	LECBMNU
6124851.0	41.15913079999999	4.317873399999999	40000.0	1675111410.0	LECBMNU
6124851.0	41.22225340000001	4.355839799999998	40000.0	1675111440.0	LECBMNU
6124851.0	41.28491639999999	4.393840600000002	40000.0	1675111470.0	LECBMNU
6124851.0	41.34743820000001	4.431779	40000.0	1675111500.0	LECBMNU
6124851.0	41.4089058	4.471574200000001	40000.0	1675111530.0	LECBMNU
6124851.0	41.47006480000001	4.5124270000000015	40000.0	1675111560.0	LECBMNU
6124851.0	41.531401800000005	4.553125799999999	40000.0	1675111590.0	LECBMNU
6124851.0	41.5928346	4.593557199999999	40000.0	1675111620.0	LECBMNU
6124851.0	41.6543196	4.633890399999999	40000.0	1675111650.0	LECBMNU
6124861.0	41.43158460000001	4.501177199999999	34580.0	1675111170.0	LECBMNU
6124861.0	41.49178380000001	4.538666399999999	35160.0	1675111200.0	LECBMNU
6124861.0	41.55140819999999	4.577431600000001	35480.0	1675111230.0	LECBMNU
6124861.0	41.61113040000001	4.616365400000001	35980.0	1675111260.0	LECBMNU
6124861.0	41.670668000000006	4.6555996	36000.0	1675111290.0	LECBMNU
6124863.0	41.6466194	4.1138638	36000.0	1675112010.0	LECBMNU
6124863.0	41.6639742	4.2058314	36000.0	1675112040.0	LECBMNU
6124863.0	41.68120119999999	4.297684	36000.0	1675112070.0	LECBMNU
6124863.0	41.69849119999999	4.389515599999998	36000.0	1675112100.0	LECBMNU
6124863.0	41.7152054	4.481596200000001	36000.0	1675112130.0	LECBMNU
6124863.0	41.73161580000001	4.5739668	36000.0	1675112160.0	LECBMNU
6124875.0	41.73782699999999	4.5009728	32600.0	1675111200.0	LECBMNU
6124875.0	41.78524979999999	4.5669262	33000.0	1675111230.0	LECBMNU
6124875.0	41.8338588	4.6306088	33000.0	1675111260.0	LECBMNU
6124900.0	40.3375046	3.1332620000000007	29520.0	1675111200.0	LECBBAS
6124900.0	40.2774778	3.1305656	28920.0	1675111230.0	LECBBAS
6124900.0	40.218286	3.1278242	28340.0	1675111260.0	LECBBAS
6124900.0	40.1589868	3.1251762	27820.0	1675111290.0	LECBBAS
6124900.0	40.10013119999999	3.1224952	27240.0	1675111320.0	LECBBAS
6124900.0	40.04173300000001	3.1199398000000005	26720.0	1675111350.0	LECBBAS
6124900.0	39.9841208	3.1173468000000004	26120.0	1675111380.0	LECBBAS
6124900.0	39.92768400000001	3.1104454000000006	25620.0	1675111410.0	LECBBAS
6124900.0	39.87917680000001	3.078731400000001	25120.0	1675111440.0	LECBBAS
6124900.0	39.83232560000001	3.0446956	24620.0	1675111470.0	LECBBAS
6124913.0	40.45128719999999	4.355318000000001	36000.0	1675111170.0	LECBMNU
6124913.0	40.5146498	4.370463399999998	35820.0	1675111200.0	LECBMNU
6124913.0	40.57773180000001	4.3856042	35700.0	1675111230.0	LECBMNU
6124913.0	40.640843	4.400610399999999	35500.0	1675111260.0	LECBMNU
6124913.0	40.70371379999999	4.415459600000001	35300.0	1675111290.0	LECBMNU
6124913.0	40.76652159999999	4.430489000000001	35100.0	1675111320.0	LECBMNU
6124913.0	40.82948759999999	4.445876200000001	34820.0	1675111350.0	LECBMNU
6124913.0	40.89239660000001	4.4612438	34600.0	1675111380.0	LECBMNU
6124913.0	40.95499219999999	4.476362799999999	34400.0	1675111410.0	LECBMNU
6124913.0	41.017760800000005	4.4912082	34200.0	1675111440.0	LECBMNU
6124913.0	41.080503400000005	4.506349799999999	34000.0	1675111470.0	LECBMNU
6124913.0	41.1432426	4.521624	33700.0	1675111500.0	LECBMNU
6124913.0	41.2060834	4.536973399999999	33400.0	1675111530.0	LECBMNU
6124913.0	41.26922080000001	4.5524574000000015	32820.0	1675111560.0	LECBMNU
6124916.0	41.17434700000001	4.44243	32880.0	1675111440.0	LECBMNU
6124916.0	41.23771479999999	4.4675114	33460.0	1675111470.0	LECBMNU
6124916.0	41.301729	4.4927584	33980.0	1675111500.0	LECBMNU
6124916.0	41.365339600000006	4.518455999999999	34680.0	1675111530.0	LECBMNU
6124916.0	41.42854039999999	4.544557400000001	35380.0	1675111560.0	LECBMNU
6124916.0	41.48927699999999	4.577264200000001	36080.0	1675111590.0	LECBMNU
6124916.0	41.54933579999999	4.6161872	36580.0	1675111620.0	LECBMNU
6124916.0	41.6094074	4.6546496	36900.0	1675111650.0	LECBMNU
6124940.0	41.12880220000001	4.517732799999999	32680.0	1675111620.0	LECBMNU
6124940.0	41.19281380000001	4.533207999999998	33180.0	1675111650.0	LECBMNU
6124940.0	41.25720180000001	4.548813599999999	33580.0	1675111680.0	LECBMNU
6124940.0	41.3212356	4.564561800000002	34180.0	1675111710.0	LECBMNU
6124940.0	41.38512259999999	4.580348599999999	34580.0	1675111740.0	LECBMNU
6124940.0	41.44796739999999	4.595808399999999	35180.0	1675111770.0	LECBMNU
6124940.0	41.51056420000001	4.611252800000001	35680.0	1675111800.0	LECBMNU
6124940.0	41.572806000000014	4.626701400000001	36000.0	1675111830.0	LECBMNU
6124940.0	41.6352318	4.642322600000001	36000.0	1675111860.0	LECBMNU
6124946.0	38.58376640000001	2.2428302000000007	32000.0	1675111170.0	LECBBAS
6124946.0	38.63642099999999	2.2981152	32000.0	1675111200.0	LECBBAS
6124946.0	38.689095	2.353363399999999	32000.0	1675111230.0	LECBBAS
6124946.0	38.7418258	2.408895200000001	32000.0	1675111260.0	LECBBAS
6124946.0	38.79472040000001	2.4649088	32000.0	1675111290.0	LECBBAS
6124946.0	38.847514	2.5206034	32000.0	1675111320.0	LECBBAS
6124946.0	38.900587	2.5767458000000003	32000.0	1675111350.0	LECBBAS
6124946.0	38.9538884	2.6333531999999997	32000.0	1675111380.0	LECBBAS
6124946.0	39.0069524	2.689806800000001	32000.0	1675111410.0	LECBBAS
6124946.0	39.06000120000001	2.746358	32000.0	1675111440.0	LECBBAS
6124946.0	39.11332779999999	2.8033821999999997	32000.0	1675111470.0	LECBBAS
6124946.0	39.16632619999999	2.8602200000000004	32000.0	1675111500.0	LECBBAS
6124946.0	39.219291000000005	2.9171950000000004	32000.0	1675111530.0	LECBBAS
6124946.0	39.272212	2.974225	32000.0	1675111560.0	LECBBAS
6124946.0	39.3250704	3.0312807999999998	32000.0	1675111590.0	LECBBAS
6124946.0	39.37803139999999	3.088322200000001	32000.0	1675111620.0	LECBBAS
6124946.0	39.43087599999999	3.1454912	32000.0	1675111650.0	LECBBAS
6124946.0	39.48366340000001	3.2024573999999992	32000.0	1675111680.0	LECBBAS
6124946.0	39.5362658	3.259159999999999	32000.0	1675111710.0	LECBBAS
6124946.0	39.58879319999999	3.3162917999999992	32000.0	1675111740.0	LECBBAS
6124946.0	39.6411386	3.3732556	32000.0	1675111770.0	LECBBAS
6124946.0	39.69399999999999	3.4289828000000004	32000.0	1675111800.0	LECBBAS
6124946.0	39.75107099999999	3.4754300000000007	32000.0	1675111830.0	LECBBAS
6124946.0	39.80919159999999	3.5196314	32000.0	1675111860.0	LECBBAS
6124946.0	39.86737340000001	3.564131	32000.0	1675111890.0	LECBBAS
6124946.0	39.92549619999999	3.608726	32000.0	1675111920.0	LECBBAS
6124946.0	39.98362800000001	3.6532552	32000.0	1675111950.0	LECBBAS
6124948.0	39.01519160000001	1.8092464000000004	33380.0	1675111530.0	LECBBAS
6124948.0	39.039517200000006	1.8927308000000005	33880.0	1675111560.0	LECBBAS
6124948.0	39.06401820000001	1.977105	34300.0	1675111590.0	LECBBAS
6124948.0	39.08841479999999	2.0610484	34980.0	1675111620.0	LECBBAS
6124948.0	39.112633	2.1447784000000008	35680.0	1675111650.0	LECBBAS
6124948.0	39.136415600000014	2.2278443999999995	36280.0	1675111680.0	LECBBAS
6124948.0	39.160437	2.311102799999999	36880.0	1675111710.0	LECBBAS
6124948.0	39.1839712	2.3934834	37480.0	1675111740.0	LECBBAS
6124948.0	39.20754600000001	2.4759088	37880.0	1675111770.0	LECBBAS
6124948.0	39.2311842	2.5585144000000004	38000.0	1675111800.0	LECBBAS
6124948.0	39.25502680000001	2.642771599999999	38000.0	1675111830.0	LECBBAS
6124948.0	39.27823679999999	2.7264470000000007	38000.0	1675111860.0	LECBBAS
6124948.0	39.3016896	2.8102518	38000.0	1675111890.0	LECBBAS
6124948.0	39.32526979999999	2.8943136000000003	38000.0	1675111920.0	LECBBAS
6124948.0	39.349297600000014	2.9785852	38000.0	1675111950.0	LECBBAS
6124948.0	39.373270800000014	3.0630130000000007	38000.0	1675111980.0	LECBBAS
6124948.0	39.40019420000001	3.1456926000000003	38000.0	1675112010.0	LECBBAS
6124948.0	39.4371592	3.2212027999999995	38000.0	1675112040.0	LECBBAS
6124948.0	39.48542039999999	3.282817	38000.0	1675112070.0	LECBBAS
6124948.0	39.54096039999999	3.3315828	38000.0	1675112100.0	LECBBAS
6124948.0	39.5998192	3.3698132000000007	38000.0	1675112130.0	LECBBAS
6124948.0	39.658568	3.4087926	38000.0	1675112160.0	LECBBAS
6124948.0	39.71646739999999	3.449565600000001	38000.0	1675112190.0	LECBBAS
6124948.0	39.77409480000001	3.4927424000000005	38000.0	1675112220.0	LECBBAS
6124948.0	39.8312282	3.5362652000000003	38000.0	1675112250.0	LECBBAS
6124948.0	39.888200000000005	3.579734	38000.0	1675112280.0	LECBBAS
6124948.0	39.9447976	3.6230382	38000.0	1675112310.0	LECBBAS
6124948.0	40.001453800000014	3.6662906	38000.0	1675112340.0	LECBBAS
6124948.0	40.058241	3.709810799999999	38000.0	1675112370.0	LECBMNU
6124948.0	40.1148432	3.7533979999999993	38000.0	1675112400.0	LECBMNU
6124948.0	40.171490000000006	3.7970514	38000.0	1675112430.0	LECBMNU
6124948.0	40.2287662	3.8411454000000007	38000.0	1675112460.0	LECBMNU
6124948.0	40.2862188	3.885456800000001	38000.0	1675112490.0	LECBMNU
6124948.0	40.3436786	3.9299492	38000.0	1675112520.0	LECBMNU
6124948.0	40.4013294	3.9746824000000007	38000.0	1675112550.0	LECBMNU
6124948.0	40.4593544	4.019849399999999	38000.0	1675112580.0	LECBMNU
6124948.0	40.517413	4.0651662	38000.0	1675112610.0	LECBMNU
6124948.0	40.57515500000001	4.1102594	38000.0	1675112640.0	LECBMNU
6124948.0	40.63287699999999	4.1554350000000015	38000.0	1675112670.0	LECBMNU
6124948.0	40.6932958	4.191792799999999	38000.0	1675112700.0	LECBMNU
6124957.0	39.80592560000001	4.204467799999999	34100.0	1675111170.0	LECBBAS
6124957.0	39.8679306	4.216695399999999	34100.0	1675111200.0	LECBBAS
6124957.0	39.92978	4.2294122	34080.0	1675111230.0	LECBBAS
6124957.0	39.9912038	4.245072199999999	34100.0	1675111260.0	LECBBAS
6124957.0	40.05289079999999	4.259835000000001	34100.0	1675111290.0	LECBMNU
6124957.0	40.11458679999999	4.2746618	34100.0	1675111320.0	LECBMNU
6124957.0	40.17636679999999	4.289416200000001	34100.0	1675111350.0	LECBMNU
6124957.0	40.23826379999999	4.30407	34100.0	1675111380.0	LECBMNU
6124957.0	40.30019939999999	4.318657399999999	34100.0	1675111410.0	LECBMNU
6124957.0	40.36250879999999	4.333081199999999	34100.0	1675111440.0	LECBMNU
6124957.0	40.42442879999999	4.347387800000001	34100.0	1675111470.0	LECBMNU
6124957.0	40.48580819999999	4.361694000000001	34100.0	1675111500.0	LECBMNU
6124957.0	40.54644500000001	4.376447399999998	34100.0	1675111530.0	LECBMNU
6124957.0	40.6072702	4.391151000000001	34100.0	1675111560.0	LECBMNU
6124957.0	40.66818019999999	4.4057598	34100.0	1675111590.0	LECBMNU
6124957.0	40.7290622	4.420307999999999	34100.0	1675111620.0	LECBMNU
6124957.0	40.78996500000001	4.434840800000001	34100.0	1675111650.0	LECBMNU
6124957.0	40.85112680000001	4.449427200000001	34100.0	1675111680.0	LECBMNU
6124957.0	40.91210000000001	4.464095	34100.0	1675111710.0	LECBMNU
6124957.0	40.9730012	4.478716599999999	34100.0	1675111740.0	LECBMNU
6124957.0	41.033911	4.493341599999999	34100.0	1675111770.0	LECBMNU
6124957.0	41.09487800000001	4.508015000000001	34100.0	1675111800.0	LECBMNU
6124957.0	41.155899800000014	4.522892	34100.0	1675111830.0	LECBMNU
6124957.0	41.2169426	4.5379366	33920.0	1675111860.0	LECBMNU
6124957.0	41.27800860000001	4.553037600000001	33320.0	1675111890.0	LECBMNU
6124957.0	41.33873640000001	4.5678638	32800.0	1675111920.0	LECBMNU
6124965.0	40.34417019999999	3.1339886	35000.0	1675111620.0	LECBBAS
6124965.0	40.28264299999999	3.131241	35000.0	1675111650.0	LECBBAS
6124965.0	40.2210128	3.1284438000000008	35000.0	1675111680.0	LECBBAS
6124965.0	40.15903180000001	3.1256038000000004	35000.0	1675111710.0	LECBBAS
6124965.0	40.0972058	3.1228435999999995	35000.0	1675111740.0	LECBBAS
6124965.0	40.03510559999999	3.1200698000000004	35000.0	1675111770.0	LECBBAS
6124965.0	39.97337180000001	3.1172424	35000.0	1675111800.0	LECBBAS
6124965.0	39.91154040000001	3.1146616	35000.0	1675111830.0	LECBBAS
6124965.0	39.84959279999999	3.116865	35000.0	1675111860.0	LECBBAS
6124965.0	39.78760039999999	3.1182952	35000.0	1675111890.0	LECBBAS
6124965.0	39.7255942	3.119486	35000.0	1675111920.0	LECBBAS
6124965.0	39.663604	3.1209614	35000.0	1675111950.0	LECBBAS
6124965.0	39.601676	3.122553199999999	35000.0	1675111980.0	LECBBAS
6124965.0	39.53880819999999	3.1236956000000005	35000.0	1675112010.0	LECBBAS
6124965.0	39.476592	3.1256938000000005	35000.0	1675112040.0	LECBBAS
6124965.0	39.41381700000001	3.1262849999999998	35000.0	1675112070.0	LECBBAS
6124965.0	39.35139199999999	3.127308	35000.0	1675112100.0	LECBBAS
6124965.0	39.288779600000005	3.128483	35000.0	1675112130.0	LECBBAS
6124965.0	39.22617380000001	3.129644800000001	35000.0	1675112160.0	LECBBAS
6124965.0	39.1635078	3.1307187999999995	35000.0	1675112190.0	LECBBAS
6124965.0	39.100905800000014	3.131887399999999	35000.0	1675112220.0	LECBBAS
6124965.0	39.03833779999999	3.1330947999999994	35000.0	1675112250.0	LECBBAS
6124965.0	38.97580059999999	3.1343570000000005	35000.0	1675112280.0	LECBBAS
6124965.0	38.91330379999999	3.1355942	35000.0	1675112310.0	LECBBAS
6124965.0	38.85088380000001	3.136768799999999	35000.0	1675112340.0	LECBBAS
6124965.0	38.788436800000014	3.1380050000000006	35000.0	1675112370.0	LECBBAS
6124965.0	38.72582859999999	3.1393804	35000.0	1675112400.0	LECBBAS
6124965.0	38.6622098	3.1406429999999994	35000.0	1675112430.0	LECBBAS
6124965.0	38.59898360000001	3.1420592000000007	35000.0	1675112460.0	LECBBAS
6124965.0	38.53569379999999	3.1433068000000004	35000.0	1675112490.0	LECBBAS
6124965.0	38.47260039999999	3.144614	35000.0	1675112520.0	LECBBAS
6124965.0	38.4095776	3.1459258	35000.0	1675112550.0	LECBBAS
6124965.0	38.34671660000001	3.1471906	35000.0	1675112580.0	LECBBAS
6124965.0	38.28407459999999	3.148734599999999	35000.0	1675112610.0	LECBBAS
6124965.0	38.2214406	3.1502438	35000.0	1675112640.0	LECBBAS
6124965.0	38.158671600000005	3.1516674	35000.0	1675112670.0	LECBBAS
6124966.0	39.078807000000005	2.7594482000000005	25660.0	1675111260.0	LECBBAS
6124966.0	39.10351360000001	2.8352742000000006	26380.0	1675111290.0	LECBBAS
6124966.0	39.12868799999999	2.9125834000000004	27160.0	1675111320.0	LECBBAS
6124966.0	39.15637160000001	2.9887420000000007	27880.0	1675111350.0	LECBBAS
6124966.0	39.18606419999999	3.0647096	28480.0	1675111380.0	LECBBAS
6124966.0	39.2167764	3.1423564000000006	29080.0	1675111410.0	LECBBAS
6124966.0	39.247639	3.2203119999999994	29780.0	1675111440.0	LECBBAS
6124966.0	39.2791434	3.3001200000000006	30200.0	1675111470.0	LECBBAS
6124966.0	39.31238459999999	3.3786878	30860.0	1675111500.0	LECBBAS
6124966.0	39.35710939999999	3.4454263999999992	31500.0	1675111530.0	LECBBAS
6124966.0	39.41373960000001	3.493074600000001	32260.0	1675111560.0	LECBBAS
6124966.0	39.4707606	3.5379377999999995	33080.0	1675111590.0	LECBBAS
6124966.0	39.52735499999999	3.582731800000001	33680.0	1675111620.0	LECBBAS
6124966.0	39.584408800000006	3.628034199999999	34180.0	1675111650.0	LECBBAS
6124966.0	39.642089600000006	3.6739172	34600.0	1675111680.0	LECBBAS
6124966.0	39.700210600000005	3.7202474000000008	35080.0	1675111710.0	LECBBAS
6124966.0	39.7577062	3.7660682	35480.0	1675111740.0	LECBBAS
6124966.0	39.814439600000014	3.811452800000001	35780.0	1675111770.0	LECBBAS
6124966.0	39.87106940000001	3.8567748	36000.0	1675111800.0	LECBBAS
6124966.0	39.92740720000001	3.901932200000001	36000.0	1675111830.0	LECBMNU
6124966.0	39.98346999999999	3.9469532000000007	36000.0	1675111860.0	LECBMNU
6124966.0	40.03958480000001	3.9922692	36000.0	1675111890.0	LECBMNU
6124966.0	40.09600560000001	4.037854999999999	36000.0	1675111920.0	LECBMNU
6124966.0	40.1522592	4.083262	36000.0	1675111950.0	LECBMNU
6124966.0	40.2086432	4.128942999999999	36000.0	1675111980.0	LECBMNU
6124966.0	40.26601419999999	4.175482400000001	36000.0	1675112010.0	LECBMNU
6124966.0	40.3225718	4.221487	36000.0	1675112040.0	LECBMNU
6124966.0	40.3792318	4.267830799999999	36000.0	1675112070.0	LECBMNU
6124966.0	40.43675459999999	4.311747800000001	36000.0	1675112100.0	LECBMNU
6124966.0	40.4964154	4.348043	36000.0	1675112130.0	LECBMNU
6124966.0	40.5579388	4.375262199999999	36000.0	1675112160.0	LECBMNU
6124966.0	40.6203374	4.3950578	36000.0	1675112190.0	LECBMNU
6124966.0	40.68318580000001	4.4102416	36000.0	1675112220.0	LECBMNU
6124966.0	40.746140800000006	4.4253956	36000.0	1675112250.0	LECBMNU
6124966.0	40.80910179999999	4.440495800000002	36000.0	1675112280.0	LECBMNU
6124966.0	40.872214	4.455660599999999	36000.0	1675112310.0	LECBMNU
6124966.0	40.93571579999999	4.471037	36000.0	1675112340.0	LECBMNU
6124966.0	40.999365	4.4863948	36000.0	1675112370.0	LECBMNU
6124966.0	41.0629016	4.501734400000001	36000.0	1675112400.0	LECBMNU
6124966.0	41.1262194	4.5171646	36000.0	1675112430.0	LECBMNU
6124966.0	41.18941039999999	4.532575599999999	36000.0	1675112460.0	LECBMNU
6124966.0	41.252493400000006	4.5479824	36000.0	1675112490.0	LECBMNU
6124966.0	41.3153932	4.5633532	36000.0	1675112520.0	LECBMNU
6124966.0	41.3781142	4.5787192	36000.0	1675112550.0	LECBMNU
6124966.0	41.44081239999999	4.594116200000001	36000.0	1675112580.0	LECBMNU
6124966.0	41.50330080000001	4.6095556	36000.0	1675112610.0	LECBMNU
6124966.0	41.565681000000005	4.624891400000001	36000.0	1675112640.0	LECBMNU
6124966.0	41.6265982	4.6487784	36000.0	1675112670.0	LECBMNU
6124968.0	41.5561786	4.528424400000001	32780.0	1675111980.0	LECBMNU
6124968.0	41.6188058	4.560506199999999	33180.0	1675112010.0	LECBMNU
6124968.0	41.67607360000001	4.6096650000000015	33780.0	1675112040.0	LECBMNU
6124968.0	41.7316294	4.663316199999999	34100.0	1675112070.0	LECBMNU
6125010.0	39.06489599999999	4.0616946	36000.0	1675111170.0	LECBBAS
6125010.0	39.13064920000001	4.074484200000001	36000.0	1675111200.0	LECBBAS
6125010.0	39.19657720000001	4.0873062	36000.0	1675111230.0	LECBBAS
6125010.0	39.26249620000001	4.100038200000001	36000.0	1675111260.0	LECBBAS
6125010.0	39.328424000000005	4.112779799999999	36000.0	1675111290.0	LECBBAS
6125010.0	39.394267	4.1254696000000015	36000.0	1675111320.0	LECBBAS
6125010.0	39.4601072	4.1381732	36000.0	1675111350.0	LECBBAS
6125010.0	39.52588179999999	4.1508732	36000.0	1675111380.0	LECBBAS
6125010.0	39.59164679999999	4.163608000000002	36000.0	1675111410.0	LECBBAS
6125010.0	39.65767799999999	4.176198400000001	36000.0	1675111440.0	LECBBAS
6125010.0	39.7233188	4.188798399999999	36000.0	1675111470.0	LECBBAS
6125010.0	39.78886180000001	4.201523400000001	36000.0	1675111500.0	LECBBAS
6125010.0	39.85414760000001	4.214267400000001	36000.0	1675111530.0	LECBBAS
6125010.0	39.91917519999999	4.227711599999998	36000.0	1675111560.0	LECBBAS
6125010.0	39.9841694	4.244022600000001	36000.0	1675111590.0	LECBBAS
6125010.0	40.0491888	4.259910400000001	36000.0	1675111620.0	LECBMNU
6125010.0	40.1140796	4.275404800000001	36000.0	1675111650.0	LECBMNU
6125010.0	40.1790638	4.2905726	36000.0	1675111680.0	LECBMNU
6125010.0	40.24440260000001	4.3057692	36000.0	1675111710.0	LECBMNU
6125010.0	40.30953160000001	4.320971	36000.0	1675111740.0	LECBMNU
6125010.0	40.37521519999999	4.336411999999998	36000.0	1675111770.0	LECBMNU
6125010.0	40.44089280000001	4.3520942	36000.0	1675111800.0	LECBMNU
6125010.0	40.5065858	4.367769399999999	36000.0	1675111830.0	LECBMNU
6125010.0	40.5723058	4.383496399999999	36000.0	1675111860.0	LECBMNU
6125010.0	40.6380846	4.399233399999999	36000.0	1675111890.0	LECBMNU
6125010.0	40.703868600000014	4.4150504	36000.0	1675111920.0	LECBMNU
6125010.0	40.76963360000001	4.430921599999999	36000.0	1675111950.0	LECBMNU
6125010.0	40.83543760000001	4.446683	36000.0	1675111980.0	LECBMNU
6125010.0	40.90157660000001	4.462397000000001	36000.0	1675112010.0	LECBMNU
6125010.0	40.967399600000014	4.4780586000000016	36000.0	1675112040.0	LECBMNU
6125010.0	41.0332576	4.493868999999998	36000.0	1675112070.0	LECBMNU
6125010.0	41.09911439999999	4.509844999999999	36000.0	1675112100.0	LECBMNU
6125010.0	41.164933200000014	4.5259588	35440.0	1675112130.0	LECBMNU
6125010.0	41.23002519999999	4.541893999999999	34340.0	1675112160.0	LECBMNU
6125010.0	41.294607000000006	4.557483000000001	33240.0	1675112190.0	LECBMNU
6125013.0	39.845308800000005	4.128959400000001	37000.0	1675111170.0	LECBBAS
6125013.0	39.8308724	4.060309200000002	37000.0	1675111200.0	LECBBAS
6125013.0	39.8164272	3.9916446000000008	37000.0	1675111230.0	LECBBAS
6125013.0	39.802145800000005	3.9234438000000007	37000.0	1675111260.0	LECBBAS
6125013.0	39.7876522	3.8549522	37000.0	1675111290.0	LECBBAS
6125013.0	39.77306180000001	3.786559200000001	37000.0	1675111320.0	LECBBAS
6125013.0	39.7586614	3.7187900000000007	37000.0	1675111350.0	LECBBAS
6125013.0	39.74400480000001	3.6502456000000008	37000.0	1675111380.0	LECBBAS
6125013.0	39.72940860000001	3.5816978	37000.0	1675111410.0	LECBBAS
6125013.0	39.71469199999999	3.5129124000000007	37000.0	1675111440.0	LECBBAS
6125013.0	39.70076660000001	3.4445352	37000.0	1675111470.0	LECBBAS
6125013.0	39.69648	3.3748352000000006	37000.0	1675111500.0	LECBBAS
6125013.0	39.6931164	3.3044418000000007	37000.0	1675111530.0	LECBBAS
6125013.0	39.6901892	3.2342884	37000.0	1675111560.0	LECBBAS
6125013.0	39.68753760000001	3.164218199999999	37000.0	1675111590.0	LECBBAS
6125013.0	39.68468620000001	3.0940454	37000.0	1675111620.0	LECBBAS
6125013.0	39.68176059999999	3.023651600000001	37000.0	1675111650.0	LECBBAS
6125013.0	39.67895239999999	2.9532792	37000.0	1675111680.0	LECBBAS
6125013.0	39.6760984	2.8817812	37000.0	1675111710.0	LECBBAS
6125013.0	39.6725766	2.8082838000000008	37000.0	1675111740.0	LECBBAS
6125013.0	39.67123820000001	2.7377898000000007	37000.0	1675111770.0	LECBBAS
6125013.0	39.666181	2.667868800000001	37000.0	1675111800.0	LECBBAS
6125013.0	39.6632656	2.5958344	37000.0	1675111830.0	LECBBAS
6125013.0	39.66001119999999	2.5241362	37000.0	1675111860.0	LECBBAS
6125013.0	39.65694599999999	2.4526466	37000.0	1675111890.0	LECBBAS
6125013.0	39.65359379999999	2.3812586000000007	37000.0	1675111920.0	LECBBAS
6125013.0	39.6502766	2.3097699999999994	37000.0	1675111950.0	LECBBAS
6125013.0	39.64687520000001	2.238162000000001	37000.0	1675111980.0	LECBBAS
6125013.0	39.6434474	2.1665220000000005	37000.0	1675112010.0	LECBBAS
6125013.0	39.63992400000001	2.0944864000000005	37000.0	1675112040.0	LECBBAS
6125013.0	39.6363728	2.0227081999999994	37000.0	1675112070.0	LECBBAS
6125013.0	39.6327932	1.9508342	37000.0	1675112100.0	LECBBAS
6125024.0	39.88016340000001	4.314731400000001	35000.0	1675111170.0	LECBBAS
6125024.0	39.86810500000001	4.244413799999999	35000.0	1675111200.0	LECBBAS
6125024.0	39.85598000000001	4.174299	35000.0	1675111230.0	LECBBAS
6125024.0	39.8408714	4.1054626	35000.0	1675111260.0	LECBBAS
6125024.0	39.8257192	4.0363988000000015	35000.0	1675111290.0	LECBBAS
6125024.0	39.81084899999999	3.9674596000000006	35000.0	1675111320.0	LECBBAS
6125024.0	39.79619559999999	3.8980216	35000.0	1675111350.0	LECBBAS
6125024.0	39.781655400000005	3.8283724	35000.0	1675111380.0	LECBBAS
6125024.0	39.7670808	3.758669	35000.0	1675111410.0	LECBBAS
6125024.0	39.75207959999999	3.6881112	35000.0	1675111440.0	LECBBAS
6125024.0	39.73712519999999	3.617845200000001	35000.0	1675111470.0	LECBBAS
6125024.0	39.72210659999999	3.5476984	35000.0	1675111500.0	LECBBAS
6125024.0	39.70700599999999	3.4777058000000003	35000.0	1675111530.0	LECBBAS
6125024.0	39.690291	3.4086635999999992	35000.0	1675111560.0	LECBBAS
6125024.0	39.67107940000001	3.340650599999999	35000.0	1675111590.0	LECBBAS
6125024.0	39.651964	3.2730104	35000.0	1675111620.0	LECBBAS
6125024.0	39.63279840000001	3.2051212	35000.0	1675111650.0	LECBBAS
6125024.0	39.61348599999999	3.1373688	35000.0	1675111680.0	LECBBAS
6125024.0	39.59399800000001	3.069172	35000.0	1675111710.0	LECBBAS
6125024.0	39.5743582	3.0010096000000006	35000.0	1675111740.0	LECBBAS
6125024.0	39.55430999999999	2.9316772000000006	35000.0	1675111770.0	LECBBAS
6125024.0	39.53477779999999	2.863483000000001	35000.0	1675111800.0	LECBBAS
6125024.0	39.5152938	2.795113599999999	35000.0	1675111830.0	LECBBAS
6125024.0	39.49559960000001	2.7266524000000003	35000.0	1675111860.0	LECBBAS
6125024.0	39.4757522	2.658213800000001	35000.0	1675111890.0	LECBBAS
6125024.0	39.4557958	2.589507200000001	35000.0	1675111920.0	LECBBAS
6125024.0	39.43553320000001	2.520834	35000.0	1675111950.0	LECBBAS
6125024.0	39.415582	2.4523484	35000.0	1675111980.0	LECBBAS
6125024.0	39.39553539999999	2.3831906000000003	35000.0	1675112010.0	LECBBAS
6125024.0	39.37549799999999	2.3145292000000004	35000.0	1675112040.0	LECBBAS
6125024.0	39.35549880000001	2.246792400000001	35000.0	1675112070.0	LECBBAS
6125024.0	39.33528819999999	2.1784730000000003	35000.0	1675112100.0	LECBBAS
6125024.0	39.315256800000014	2.109976	35000.0	1675112130.0	LECBBAS
6125024.0	39.2949884	2.041314	35000.0	1675112160.0	LECBBAS
6125024.0	39.27441100000001	1.9723062	35000.0	1675112190.0	LECBBAS
6125024.0	39.2538066	1.903789	35000.0	1675112220.0	LECBBAS
6125024.0	39.233250000000005	1.8350384	35000.0	1675112250.0	LECBBAS
6125024.0	39.2127798	1.7661395999999998	35000.0	1675112280.0	LECBBAS
6125034.0	40.30523659999999	3.2121838000000005	31000.0	1675112070.0	LECBBAS
6125034.0	40.24452379999999	3.196527600000001	30720.0	1675112100.0	LECBBAS
6125034.0	40.18499199999999	3.181217399999999	30040.0	1675112130.0	LECBBAS
6125034.0	40.1256708	3.166097	29340.0	1675112160.0	LECBBAS
6125034.0	40.06673019999999	3.150988	28640.0	1675112190.0	LECBBAS
6125034.0	40.008115	3.135876000000001	27840.0	1675112220.0	LECBBAS
6125034.0	39.9502954	3.1206352	27140.0	1675112250.0	LECBBAS
6125034.0	39.89765119999999	3.091974600000001	26420.0	1675112280.0	LECBBAS
6125034.0	39.84885220000001	3.0581026	25720.0	1675112310.0	LECBBAS
6125034.0	39.800609	3.0231128000000007	24940.0	1675112340.0	LECBBAS
6125035.0	39.013026800000006	1.8040444	34000.0	1675112160.0	LECBBAS
6125035.0	39.037038200000005	1.8861144	34000.0	1675112190.0	LECBBAS
6125035.0	39.0609616	1.967974	34000.0	1675112220.0	LECBBAS
6125035.0	39.084692800000006	2.0496724000000004	34000.0	1675112250.0	LECBBAS
6125035.0	39.10832520000001	2.1313392	34000.0	1675112280.0	LECBBAS
6125035.0	39.1319406	2.2130728	34000.0	1675112310.0	LECBBAS
6125035.0	39.155406000000006	2.2947958000000006	34000.0	1675112340.0	LECBBAS
6125035.0	39.1820516	2.3726168000000007	34000.0	1675112370.0	LECBBAS
6125035.0	39.216603600000006	2.4433148000000005	34000.0	1675112400.0	LECBBAS
6125035.0	39.251167	2.513339600000001	34000.0	1675112430.0	LECBBAS
6125035.0	39.2854074	2.5833846	34000.0	1675112460.0	LECBBAS
6125035.0	39.31994000000001	2.6538089999999994	34000.0	1675112490.0	LECBBAS
6125035.0	39.35411259999999	2.724175	34000.0	1675112520.0	LECBBAS
6125035.0	39.388512000000006	2.7946804000000003	34000.0	1675112550.0	LECBBAS
6125035.0	39.4238678	2.8667352	34000.0	1675112580.0	LECBBAS
6125035.0	39.458242000000006	2.9388748	34000.0	1675112610.0	LECBBAS
6125035.0	39.4930698	3.0103560000000003	34000.0	1675112640.0	LECBBAS
6125035.0	39.5277104	3.081572199999999	34000.0	1675112670.0	LECBBAS
6125035.0	39.5620278	3.152428799999999	34000.0	1675112700.0	LECBBAS
6125043.0	39.94815879999999	4.628845400000001	45000.0	1675111170.0	LECBBAS
6125043.0	39.933742800000005	4.559898400000001	45000.0	1675111200.0	LECBBAS
6125043.0	39.919596600000006	4.490751199999999	45000.0	1675111230.0	LECBBAS
6125043.0	39.905511800000006	4.421700999999999	45000.0	1675111260.0	LECBBAS
6125043.0	39.89144360000001	4.352589000000002	45000.0	1675111290.0	LECBBAS
6125043.0	39.877235000000006	4.283504199999999	45000.0	1675111320.0	LECBBAS
6125043.0	39.862892200000005	4.21436	45000.0	1675111350.0	LECBBAS
6125043.0	39.8484932	4.145195	45000.0	1675111380.0	LECBBAS
6125043.0	39.83401080000001	4.0759048	45000.0	1675111410.0	LECBBAS
6125043.0	39.8194132	4.0063798	45000.0	1675111440.0	LECBBAS
6125043.0	39.804926	3.937507	45000.0	1675111470.0	LECBBAS
6125043.0	39.7903332	3.8682922	45000.0	1675111500.0	LECBBAS
6125043.0	39.775739	3.7990934	45000.0	1675111530.0	LECBBAS
6125043.0	39.7609258	3.7300072	45000.0	1675111560.0	LECBBAS
6125043.0	39.746123200000014	3.6609472000000007	45000.0	1675111590.0	LECBBAS
6125043.0	39.7313258	3.591770999999999	45000.0	1675111620.0	LECBBAS
6125043.0	39.716536600000005	3.52252	45000.0	1675111650.0	LECBBAS
6125043.0	39.701638	3.4532572	45000.0	1675111680.0	LECBBAS
6125043.0	39.69688539999999	3.380842	45000.0	1675111710.0	LECBBAS
6125043.0	39.6933774	3.308608800000001	45000.0	1675111740.0	LECBBAS
6125043.0	39.6901796	3.2362228	45000.0	1675111770.0	LECBBAS
6125043.0	39.68709619999999	3.1637611999999997	45000.0	1675111800.0	LECBBAS
6125043.0	39.684359400000005	3.0915104	45000.0	1675111830.0	LECBBAS
6125043.0	39.68155719999999	3.0192374	45000.0	1675111860.0	LECBBAS
6125043.0	39.67817420000001	2.9466756	45000.0	1675111890.0	LECBBAS
6125043.0	39.6748762	2.8738896000000005	45000.0	1675111920.0	LECBBAS
6125043.0	39.67183900000001	2.8013377999999998	45000.0	1675111950.0	LECBBAS
6125043.0	39.66851359999999	2.7292344	45000.0	1675111980.0	LECBBAS
6125043.0	39.66515480000001	2.65567	45000.0	1675112010.0	LECBBAS
6125043.0	39.6623816	2.5842572	45000.0	1675112040.0	LECBBAS
6125043.0	39.659136	2.5110244	45000.0	1675112070.0	LECBBAS
6125043.0	39.65591959999999	2.4384722000000005	45000.0	1675112100.0	LECBBAS
6125043.0	39.65258220000001	2.3652430000000004	45000.0	1675112130.0	LECBBAS
6125043.0	39.64930240000001	2.2920952	45000.0	1675112160.0	LECBBAS
6125043.0	39.64581100000001	2.2191630000000004	45000.0	1675112190.0	LECBBAS
6125043.0	39.64225959999999	2.1467979999999995	45000.0	1675112220.0	LECBBAS
6125043.0	39.63866019999999	2.0739228	45000.0	1675112250.0	LECBBAS
6125043.0	39.63505359999999	2.0008048	45000.0	1675112280.0	LECBBAS
6125043.0	39.63143840000001	1.9274614	45000.0	1675112310.0	LECBBAS
6125055.0	40.26988659999999	3.3783118000000005	24820.0	1675112220.0	LECBBAS
6125067.0	39.3871506	1.822691	34580.0	1675112310.0	LECBBAS
6125067.0	39.39011859999999	1.9117226000000005	35180.0	1675112340.0	LECBBAS
6125067.0	39.39304139999999	2.0009900000000003	35780.0	1675112370.0	LECBBAS
6125067.0	39.39581720000001	2.090129	36380.0	1675112400.0	LECBBAS
6125067.0	39.39861579999999	2.1785068	36980.0	1675112430.0	LECBBAS
6125067.0	39.40124900000001	2.266750799999999	37480.0	1675112460.0	LECBBAS
6125067.0	39.41010940000001	2.3534818	37900.0	1675112490.0	LECBBAS
6125067.0	39.42974099999999	2.4376870000000004	38000.0	1675112520.0	LECBBAS
6125067.0	39.4508012	2.5212908	38000.0	1675112550.0	LECBBAS
6125067.0	39.47192860000001	2.606194800000001	38000.0	1675112580.0	LECBBAS
6125067.0	39.49300200000001	2.6911188000000004	38000.0	1675112610.0	LECBBAS
6125067.0	39.513637	2.7757613999999995	38000.0	1675112640.0	LECBBAS
6125067.0	39.53413659999999	2.8601204000000005	38000.0	1675112670.0	LECBBAS
6125067.0	39.55409800000001	2.9437181999999997	38000.0	1675112700.0	LECBBAS
6125071.0	39.9524454	4.6447026	37000.0	1675111380.0	LECBBAS
6125071.0	39.938507400000006	4.575571400000001	37000.0	1675111410.0	LECBBAS
6125071.0	39.92411599999999	4.506223	37000.0	1675111440.0	LECBBAS
6125071.0	39.90964579999999	4.437216599999999	37000.0	1675111470.0	LECBBAS
6125071.0	39.895247200000014	4.368199	37000.0	1675111500.0	LECBBAS
6125071.0	39.8807938	4.2992044	37000.0	1675111530.0	LECBBAS
6125071.0	39.86637959999999	4.230180399999998	37000.0	1675111560.0	LECBBAS
6125071.0	39.8519642	4.161077000000001	37000.0	1675111590.0	LECBBAS
6125071.0	39.8375318	4.0919372	37000.0	1675111620.0	LECBBAS
6125071.0	39.82303800000001	4.022811799999999	37000.0	1675111650.0	LECBBAS
6125071.0	39.8086038	3.954158799999999	37000.0	1675111680.0	LECBBAS
6125071.0	39.79398519999999	3.8849184	37000.0	1675111710.0	LECBBAS
6125071.0	39.7794432	3.816173	37000.0	1675111740.0	LECBBAS
6125071.0	39.76489760000001	3.7475778	37000.0	1675111770.0	LECBBAS
6125071.0	39.7503402	3.6789726000000007	37000.0	1675111800.0	LECBBAS
6125071.0	39.73567379999999	3.6103498000000007	37000.0	1675111830.0	LECBBAS
6125071.0	39.7209314	3.5415632	37000.0	1675111860.0	LECBBAS
6125071.0	39.70622820000001	3.472496799999999	37000.0	1675111890.0	LECBBAS
6125071.0	39.69757879999999	3.4016418	37000.0	1675111920.0	LECBBAS
6125071.0	39.69418519999999	3.3302605999999995	37000.0	1675111950.0	LECBBAS
6125071.0	39.69152579999999	3.2590286	37000.0	1675111980.0	LECBBAS
6125071.0	39.688875200000005	3.1876827999999997	37000.0	1675112010.0	LECBBAS
6125071.0	39.68607679999999	3.1160528000000007	37000.0	1675112040.0	LECBBAS
6125071.0	39.68315139999999	3.0443693999999994	37000.0	1675112070.0	LECBBAS
6125071.0	39.68054239999999	2.9731890000000005	37000.0	1675112100.0	LECBBAS
6125071.0	39.6777492	2.9016763999999995	37000.0	1675112130.0	LECBBAS
6125071.0	39.67404479999999	2.8298082000000004	37000.0	1675112160.0	LECBBAS
6125071.0	39.67020539999999	2.7568783999999997	37000.0	1675112190.0	LECBBAS
6125071.0	39.6672562	2.6849562	37000.0	1675112220.0	LECBBAS
6125071.0	39.6640826	2.612707	37000.0	1675112250.0	LECBBAS
6125071.0	39.6609112	2.540831200000001	37000.0	1675112280.0	LECBBAS
6125071.0	39.65768660000001	2.4681467999999995	37000.0	1675112310.0	LECBBAS
6125071.0	39.65456299999999	2.3955088	37000.0	1675112340.0	LECBBAS
6125071.0	39.65114459999999	2.3235292000000007	37000.0	1675112370.0	LECBBAS
6125071.0	39.64764819999999	2.251645999999999	37000.0	1675112400.0	LECBBAS
6125071.0	39.6441336	2.1799042	37000.0	1675112430.0	LECBBAS
6125071.0	39.64067440000001	2.10786	37000.0	1675112460.0	LECBBAS
6125071.0	39.637151	2.035122199999999	37000.0	1675112490.0	LECBBAS
6125071.0	39.63355140000001	1.9629616	37000.0	1675112520.0	LECBBAS
6125073.0	38.5155772	3.9566938	29880.0	1675111410.0	LECBBAS
6125073.0	38.5827718	3.9689284	30580.0	1675111440.0	LECBBAS
6125073.0	38.650104600000006	3.981598	31180.0	1675111470.0	LECBBAS
6125073.0	38.71700640000001	3.9941144	31880.0	1675111500.0	LECBBAS
6125073.0	38.7838126	4.006878	32580.0	1675111530.0	LECBBAS
6125073.0	38.8504034	4.019825400000001	33280.0	1675111560.0	LECBBAS
6125073.0	38.9168264	4.0325702	33880.0	1675111590.0	LECBBAS
6125073.0	38.9832744	4.045389600000001	34000.0	1675111620.0	LECBBAS
6125073.0	39.04958500000001	4.058370600000002	34000.0	1675111650.0	LECBBAS
6125073.0	39.1159782	4.071890400000001	34000.0	1675111680.0	LECBBAS
6125073.0	39.18239439999999	4.085099799999999	34000.0	1675111710.0	LECBBAS
6125073.0	39.24830199999999	4.097787600000001	34000.0	1675111740.0	LECBBAS
6125073.0	39.3140942	4.110285999999999	34000.0	1675111770.0	LECBBAS
6125073.0	39.3796978	4.1227246	34000.0	1675111800.0	LECBBAS
6125073.0	39.445395000000005	4.1353002	34000.0	1675111830.0	LECBBAS
6125073.0	39.511237	4.1479542	34000.0	1675111860.0	LECBBAS
6125073.0	39.57724399999999	4.160701800000001	34000.0	1675111890.0	LECBBAS
6125073.0	39.64365220000001	4.1735006000000014	34000.0	1675111920.0	LECBBAS
6125073.0	39.710055	4.1864432	34000.0	1675111950.0	LECBBAS
6125073.0	39.7762398	4.199562599999999	34000.0	1675111980.0	LECBBAS
6125073.0	39.84257440000001	4.2126898000000015	34000.0	1675112010.0	LECBBAS
6125073.0	39.90868460000001	4.225868999999999	34000.0	1675112040.0	LECBBAS
6125073.0	39.97430919999999	4.242198200000002	34000.0	1675112070.0	LECBBAS
6125073.0	40.040229	4.2582222	34000.0	1675112100.0	LECBMNU
6125073.0	40.10623499999999	4.274152200000001	34000.0	1675112130.0	LECBMNU
6125073.0	40.17241819999999	4.289736200000001	34000.0	1675112160.0	LECBMNU
6125073.0	40.2389862	4.305260399999999	34000.0	1675112190.0	LECBMNU
6125073.0	40.30563920000001	4.3207466000000005	34000.0	1675112220.0	LECBMNU
6125073.0	40.37217579999999	4.336469800000001	34000.0	1675112250.0	LECBMNU
6125073.0	40.4373608	4.351940799999999	34000.0	1675112280.0	LECBMNU
6125073.0	40.5023206	4.367271000000001	34000.0	1675112310.0	LECBMNU
6125073.0	40.56707864864864	4.382620245945947	34000.0	1675112340.0	LECBMNU
6125073.0	40.63165081081076	4.398217732432439	34000.0	1675112370.0	LECBMNU
6125073.0	40.69622297297288	4.413815218918931	34000.0	1675112400.0	LECBMNU
6125073.0	40.760795135135005	4.429412705405422	34000.0	1675112430.0	LECBMNU
6125073.0	40.82536729729713	4.445010191891914	34000.0	1675112460.0	LECBMNU
6125073.0	40.88993945945925	4.460607678378405	34000.0	1675112490.0	LECBMNU
6125073.0	40.95451162162137	4.476205164864897	34000.0	1675112520.0	LECBMNU
6125073.0	41.01908378378349	4.491802651351389	34000.0	1675112550.0	LECBMNU
6125073.0	41.083655945945615	4.50740013783788	34000.0	1675112580.0	LECBMNU
6125073.0	41.14822810810774	4.522997624324372	34000.0	1675112610.0	LECBMNU
6125073.0	41.21280027026986	4.538595110810864	34000.0	1675112640.0	LECBMNU
6125073.0	41.27737243243198	4.554192597297355	34000.0	1675112670.0	LECBMNU
6125073.0	41.3419445945941	4.569790083783847	34000.0	1675112700.0	LECBMNU
6125090.0	41.06447659999999	4.594252	37000.0	1675111560.0	LECBMNU
6125090.0	41.072451	4.5230060000000005	37000.0	1675111590.0	LECBMNU
6125090.0	41.08017359999999	4.4516534	37000.0	1675111620.0	LECBMNU
6125090.0	41.08776879999999	4.380261000000001	37000.0	1675111650.0	LECBMNU
6125090.0	41.09540819999999	4.308551400000001	37000.0	1675111680.0	LECBMNU
6125090.0	41.10299440000001	4.236960199999999	37000.0	1675111710.0	LECBMNU
6125090.0	41.11933540000001	4.166795600000001	37000.0	1675111740.0	LECBMNU
6125090.0	41.13542679999999	4.0971964	37000.0	1675111770.0	LECBMNU
6125090.0	41.15097140000001	4.027853999999999	37000.0	1675111800.0	LECBMNU
6125090.0	41.166686000000006	3.9581565999999992	37000.0	1675111830.0	LECBMNU
6125091.0	40.77874859999999	4.432995399999999	32980.0	1675112550.0	LECBMNU
6125091.0	40.840385000000005	4.447885599999999	33880.0	1675112580.0	LECBMNU
6125091.0	40.900883	4.462530599999999	34500.0	1675112610.0	LECBMNU
6125091.0	40.961768000000006	4.4771608	34980.0	1675112640.0	LECBMNU
6125091.0	41.0230122	4.491793199999999	35580.0	1675112670.0	LECBMNU
6125091.0	41.0848536	4.506805399999999	35700.0	1675112700.0	LECBMNU
6125098.0	41.63714279999999	4.056966199999999	32960.0	1675112520.0	LECBMNU
6125098.0	41.652603	4.155641599999998	33880.0	1675112550.0	LECBMNU
6125098.0	41.6687282	4.253838200000001	34580.0	1675112580.0	LECBMNU
6125098.0	41.69920219999999	4.345312800000001	35000.0	1675112610.0	LECBMNU
6125098.0	41.74144860000001	4.425850799999999	35000.0	1675112640.0	LECBMNU
6125098.0	41.79193520000001	4.496672399999999	35000.0	1675112670.0	LECBMNU
6125098.0	41.84189859999999	4.568086000000001	35000.0	1675112700.0	LECBMNU
6125182.0	39.94706979999999	4.617975400000001	35000.0	1675112190.0	LECBBAS
6125182.0	39.9316966	4.5486048000000014	35000.0	1675112220.0	LECBBAS
6125182.0	39.9173062	4.478874800000001	35000.0	1675112250.0	LECBBAS
6125182.0	39.903066	4.409210999999998	35000.0	1675112280.0	LECBBAS
6125182.0	39.88876140000001	4.3395784000000015	35000.0	1675112310.0	LECBBAS
6125182.0	39.8744198	4.270055400000001	35000.0	1675112340.0	LECBBAS
6125182.0	39.85985960000001	4.2004102	35000.0	1675112370.0	LECBBAS
6125182.0	39.84526599999999	4.131039199999999	35000.0	1675112400.0	LECBBAS
6125182.0	39.83075359999999	4.061719600000002	35000.0	1675112430.0	LECBBAS
6125182.0	39.8162932	3.9922884	35000.0	1675112460.0	LECBBAS
6125182.0	39.80177559999999	3.923018200000001	35000.0	1675112490.0	LECBBAS
6125182.0	39.786955600000006	3.8528151999999993	35000.0	1675112520.0	LECBBAS
6125182.0	39.77209400000001	3.782657999999999	35000.0	1675112550.0	LECBBAS
6125182.0	39.7571384	3.7122554	35000.0	1675112580.0	LECBBAS
6125182.0	39.74166219999999	3.640284	35000.0	1675112610.0	LECBBAS
6125182.0	39.7264808	3.569345400000001	35000.0	1675112640.0	LECBBAS
6125182.0	39.71138399999999	3.4981074	35000.0	1675112670.0	LECBBAS
6125182.0	39.69971080000001	3.4255800000000005	35000.0	1675112700.0	LECBBAS
6125186.0	38.50302740000001	3.953182199999999	33680.0	1675112220.0	LECBBAS
6125186.0	38.5687104	3.967602	34380.0	1675112250.0	LECBBAS
6125186.0	38.63322200000001	3.979276600000001	34780.0	1675112280.0	LECBBAS
6125186.0	38.6974906	3.9917659999999993	35100.0	1675112310.0	LECBBAS
6125186.0	38.760993600000006	4.003614600000001	35580.0	1675112340.0	LECBBAS
6125186.0	38.82480980000001	4.015464000000001	35900.0	1675112370.0	LECBBAS
6125186.0	38.8886354	4.0275764	36000.0	1675112400.0	LECBBAS
6125186.0	38.95284960000001	4.039872599999999	36000.0	1675112430.0	LECBBAS
6125186.0	39.01680659999999	4.052092999999999	36000.0	1675112460.0	LECBBAS
6125186.0	39.08073380000001	4.0642890000000005	36000.0	1675112490.0	LECBBAS
6125186.0	39.144653600000005	4.07659	36000.0	1675112520.0	LECBBAS
6125186.0	39.20856819999999	4.089064400000002	36000.0	1675112550.0	LECBBAS
6125186.0	39.2724996	4.101552199999999	36000.0	1675112580.0	LECBBAS
6125186.0	39.3364446	4.113977999999999	36000.0	1675112610.0	LECBBAS
6125186.0	39.40024519999999	4.126393000000001	36000.0	1675112640.0	LECBBAS
6125186.0	39.4640704	4.138897799999999	36000.0	1675112670.0	LECBBAS
6125186.0	39.5276822	4.151344999999999	36000.0	1675112700.0	LECBBAS
